Name,Pop,Desc_,Attr_Date,Metric,Value,Rep_Date,ObjectId
Colorado,5763976,Weekly COVID-19 PCR Test Data From Clinical Laboratories,02/23/2020,People Tested at CDPHE State Lab,6,04/11/2021,1
Colorado,5763976,Weekly COVID-19 PCR Test Data From Clinical Laboratories,02/23/2020,People Tested at Non-CDPHE (Commerical) Labs,0,04/11/2021,2
Colorado,5763976,Weekly COVID-19 PCR Test Data From Clinical Laboratories,02/23/2020,Weekly Percent Positivity,0,04/11/2021,3
Colorado,5763976,Weekly COVID-19 PCR Test Data From Clinical Laboratories,02/23/2020,Cumulative People Tested at CDPHE State Lab,6,04/11/2021,4
Colorado,5763976,Weekly COVID-19 PCR Test Data From Clinical Laboratories,02/23/2020,Cumulative People Tested at Non-CDPHE (Commerical) Labs,0,04/11/2021,5
Colorado,5763976,Daily COVID-19 PCR Test Data From Clinical Laboratories,02/29/2020,Percent Positivity,0,04/11/2021,6
Colorado,5763976,Daily COVID-19 PCR Test Data From Clinical Laboratories,02/29/2020,People Tested at CDPHE State Lab,6,04/11/2021,7
Colorado,5763976,Daily COVID-19 PCR Test Data From Clinical Laboratories,02/29/2020,People Tested at Non-CDPHE (Commerical) Labs,0,04/11/2021,8
Colorado,5763976,Daily COVID-19 PCR Test Data From Clinical Laboratories,02/29/2020,Cumulative People Tested at CDPHE State Lab,6,04/11/2021,9
Colorado,5763976,Daily COVID-19 PCR Test Data From Clinical Laboratories,02/29/2020,Cumulative People Tested at Non-CDPHE (Commerical) Labs,0,04/11/2021,10
Colorado,5763976,Daily COVID-19 PCR Test Data From Clinical Laboratories,03/01/2020,Percent Positivity,0,04/11/2021,11
Colorado,5763976,Daily COVID-19 PCR Test Data From Clinical Laboratories,03/01/2020,People Tested at CDPHE State Lab,2,04/11/2021,12
Colorado,5763976,Daily COVID-19 PCR Test Data From Clinical Laboratories,03/01/2020,People Tested at Non-CDPHE (Commerical) Labs,0,04/11/2021,13
Colorado,5763976,Daily COVID-19 PCR Test Data From Clinical Laboratories,03/01/2020,Cumulative People Tested at CDPHE State Lab,8,04/11/2021,14
Colorado,5763976,Daily COVID-19 PCR Test Data From Clinical Laboratories,03/01/2020,Cumulative People Tested at Non-CDPHE (Commerical) Labs,0,04/11/2021,15
Colorado,5763976,Weekly COVID-19 PCR Test Data From Clinical Laboratories,03/01/2020,People Tested at CDPHE State Lab,91,04/11/2021,16
Colorado,5763976,Weekly COVID-19 PCR Test Data From Clinical Laboratories,03/01/2020,People Tested at Non-CDPHE (Commerical) Labs,0,04/11/2021,17
Colorado,5763976,Weekly COVID-19 PCR Test Data From Clinical Laboratories,03/01/2020,Weekly Percent Positivity,0.077,04/11/2021,18
Colorado,5763976,Weekly COVID-19 PCR Test Data From Clinical Laboratories,03/01/2020,Cumulative People Tested at CDPHE State Lab,97,04/11/2021,19
Colorado,5763976,Weekly COVID-19 PCR Test Data From Clinical Laboratories,03/01/2020,Cumulative People Tested at Non-CDPHE (Commerical) Labs,0,04/11/2021,20
Colorado,5763976,Weekly COVID-19 PCR Test Data From Clinical Laboratories,03/01/2020,Percent Change in Weekly Positivity,,04/11/2021,21
Colorado,5763976,Daily COVID-19 PCR Test Data From Clinical Laboratories,03/02/2020,People Tested at CDPHE State Lab,0,04/11/2021,22
Colorado,5763976,Daily COVID-19 PCR Test Data From Clinical Laboratories,03/02/2020,People Tested at Non-CDPHE (Commerical) Labs,0,04/11/2021,23
Colorado,5763976,Daily COVID-19 PCR Test Data From Clinical Laboratories,03/02/2020,Cumulative People Tested at CDPHE State Lab,8,04/11/2021,24
Colorado,5763976,Daily COVID-19 PCR Test Data From Clinical Laboratories,03/02/2020,Cumulative People Tested at Non-CDPHE (Commerical) Labs,0,04/11/2021,25
Colorado,5763976,Daily COVID-19 PCR Test Data From Clinical Laboratories,03/02/2020,3-Day Average Percent Positivity,0,04/11/2021,26
Colorado,5763976,Daily COVID-19 PCR Test Data From Clinical Laboratories,03/03/2020,Percent Positivity,0,04/11/2021,27
Colorado,5763976,Daily COVID-19 PCR Test Data From Clinical Laboratories,03/03/2020,People Tested at CDPHE State Lab,5,04/11/2021,28
Colorado,5763976,Daily COVID-19 PCR Test Data From Clinical Laboratories,03/03/2020,People Tested at Non-CDPHE (Commerical) Labs,0,04/11/2021,29
Colorado,5763976,Daily COVID-19 PCR Test Data From Clinical Laboratories,03/03/2020,Cumulative People Tested at CDPHE State Lab,13,04/11/2021,30
Colorado,5763976,Daily COVID-19 PCR Test Data From Clinical Laboratories,03/03/2020,Cumulative People Tested at Non-CDPHE (Commerical) Labs,0,04/11/2021,31
Colorado,5763976,Daily COVID-19 PCR Test Data From Clinical Laboratories,03/03/2020,3-Day Average Percent Positivity,0,04/11/2021,32
Colorado,5763976,Daily COVID-19 PCR Test Data From Clinical Laboratories,03/04/2020,Percent Positivity,0,04/11/2021,33
Colorado,5763976,Daily COVID-19 PCR Test Data From Clinical Laboratories,03/04/2020,People Tested at CDPHE State Lab,12,04/11/2021,34
Colorado,5763976,Daily COVID-19 PCR Test Data From Clinical Laboratories,03/04/2020,People Tested at Non-CDPHE (Commerical) Labs,0,04/11/2021,35
Colorado,5763976,Daily COVID-19 PCR Test Data From Clinical Laboratories,03/04/2020,Cumulative People Tested at CDPHE State Lab,25,04/11/2021,36
Colorado,5763976,Daily COVID-19 PCR Test Data From Clinical Laboratories,03/04/2020,Cumulative People Tested at Non-CDPHE (Commerical) Labs,0,04/11/2021,37
Colorado,5763976,Daily COVID-19 PCR Test Data From Clinical Laboratories,03/04/2020,3-Day Average Percent Positivity,0,04/11/2021,38
Colorado,5763976,Daily COVID-19 PCR Test Data From Clinical Laboratories,03/05/2020,People Tested at CDPHE State Lab,0,04/11/2021,39
Colorado,5763976,Daily COVID-19 PCR Test Data From Clinical Laboratories,03/05/2020,People Tested at Non-CDPHE (Commerical) Labs,0,04/11/2021,40
Colorado,5763976,Daily COVID-19 PCR Test Data From Clinical Laboratories,03/05/2020,Cumulative People Tested at CDPHE State Lab,25,04/11/2021,41
Colorado,5763976,Daily COVID-19 PCR Test Data From Clinical Laboratories,03/05/2020,Cumulative People Tested at Non-CDPHE (Commerical) Labs,0,04/11/2021,42
Colorado,5763976,Daily COVID-19 PCR Test Data From Clinical Laboratories,03/05/2020,3-Day Average Percent Positivity,0,04/11/2021,43
Colorado,5763976,Daily COVID-19 PCR Test Data From Clinical Laboratories,03/06/2020,Percent Positivity,0.088,04/11/2021,44
Colorado,5763976,Daily COVID-19 PCR Test Data From Clinical Laboratories,03/06/2020,People Tested at CDPHE State Lab,34,04/11/2021,45
Colorado,5763976,Daily COVID-19 PCR Test Data From Clinical Laboratories,03/06/2020,People Tested at Non-CDPHE (Commerical) Labs,0,04/11/2021,46
Colorado,5763976,Daily COVID-19 PCR Test Data From Clinical Laboratories,03/06/2020,Cumulative People Tested at CDPHE State Lab,59,04/11/2021,47
Colorado,5763976,Daily COVID-19 PCR Test Data From Clinical Laboratories,03/06/2020,Cumulative People Tested at Non-CDPHE (Commerical) Labs,0,04/11/2021,48
Colorado,5763976,Daily COVID-19 PCR Test Data From Clinical Laboratories,03/06/2020,7-Day Average Percent Positivity,0.051,04/11/2021,49
Colorado,5763976,Daily COVID-19 PCR Test Data From Clinical Laboratories,03/06/2020,3-Day Average Percent Positivity,0.065,04/11/2021,50
Colorado,5763976,Daily COVID-19 PCR Test Data From Clinical Laboratories,03/13/2020,People Tested at Non-CDPHE (Commerical) Labs,48,04/11/2021,51
Colorado,5763976,Daily COVID-19 PCR Test Data From Clinical Laboratories,03/13/2020,Cumulative People Tested at CDPHE State Lab,626,04/11/2021,52
Colorado,5763976,Daily COVID-19 PCR Test Data From Clinical Laboratories,03/13/2020,Cumulative People Tested at Non-CDPHE (Commerical) Labs,75,04/11/2021,53
Colorado,5763976,Daily COVID-19 PCR Test Data From Clinical Laboratories,03/13/2020,7-Day Average Percent Positivity,0.089,04/11/2021,54
Colorado,5763976,Daily COVID-19 PCR Test Data From Clinical Laboratories,03/13/2020,3-Day Average Percent Positivity,0.102,04/11/2021,55
Colorado,5763976,Daily COVID-19 PCR Test Data From Clinical Laboratories,03/14/2020,Percent Positivity,0.122,04/11/2021,56
Colorado,5763976,Daily COVID-19 PCR Test Data From Clinical Laboratories,03/14/2020,People Tested at CDPHE State Lab,154,04/11/2021,57
Colorado,5763976,Daily COVID-19 PCR Test Data From Clinical Laboratories,03/14/2020,People Tested at Non-CDPHE (Commerical) Labs,35,04/11/2021,58
Colorado,5763976,Daily COVID-19 PCR Test Data From Clinical Laboratories,03/14/2020,Cumulative People Tested at CDPHE State Lab,780,04/11/2021,59
Colorado,5763976,Daily COVID-19 PCR Test Data From Clinical Laboratories,03/14/2020,Cumulative People Tested at Non-CDPHE (Commerical) Labs,110,04/11/2021,60
Colorado,5763976,Daily COVID-19 PCR Test Data From Clinical Laboratories,03/14/2020,7-Day Average Percent Positivity,0.096,04/11/2021,61
Colorado,5763976,Daily COVID-19 PCR Test Data From Clinical Laboratories,03/14/2020,3-Day Average Percent Positivity,0.114,04/11/2021,62
Colorado,5763976,Daily COVID-19 PCR Test Data From Clinical Laboratories,03/15/2020,Percent Positivity,0.091,04/11/2021,63
Colorado,5763976,Daily COVID-19 PCR Test Data From Clinical Laboratories,03/15/2020,People Tested at CDPHE State Lab,260,04/11/2021,64
Colorado,5763976,Daily COVID-19 PCR Test Data From Clinical Laboratories,03/15/2020,People Tested at Non-CDPHE (Commerical) Labs,46,04/11/2021,65
Colorado,5763976,Daily COVID-19 PCR Test Data From Clinical Laboratories,03/15/2020,Cumulative People Tested at CDPHE State Lab,1040,04/11/2021,66
Colorado,5763976,Daily COVID-19 PCR Test Data From Clinical Laboratories,03/15/2020,Cumulative People Tested at Non-CDPHE (Commerical) Labs,156,04/11/2021,67
Colorado,5763976,Daily COVID-19 PCR Test Data From Clinical Laboratories,03/15/2020,7-Day Average Percent Positivity,0.097,04/11/2021,68
Colorado,5763976,Daily COVID-19 PCR Test Data From Clinical Laboratories,03/15/2020,3-Day Average Percent Positivity,0.105,04/11/2021,69
Colorado,5763976,Weekly COVID-19 PCR Test Data From Clinical Laboratories,03/15/2020,People Tested at CDPHE State Lab,3600,04/11/2021,70
Colorado,5763976,Weekly COVID-19 PCR Test Data From Clinical Laboratories,03/15/2020,People Tested at Non-CDPHE (Commerical) Labs,1785,04/11/2021,71
Colorado,5763976,Weekly COVID-19 PCR Test Data From Clinical Laboratories,03/15/2020,Weekly Percent Positivity,0.104,04/11/2021,72
Colorado,5763976,Weekly COVID-19 PCR Test Data From Clinical Laboratories,03/15/2020,Cumulative People Tested at CDPHE State Lab,4380,04/11/2021,73
Colorado,5763976,Weekly COVID-19 PCR Test Data From Clinical Laboratories,03/15/2020,Cumulative People Tested at Non-CDPHE (Commerical) Labs,1895,04/11/2021,74
Colorado,5763976,Weekly COVID-19 PCR Test Data From Clinical Laboratories,03/15/2020,Percent Change in Weekly Positivity,0.08,04/11/2021,75
Colorado,5763976,Daily COVID-19 PCR Test Data From Clinical Laboratories,03/16/2020,Percent Positivity,0.091,04/11/2021,76
Colorado,5763976,Daily COVID-19 PCR Test Data From Clinical Laboratories,03/16/2020,People Tested at CDPHE State Lab,361,04/11/2021,77
Colorado,5763976,Daily COVID-19 PCR Test Data From Clinical Laboratories,03/16/2020,People Tested at Non-CDPHE (Commerical) Labs,134,04/11/2021,78
Colorado,5763976,Daily COVID-19 PCR Test Data From Clinical Laboratories,03/16/2020,Cumulative People Tested at CDPHE State Lab,1401,04/11/2021,79
Colorado,5763976,Daily COVID-19 PCR Test Data From Clinical Laboratories,03/16/2020,Cumulative People Tested at Non-CDPHE (Commerical) Labs,290,04/11/2021,80
Colorado,5763976,Daily COVID-19 PCR Test Data From Clinical Laboratories,03/16/2020,7-Day Average Percent Positivity,0.096,04/11/2021,81
Colorado,5763976,Daily COVID-19 PCR Test Data From Clinical Laboratories,03/16/2020,3-Day Average Percent Positivity,0.097,04/11/2021,82
Colorado,5763976,Daily COVID-19 PCR Test Data From Clinical Laboratories,03/17/2020,Percent Positivity,0.082,04/11/2021,83
Colorado,5763976,Daily COVID-19 PCR Test Data From Clinical Laboratories,03/17/2020,People Tested at CDPHE State Lab,654,04/11/2021,84
Colorado,5763976,Daily COVID-19 PCR Test Data From Clinical Laboratories,03/17/2020,People Tested at Non-CDPHE (Commerical) Labs,124,04/11/2021,85
Colorado,5763976,Daily COVID-19 PCR Test Data From Clinical Laboratories,03/17/2020,Cumulative People Tested at CDPHE State Lab,2055,04/11/2021,86
Colorado,5763976,Daily COVID-19 PCR Test Data From Clinical Laboratories,03/17/2020,Cumulative People Tested at Non-CDPHE (Commerical) Labs,414,04/11/2021,87
Colorado,5763976,Daily COVID-19 PCR Test Data From Clinical Laboratories,03/17/2020,7-Day Average Percent Positivity,0.093,04/11/2021,88
Colorado,5763976,Daily COVID-19 PCR Test Data From Clinical Laboratories,03/17/2020,3-Day Average Percent Positivity,0.087,04/11/2021,89
Colorado,5763976,Daily COVID-19 PCR Test Data From Clinical Laboratories,03/18/2020,Percent Positivity,0.12,04/11/2021,90
Colorado,5763976,Daily COVID-19 PCR Test Data From Clinical Laboratories,03/18/2020,People Tested at CDPHE State Lab,358,04/11/2021,91
Colorado,5763976,Daily COVID-19 PCR Test Data From Clinical Laboratories,03/18/2020,People Tested at Non-CDPHE (Commerical) Labs,223,04/11/2021,92
Colorado,5763976,Daily COVID-19 PCR Test Data From Clinical Laboratories,03/18/2020,Cumulative People Tested at CDPHE State Lab,2413,04/11/2021,93
Colorado,5763976,Daily COVID-19 PCR Test Data From Clinical Laboratories,03/18/2020,Cumulative People Tested at Non-CDPHE (Commerical) Labs,637,04/11/2021,94
Colorado,5763976,Daily COVID-19 PCR Test Data From Clinical Laboratories,03/18/2020,7-Day Average Percent Positivity,0.1,04/11/2021,95
Colorado,5763976,Daily COVID-19 PCR Test Data From Clinical Laboratories,03/18/2020,3-Day Average Percent Positivity,0.097,04/11/2021,96
Colorado,5763976,Daily COVID-19 PCR Test Data From Clinical Laboratories,03/19/2020,Percent Positivity,0.11,04/11/2021,97
Colorado,5763976,Daily COVID-19 PCR Test Data From Clinical Laboratories,03/19/2020,People Tested at CDPHE State Lab,565,04/11/2021,98
Colorado,5763976,Daily COVID-19 PCR Test Data From Clinical Laboratories,03/19/2020,People Tested at Non-CDPHE (Commerical) Labs,311,04/11/2021,99
Colorado,5763976,Daily COVID-19 PCR Test Data From Clinical Laboratories,03/19/2020,Cumulative People Tested at CDPHE State Lab,2978,04/11/2021,100
Colorado,5763976,Daily COVID-19 PCR Test Data From Clinical Laboratories,03/25/2020,3-Day Average Percent Positivity,0.149,04/11/2021,101
Colorado,5763976,Daily COVID-19 PCR Test Data From Clinical Laboratories,03/26/2020,Percent Positivity,0.177,04/11/2021,102
Colorado,5763976,Daily COVID-19 PCR Test Data From Clinical Laboratories,03/26/2020,People Tested at CDPHE State Lab,555,04/11/2021,103
Colorado,5763976,Daily COVID-19 PCR Test Data From Clinical Laboratories,03/26/2020,People Tested at Non-CDPHE (Commerical) Labs,1176,04/11/2021,104
Colorado,5763976,Daily COVID-19 PCR Test Data From Clinical Laboratories,03/26/2020,Cumulative People Tested at CDPHE State Lab,7428,04/11/2021,105
Colorado,5763976,Daily COVID-19 PCR Test Data From Clinical Laboratories,03/26/2020,Cumulative People Tested at Non-CDPHE (Commerical) Labs,6080,04/11/2021,106
Colorado,5763976,Daily COVID-19 PCR Test Data From Clinical Laboratories,03/26/2020,7-Day Average Percent Positivity,0.147,04/11/2021,107
Colorado,5763976,Daily COVID-19 PCR Test Data From Clinical Laboratories,03/26/2020,3-Day Average Percent Positivity,0.173,04/11/2021,108
Colorado,5763976,Daily COVID-19 PCR Test Data From Clinical Laboratories,03/27/2020,Percent Positivity,0.175,04/11/2021,109
Colorado,5763976,Daily COVID-19 PCR Test Data From Clinical Laboratories,03/27/2020,People Tested at CDPHE State Lab,663,04/11/2021,110
Colorado,5763976,Daily COVID-19 PCR Test Data From Clinical Laboratories,03/27/2020,People Tested at Non-CDPHE (Commerical) Labs,1209,04/11/2021,111
Colorado,5763976,Daily COVID-19 PCR Test Data From Clinical Laboratories,03/27/2020,Cumulative People Tested at CDPHE State Lab,8091,04/11/2021,112
Colorado,5763976,Daily COVID-19 PCR Test Data From Clinical Laboratories,03/27/2020,Cumulative People Tested at Non-CDPHE (Commerical) Labs,7289,04/11/2021,113
Colorado,5763976,Daily COVID-19 PCR Test Data From Clinical Laboratories,03/27/2020,7-Day Average Percent Positivity,0.152,04/11/2021,114
Colorado,5763976,Daily COVID-19 PCR Test Data From Clinical Laboratories,03/27/2020,3-Day Average Percent Positivity,0.17,04/11/2021,115
Colorado,5763976,Daily COVID-19 PCR Test Data From Clinical Laboratories,03/28/2020,Percent Positivity,0.184,04/11/2021,116
Colorado,5763976,Daily COVID-19 PCR Test Data From Clinical Laboratories,03/28/2020,People Tested at CDPHE State Lab,261,04/11/2021,117
Colorado,5763976,Daily COVID-19 PCR Test Data From Clinical Laboratories,03/28/2020,People Tested at Non-CDPHE (Commerical) Labs,1089,04/11/2021,118
Colorado,5763976,Daily COVID-19 PCR Test Data From Clinical Laboratories,03/28/2020,Cumulative People Tested at CDPHE State Lab,8352,04/11/2021,119
Colorado,5763976,Daily COVID-19 PCR Test Data From Clinical Laboratories,03/28/2020,Cumulative People Tested at Non-CDPHE (Commerical) Labs,8378,04/11/2021,120
Colorado,5763976,Daily COVID-19 PCR Test Data From Clinical Laboratories,03/28/2020,7-Day Average Percent Positivity,0.165,04/11/2021,121
Colorado,5763976,Daily COVID-19 PCR Test Data From Clinical Laboratories,03/28/2020,3-Day Average Percent Positivity,0.178,04/11/2021,122
Colorado,5763976,Daily COVID-19 PCR Test Data From Clinical Laboratories,03/29/2020,Percent Positivity,0.181,04/11/2021,123
Colorado,5763976,Daily COVID-19 PCR Test Data From Clinical Laboratories,03/29/2020,People Tested at CDPHE State Lab,448,04/11/2021,124
Colorado,5763976,Daily COVID-19 PCR Test Data From Clinical Laboratories,03/29/2020,People Tested at Non-CDPHE (Commerical) Labs,1278,04/11/2021,125
Colorado,5763976,Daily COVID-19 PCR Test Data From Clinical Laboratories,03/29/2020,Cumulative People Tested at CDPHE State Lab,8800,04/11/2021,126
Colorado,5763976,Daily COVID-19 PCR Test Data From Clinical Laboratories,03/29/2020,Cumulative People Tested at Non-CDPHE (Commerical) Labs,9656,04/11/2021,127
Colorado,5763976,Daily COVID-19 PCR Test Data From Clinical Laboratories,03/29/2020,7-Day Average Percent Positivity,0.167,04/11/2021,128
Colorado,5763976,Daily COVID-19 PCR Test Data From Clinical Laboratories,03/29/2020,3-Day Average Percent Positivity,0.179,04/11/2021,129
Colorado,5763976,Weekly COVID-19 PCR Test Data From Clinical Laboratories,03/29/2020,People Tested at CDPHE State Lab,2711,04/11/2021,130
Colorado,5763976,Weekly COVID-19 PCR Test Data From Clinical Laboratories,03/29/2020,People Tested at Non-CDPHE (Commerical) Labs,10015,04/11/2021,131
Colorado,5763976,Weekly COVID-19 PCR Test Data From Clinical Laboratories,03/29/2020,Weekly Percent Positivity,0.197,04/11/2021,132
Colorado,5763976,Weekly COVID-19 PCR Test Data From Clinical Laboratories,03/29/2020,Cumulative People Tested at CDPHE State Lab,11063,04/11/2021,133
Colorado,5763976,Weekly COVID-19 PCR Test Data From Clinical Laboratories,03/29/2020,Cumulative People Tested at Non-CDPHE (Commerical) Labs,18393,04/11/2021,134
Colorado,5763976,Weekly COVID-19 PCR Test Data From Clinical Laboratories,03/29/2020,Percent Change in Weekly Positivity,0.19,04/11/2021,135
Colorado,5763976,Daily COVID-19 PCR Test Data From Clinical Laboratories,03/30/2020,Percent Positivity,0.169,04/11/2021,136
Colorado,5763976,Daily COVID-19 PCR Test Data From Clinical Laboratories,03/30/2020,People Tested at CDPHE State Lab,513,04/11/2021,137
Colorado,5763976,Daily COVID-19 PCR Test Data From Clinical Laboratories,03/30/2020,People Tested at Non-CDPHE (Commerical) Labs,1069,04/11/2021,138
Colorado,5763976,Daily COVID-19 PCR Test Data From Clinical Laboratories,03/30/2020,Cumulative People Tested at CDPHE State Lab,9313,04/11/2021,139
Colorado,5763976,Daily COVID-19 PCR Test Data From Clinical Laboratories,03/30/2020,Cumulative People Tested at Non-CDPHE (Commerical) Labs,10725,04/11/2021,140
Colorado,5763976,Daily COVID-19 PCR Test Data From Clinical Laboratories,03/30/2020,7-Day Average Percent Positivity,0.175,04/11/2021,141
Colorado,5763976,Daily COVID-19 PCR Test Data From Clinical Laboratories,03/30/2020,3-Day Average Percent Positivity,0.178,04/11/2021,142
Colorado,5763976,Daily COVID-19 PCR Test Data From Clinical Laboratories,03/31/2020,Percent Positivity,0.228,04/11/2021,143
Colorado,5763976,Daily COVID-19 PCR Test Data From Clinical Laboratories,03/31/2020,People Tested at CDPHE State Lab,361,04/11/2021,144
Colorado,5763976,Daily COVID-19 PCR Test Data From Clinical Laboratories,03/31/2020,People Tested at Non-CDPHE (Commerical) Labs,1391,04/11/2021,145
Colorado,5763976,Daily COVID-19 PCR Test Data From Clinical Laboratories,03/31/2020,Cumulative People Tested at CDPHE State Lab,9674,04/11/2021,146
Colorado,5763976,Daily COVID-19 PCR Test Data From Clinical Laboratories,03/31/2020,Cumulative People Tested at Non-CDPHE (Commerical) Labs,12116,04/11/2021,147
Colorado,5763976,Daily COVID-19 PCR Test Data From Clinical Laboratories,03/31/2020,7-Day Average Percent Positivity,0.182,04/11/2021,148
Colorado,5763976,Daily COVID-19 PCR Test Data From Clinical Laboratories,03/31/2020,3-Day Average Percent Positivity,0.193,04/11/2021,149
Colorado,5763976,Daily COVID-19 PCR Test Data From Clinical Laboratories,04/01/2020,Percent Positivity,0.225,04/11/2021,150
Colorado,5763976,Daily COVID-19 PCR Test Data From Clinical Laboratories,04/07/2020,Cumulative People Tested at CDPHE State Lab,11602,04/11/2021,151
Colorado,5763976,Daily COVID-19 PCR Test Data From Clinical Laboratories,04/07/2020,Cumulative People Tested at Non-CDPHE (Commerical) Labs,21970,04/11/2021,152
Colorado,5763976,Daily COVID-19 PCR Test Data From Clinical Laboratories,04/07/2020,7-Day Average Percent Positivity,0.205,04/11/2021,153
Colorado,5763976,Daily COVID-19 PCR Test Data From Clinical Laboratories,04/07/2020,3-Day Average Percent Positivity,0.214,04/11/2021,154
Colorado,5763976,Daily COVID-19 PCR Test Data From Clinical Laboratories,04/08/2020,Percent Positivity,0.222,04/11/2021,155
Colorado,5763976,Daily COVID-19 PCR Test Data From Clinical Laboratories,04/08/2020,People Tested at CDPHE State Lab,212,04/11/2021,156
Colorado,5763976,Daily COVID-19 PCR Test Data From Clinical Laboratories,04/08/2020,People Tested at Non-CDPHE (Commerical) Labs,2022,04/11/2021,157
Colorado,5763976,Daily COVID-19 PCR Test Data From Clinical Laboratories,04/08/2020,Cumulative People Tested at CDPHE State Lab,11814,04/11/2021,158
Colorado,5763976,Daily COVID-19 PCR Test Data From Clinical Laboratories,04/08/2020,Cumulative People Tested at Non-CDPHE (Commerical) Labs,23992,04/11/2021,159
Colorado,5763976,Daily COVID-19 PCR Test Data From Clinical Laboratories,04/08/2020,7-Day Average Percent Positivity,0.205,04/11/2021,160
Colorado,5763976,Daily COVID-19 PCR Test Data From Clinical Laboratories,04/08/2020,3-Day Average Percent Positivity,0.222,04/11/2021,161
Colorado,5763976,Daily COVID-19 PCR Test Data From Clinical Laboratories,04/09/2020,Percent Positivity,0.183,04/11/2021,162
Colorado,5763976,Daily COVID-19 PCR Test Data From Clinical Laboratories,04/09/2020,People Tested at CDPHE State Lab,203,04/11/2021,163
Colorado,5763976,Daily COVID-19 PCR Test Data From Clinical Laboratories,04/09/2020,People Tested at Non-CDPHE (Commerical) Labs,1511,04/11/2021,164
Colorado,5763976,Daily COVID-19 PCR Test Data From Clinical Laboratories,04/09/2020,Cumulative People Tested at CDPHE State Lab,12017,04/11/2021,165
Colorado,5763976,Daily COVID-19 PCR Test Data From Clinical Laboratories,04/09/2020,Cumulative People Tested at Non-CDPHE (Commerical) Labs,25503,04/11/2021,166
Colorado,5763976,Daily COVID-19 PCR Test Data From Clinical Laboratories,04/09/2020,7-Day Average Percent Positivity,0.204,04/11/2021,167
Colorado,5763976,Daily COVID-19 PCR Test Data From Clinical Laboratories,04/09/2020,3-Day Average Percent Positivity,0.198,04/11/2021,168
Colorado,5763976,Daily COVID-19 PCR Test Data From Clinical Laboratories,04/10/2020,Percent Positivity,0.159,04/11/2021,169
Colorado,5763976,Daily COVID-19 PCR Test Data From Clinical Laboratories,04/10/2020,People Tested at CDPHE State Lab,165,04/11/2021,170
Colorado,5763976,Daily COVID-19 PCR Test Data From Clinical Laboratories,04/10/2020,People Tested at Non-CDPHE (Commerical) Labs,2325,04/11/2021,171
Colorado,5763976,Daily COVID-19 PCR Test Data From Clinical Laboratories,04/10/2020,Cumulative People Tested at CDPHE State Lab,12182,04/11/2021,172
Colorado,5763976,Daily COVID-19 PCR Test Data From Clinical Laboratories,04/10/2020,Cumulative People Tested at Non-CDPHE (Commerical) Labs,27828,04/11/2021,173
Colorado,5763976,Daily COVID-19 PCR Test Data From Clinical Laboratories,04/10/2020,7-Day Average Percent Positivity,0.196,04/11/2021,174
Colorado,5763976,Daily COVID-19 PCR Test Data From Clinical Laboratories,04/10/2020,3-Day Average Percent Positivity,0.187,04/11/2021,175
Colorado,5763976,Daily COVID-19 PCR Test Data From Clinical Laboratories,04/11/2020,Percent Positivity,0.188,04/11/2021,176
Colorado,5763976,Daily COVID-19 PCR Test Data From Clinical Laboratories,04/11/2020,People Tested at CDPHE State Lab,395,04/11/2021,177
Colorado,5763976,Daily COVID-19 PCR Test Data From Clinical Laboratories,04/11/2020,People Tested at Non-CDPHE (Commerical) Labs,2199,04/11/2021,178
Colorado,5763976,Daily COVID-19 PCR Test Data From Clinical Laboratories,04/11/2020,Cumulative People Tested at CDPHE State Lab,12577,04/11/2021,179
Colorado,5763976,Daily COVID-19 PCR Test Data From Clinical Laboratories,04/11/2020,Cumulative People Tested at Non-CDPHE (Commerical) Labs,30027,04/11/2021,180
Colorado,5763976,Daily COVID-19 PCR Test Data From Clinical Laboratories,04/11/2020,7-Day Average Percent Positivity,0.196,04/11/2021,181
Colorado,5763976,Daily COVID-19 PCR Test Data From Clinical Laboratories,04/11/2020,3-Day Average Percent Positivity,0.176,04/11/2021,182
Colorado,5763976,Daily COVID-19 PCR Test Data From Clinical Laboratories,04/12/2020,Percent Positivity,0.211,04/11/2021,183
Colorado,5763976,Daily COVID-19 PCR Test Data From Clinical Laboratories,04/12/2020,People Tested at CDPHE State Lab,177,04/11/2021,184
Colorado,5763976,Daily COVID-19 PCR Test Data From Clinical Laboratories,04/12/2020,People Tested at Non-CDPHE (Commerical) Labs,1638,04/11/2021,185
Colorado,5763976,Daily COVID-19 PCR Test Data From Clinical Laboratories,04/12/2020,Cumulative People Tested at CDPHE State Lab,12754,04/11/2021,186
Colorado,5763976,Daily COVID-19 PCR Test Data From Clinical Laboratories,04/12/2020,Cumulative People Tested at Non-CDPHE (Commerical) Labs,31665,04/11/2021,187
Colorado,5763976,Daily COVID-19 PCR Test Data From Clinical Laboratories,04/12/2020,7-Day Average Percent Positivity,0.198,04/11/2021,188
Colorado,5763976,Daily COVID-19 PCR Test Data From Clinical Laboratories,04/12/2020,3-Day Average Percent Positivity,0.183,04/11/2021,189
Colorado,5763976,Weekly COVID-19 PCR Test Data From Clinical Laboratories,04/12/2020,People Tested at CDPHE State Lab,1946,04/11/2021,190
Colorado,5763976,Weekly COVID-19 PCR Test Data From Clinical Laboratories,04/12/2020,People Tested at Non-CDPHE (Commerical) Labs,8912,04/11/2021,191
Colorado,5763976,Weekly COVID-19 PCR Test Data From Clinical Laboratories,04/12/2020,Weekly Percent Positivity,0.22,04/11/2021,192
Colorado,5763976,Weekly COVID-19 PCR Test Data From Clinical Laboratories,04/12/2020,Cumulative People Tested at CDPHE State Lab,14523,04/11/2021,193
Colorado,5763976,Weekly COVID-19 PCR Test Data From Clinical Laboratories,04/12/2020,Cumulative People Tested at Non-CDPHE (Commerical) Labs,38939,04/11/2021,194
Colorado,5763976,Weekly COVID-19 PCR Test Data From Clinical Laboratories,04/12/2020,Percent Change in Weekly Positivity,0.12,04/11/2021,195
Colorado,5763976,Weekly COVID-19 Antibody Test Data From Clinical Laboratories,04/12/2020,Antibody Tests Performed,6,04/11/2021,196
Colorado,5763976,Weekly COVID-19 Antibody Test Data From Clinical Laboratories,04/12/2020,Number of positive tests,3,04/11/2021,197
Colorado,5763976,Weekly COVID-19 Antibody Test Data From Clinical Laboratories,04/12/2020,Number of negative tests,3,04/11/2021,198
Colorado,5763976,Weekly COVID-19 Antibody Test Data From Clinical Laboratories,04/12/2020,Weekly Percent Positivity,0.5,04/11/2021,199
Colorado,5763976,Weekly COVID-19 Antibody Test Data From Clinical Laboratories,04/12/2020,Cumulative Antibody Tests Performed,6,04/11/2021,200
Colorado,5763976,Daily COVID-19 PCR Test Data From Clinical Laboratories,03/07/2020,Percent Positivity,0.105,04/11/2021,201
Colorado,5763976,Daily COVID-19 PCR Test Data From Clinical Laboratories,03/07/2020,People Tested at CDPHE State Lab,38,04/11/2021,202
Colorado,5763976,Daily COVID-19 PCR Test Data From Clinical Laboratories,03/07/2020,People Tested at Non-CDPHE (Commerical) Labs,0,04/11/2021,203
Colorado,5763976,Daily COVID-19 PCR Test Data From Clinical Laboratories,03/07/2020,Cumulative People Tested at CDPHE State Lab,97,04/11/2021,204
Colorado,5763976,Daily COVID-19 PCR Test Data From Clinical Laboratories,03/07/2020,Cumulative People Tested at Non-CDPHE (Commerical) Labs,0,04/11/2021,205
Colorado,5763976,Daily COVID-19 PCR Test Data From Clinical Laboratories,03/07/2020,7-Day Average Percent Positivity,0.077,04/11/2021,206
Colorado,5763976,Daily COVID-19 PCR Test Data From Clinical Laboratories,03/07/2020,3-Day Average Percent Positivity,0.097,04/11/2021,207
Colorado,5763976,Daily COVID-19 PCR Test Data From Clinical Laboratories,03/08/2020,Percent Positivity,0,04/11/2021,208
Colorado,5763976,Daily COVID-19 PCR Test Data From Clinical Laboratories,03/08/2020,People Tested at CDPHE State Lab,27,04/11/2021,209
Colorado,5763976,Daily COVID-19 PCR Test Data From Clinical Laboratories,03/08/2020,People Tested at Non-CDPHE (Commerical) Labs,0,04/11/2021,210
Colorado,5763976,Daily COVID-19 PCR Test Data From Clinical Laboratories,03/08/2020,Cumulative People Tested at CDPHE State Lab,124,04/11/2021,211
Colorado,5763976,Daily COVID-19 PCR Test Data From Clinical Laboratories,03/08/2020,Cumulative People Tested at Non-CDPHE (Commerical) Labs,0,04/11/2021,212
Colorado,5763976,Daily COVID-19 PCR Test Data From Clinical Laboratories,03/08/2020,7-Day Average Percent Positivity,0.06,04/11/2021,213
Colorado,5763976,Daily COVID-19 PCR Test Data From Clinical Laboratories,03/08/2020,3-Day Average Percent Positivity,0.071,04/11/2021,214
Colorado,5763976,Weekly COVID-19 PCR Test Data From Clinical Laboratories,03/08/2020,People Tested at CDPHE State Lab,683,04/11/2021,215
Colorado,5763976,Weekly COVID-19 PCR Test Data From Clinical Laboratories,03/08/2020,People Tested at Non-CDPHE (Commerical) Labs,110,04/11/2021,216
Colorado,5763976,Weekly COVID-19 PCR Test Data From Clinical Laboratories,03/08/2020,Weekly Percent Positivity,0.096,04/11/2021,217
Colorado,5763976,Weekly COVID-19 PCR Test Data From Clinical Laboratories,03/08/2020,Cumulative People Tested at CDPHE State Lab,780,04/11/2021,218
Colorado,5763976,Weekly COVID-19 PCR Test Data From Clinical Laboratories,03/08/2020,Cumulative People Tested at Non-CDPHE (Commerical) Labs,110,04/11/2021,219
Colorado,5763976,Weekly COVID-19 PCR Test Data From Clinical Laboratories,03/08/2020,Percent Change in Weekly Positivity,0.25,04/11/2021,220
Colorado,5763976,Daily COVID-19 PCR Test Data From Clinical Laboratories,03/09/2020,Percent Positivity,0,04/11/2021,221
Colorado,5763976,Daily COVID-19 PCR Test Data From Clinical Laboratories,03/09/2020,People Tested at CDPHE State Lab,15,04/11/2021,222
Colorado,5763976,Daily COVID-19 PCR Test Data From Clinical Laboratories,03/09/2020,People Tested at Non-CDPHE (Commerical) Labs,1,04/11/2021,223
Colorado,5763976,Daily COVID-19 PCR Test Data From Clinical Laboratories,03/09/2020,Cumulative People Tested at CDPHE State Lab,139,04/11/2021,224
Colorado,5763976,Daily COVID-19 PCR Test Data From Clinical Laboratories,03/09/2020,Cumulative People Tested at Non-CDPHE (Commerical) Labs,1,04/11/2021,225
Colorado,5763976,Daily COVID-19 PCR Test Data From Clinical Laboratories,03/09/2020,7-Day Average Percent Positivity,0.053,04/11/2021,226
Colorado,5763976,Daily COVID-19 PCR Test Data From Clinical Laboratories,03/09/2020,3-Day Average Percent Positivity,0.049,04/11/2021,227
Colorado,5763976,Daily COVID-19 PCR Test Data From Clinical Laboratories,03/10/2020,Percent Positivity,0.042,04/11/2021,228
Colorado,5763976,Daily COVID-19 PCR Test Data From Clinical Laboratories,03/10/2020,People Tested at CDPHE State Lab,68,04/11/2021,229
Colorado,5763976,Daily COVID-19 PCR Test Data From Clinical Laboratories,03/10/2020,People Tested at Non-CDPHE (Commerical) Labs,4,04/11/2021,230
Colorado,5763976,Daily COVID-19 PCR Test Data From Clinical Laboratories,03/10/2020,Cumulative People Tested at CDPHE State Lab,207,04/11/2021,231
Colorado,5763976,Daily COVID-19 PCR Test Data From Clinical Laboratories,03/10/2020,Cumulative People Tested at Non-CDPHE (Commerical) Labs,5,04/11/2021,232
Colorado,5763976,Daily COVID-19 PCR Test Data From Clinical Laboratories,03/10/2020,7-Day Average Percent Positivity,0.05,04/11/2021,233
Colorado,5763976,Daily COVID-19 PCR Test Data From Clinical Laboratories,03/10/2020,3-Day Average Percent Positivity,0.026,04/11/2021,234
Colorado,5763976,Daily COVID-19 PCR Test Data From Clinical Laboratories,03/11/2020,Percent Positivity,0.082,04/11/2021,235
Colorado,5763976,Daily COVID-19 PCR Test Data From Clinical Laboratories,03/11/2020,People Tested at CDPHE State Lab,126,04/11/2021,236
Colorado,5763976,Daily COVID-19 PCR Test Data From Clinical Laboratories,03/11/2020,People Tested at Non-CDPHE (Commerical) Labs,8,04/11/2021,237
Colorado,5763976,Daily COVID-19 PCR Test Data From Clinical Laboratories,03/11/2020,Cumulative People Tested at CDPHE State Lab,333,04/11/2021,238
Colorado,5763976,Daily COVID-19 PCR Test Data From Clinical Laboratories,03/11/2020,Cumulative People Tested at Non-CDPHE (Commerical) Labs,13,04/11/2021,239
Colorado,5763976,Daily COVID-19 PCR Test Data From Clinical Laboratories,03/11/2020,7-Day Average Percent Positivity,0.065,04/11/2021,240
Colorado,5763976,Daily COVID-19 PCR Test Data From Clinical Laboratories,03/11/2020,3-Day Average Percent Positivity,0.063,04/11/2021,241
Colorado,5763976,Daily COVID-19 PCR Test Data From Clinical Laboratories,03/12/2020,Percent Positivity,0.112,04/11/2021,242
Colorado,5763976,Daily COVID-19 PCR Test Data From Clinical Laboratories,03/12/2020,People Tested at CDPHE State Lab,138,04/11/2021,243
Colorado,5763976,Daily COVID-19 PCR Test Data From Clinical Laboratories,03/12/2020,People Tested at Non-CDPHE (Commerical) Labs,14,04/11/2021,244
Colorado,5763976,Daily COVID-19 PCR Test Data From Clinical Laboratories,03/12/2020,Cumulative People Tested at CDPHE State Lab,471,04/11/2021,245
Colorado,5763976,Daily COVID-19 PCR Test Data From Clinical Laboratories,03/12/2020,Cumulative People Tested at Non-CDPHE (Commerical) Labs,27,04/11/2021,246
Colorado,5763976,Daily COVID-19 PCR Test Data From Clinical Laboratories,03/12/2020,7-Day Average Percent Positivity,0.08,04/11/2021,247
Colorado,5763976,Daily COVID-19 PCR Test Data From Clinical Laboratories,03/12/2020,3-Day Average Percent Positivity,0.087,04/11/2021,248
Colorado,5763976,Daily COVID-19 PCR Test Data From Clinical Laboratories,03/13/2020,Percent Positivity,0.108,04/11/2021,249
Colorado,5763976,Daily COVID-19 PCR Test Data From Clinical Laboratories,03/13/2020,People Tested at CDPHE State Lab,155,04/11/2021,250
Colorado,5763976,Daily COVID-19 PCR Test Data From Clinical Laboratories,04/01/2020,People Tested at CDPHE State Lab,384,04/11/2021,251
Colorado,5763976,Daily COVID-19 PCR Test Data From Clinical Laboratories,04/01/2020,People Tested at Non-CDPHE (Commerical) Labs,1245,04/11/2021,252
Colorado,5763976,Daily COVID-19 PCR Test Data From Clinical Laboratories,04/01/2020,Cumulative People Tested at CDPHE State Lab,10058,04/11/2021,253
Colorado,5763976,Daily COVID-19 PCR Test Data From Clinical Laboratories,04/01/2020,Cumulative People Tested at Non-CDPHE (Commerical) Labs,13361,04/11/2021,254
Colorado,5763976,Daily COVID-19 PCR Test Data From Clinical Laboratories,04/01/2020,7-Day Average Percent Positivity,0.191,04/11/2021,255
Colorado,5763976,Daily COVID-19 PCR Test Data From Clinical Laboratories,04/01/2020,3-Day Average Percent Positivity,0.208,04/11/2021,256
Colorado,5763976,Daily COVID-19 PCR Test Data From Clinical Laboratories,04/02/2020,Percent Positivity,0.19,04/11/2021,257
Colorado,5763976,Daily COVID-19 PCR Test Data From Clinical Laboratories,04/02/2020,People Tested at CDPHE State Lab,428,04/11/2021,258
Colorado,5763976,Daily COVID-19 PCR Test Data From Clinical Laboratories,04/02/2020,People Tested at Non-CDPHE (Commerical) Labs,1442,04/11/2021,259
Colorado,5763976,Daily COVID-19 PCR Test Data From Clinical Laboratories,04/02/2020,Cumulative People Tested at CDPHE State Lab,10486,04/11/2021,260
Colorado,5763976,Daily COVID-19 PCR Test Data From Clinical Laboratories,04/02/2020,Cumulative People Tested at Non-CDPHE (Commerical) Labs,14803,04/11/2021,261
Colorado,5763976,Daily COVID-19 PCR Test Data From Clinical Laboratories,04/02/2020,7-Day Average Percent Positivity,0.193,04/11/2021,262
Colorado,5763976,Daily COVID-19 PCR Test Data From Clinical Laboratories,04/02/2020,3-Day Average Percent Positivity,0.214,04/11/2021,263
Colorado,5763976,Daily COVID-19 PCR Test Data From Clinical Laboratories,04/03/2020,Percent Positivity,0.202,04/11/2021,264
Colorado,5763976,Daily COVID-19 PCR Test Data From Clinical Laboratories,04/03/2020,People Tested at CDPHE State Lab,259,04/11/2021,265
Colorado,5763976,Daily COVID-19 PCR Test Data From Clinical Laboratories,04/03/2020,People Tested at Non-CDPHE (Commerical) Labs,1742,04/11/2021,266
Colorado,5763976,Daily COVID-19 PCR Test Data From Clinical Laboratories,04/03/2020,Cumulative People Tested at CDPHE State Lab,10745,04/11/2021,267
Colorado,5763976,Daily COVID-19 PCR Test Data From Clinical Laboratories,04/03/2020,Cumulative People Tested at Non-CDPHE (Commerical) Labs,16545,04/11/2021,268
Colorado,5763976,Daily COVID-19 PCR Test Data From Clinical Laboratories,04/03/2020,7-Day Average Percent Positivity,0.198,04/11/2021,269
Colorado,5763976,Daily COVID-19 PCR Test Data From Clinical Laboratories,04/03/2020,3-Day Average Percent Positivity,0.205,04/11/2021,270
Colorado,5763976,Daily COVID-19 PCR Test Data From Clinical Laboratories,04/04/2020,Percent Positivity,0.187,04/11/2021,271
Colorado,5763976,Daily COVID-19 PCR Test Data From Clinical Laboratories,04/04/2020,People Tested at CDPHE State Lab,318,04/11/2021,272
Colorado,5763976,Daily COVID-19 PCR Test Data From Clinical Laboratories,04/04/2020,People Tested at Non-CDPHE (Commerical) Labs,1848,04/11/2021,273
Colorado,5763976,Daily COVID-19 PCR Test Data From Clinical Laboratories,04/04/2020,Cumulative People Tested at CDPHE State Lab,11063,04/11/2021,274
Colorado,5763976,Daily COVID-19 PCR Test Data From Clinical Laboratories,04/04/2020,Cumulative People Tested at Non-CDPHE (Commerical) Labs,18393,04/11/2021,275
Colorado,5763976,Daily COVID-19 PCR Test Data From Clinical Laboratories,04/04/2020,7-Day Average Percent Positivity,0.197,04/11/2021,276
Colorado,5763976,Daily COVID-19 PCR Test Data From Clinical Laboratories,04/04/2020,3-Day Average Percent Positivity,0.193,04/11/2021,277
Colorado,5763976,Daily COVID-19 PCR Test Data From Clinical Laboratories,04/05/2020,Percent Positivity,0.197,04/11/2021,278
Colorado,5763976,Daily COVID-19 PCR Test Data From Clinical Laboratories,04/05/2020,People Tested at CDPHE State Lab,234,04/11/2021,279
Colorado,5763976,Daily COVID-19 PCR Test Data From Clinical Laboratories,04/05/2020,People Tested at Non-CDPHE (Commerical) Labs,980,04/11/2021,280
Colorado,5763976,Daily COVID-19 PCR Test Data From Clinical Laboratories,04/05/2020,Cumulative People Tested at CDPHE State Lab,11297,04/11/2021,281
Colorado,5763976,Daily COVID-19 PCR Test Data From Clinical Laboratories,04/05/2020,Cumulative People Tested at Non-CDPHE (Commerical) Labs,19373,04/11/2021,282
Colorado,5763976,Daily COVID-19 PCR Test Data From Clinical Laboratories,04/05/2020,7-Day Average Percent Positivity,0.2,04/11/2021,283
Colorado,5763976,Daily COVID-19 PCR Test Data From Clinical Laboratories,04/05/2020,3-Day Average Percent Positivity,0.195,04/11/2021,284
Colorado,5763976,Weekly COVID-19 PCR Test Data From Clinical Laboratories,04/05/2020,People Tested at CDPHE State Lab,1514,04/11/2021,285
Colorado,5763976,Weekly COVID-19 PCR Test Data From Clinical Laboratories,04/05/2020,People Tested at Non-CDPHE (Commerical) Labs,11634,04/11/2021,286
Colorado,5763976,Weekly COVID-19 PCR Test Data From Clinical Laboratories,04/05/2020,Weekly Percent Positivity,0.196,04/11/2021,287
Colorado,5763976,Weekly COVID-19 PCR Test Data From Clinical Laboratories,04/05/2020,Cumulative People Tested at CDPHE State Lab,12577,04/11/2021,288
Colorado,5763976,Weekly COVID-19 PCR Test Data From Clinical Laboratories,04/05/2020,Cumulative People Tested at Non-CDPHE (Commerical) Labs,30027,04/11/2021,289
Colorado,5763976,Weekly COVID-19 PCR Test Data From Clinical Laboratories,04/05/2020,Percent Change in Weekly Positivity,-0.01,04/11/2021,290
Colorado,5763976,Daily COVID-19 PCR Test Data From Clinical Laboratories,04/06/2020,Percent Positivity,0.257,04/11/2021,291
Colorado,5763976,Daily COVID-19 PCR Test Data From Clinical Laboratories,04/06/2020,People Tested at CDPHE State Lab,155,04/11/2021,292
Colorado,5763976,Daily COVID-19 PCR Test Data From Clinical Laboratories,04/06/2020,People Tested at Non-CDPHE (Commerical) Labs,1493,04/11/2021,293
Colorado,5763976,Daily COVID-19 PCR Test Data From Clinical Laboratories,04/06/2020,Cumulative People Tested at CDPHE State Lab,11452,04/11/2021,294
Colorado,5763976,Daily COVID-19 PCR Test Data From Clinical Laboratories,04/06/2020,Cumulative People Tested at Non-CDPHE (Commerical) Labs,20866,04/11/2021,295
Colorado,5763976,Daily COVID-19 PCR Test Data From Clinical Laboratories,04/06/2020,7-Day Average Percent Positivity,0.211,04/11/2021,296
Colorado,5763976,Daily COVID-19 PCR Test Data From Clinical Laboratories,04/06/2020,3-Day Average Percent Positivity,0.213,04/11/2021,297
Colorado,5763976,Daily COVID-19 PCR Test Data From Clinical Laboratories,04/07/2020,Percent Positivity,0.175,04/11/2021,298
Colorado,5763976,Daily COVID-19 PCR Test Data From Clinical Laboratories,04/07/2020,People Tested at CDPHE State Lab,150,04/11/2021,299
Colorado,5763976,Daily COVID-19 PCR Test Data From Clinical Laboratories,04/07/2020,People Tested at Non-CDPHE (Commerical) Labs,1104,04/11/2021,300
Colorado,5763976,Daily COVID-19 PCR Test Data From Clinical Laboratories,04/13/2020,Percent Positivity,0.239,04/11/2021,301
Colorado,5763976,Daily COVID-19 PCR Test Data From Clinical Laboratories,04/13/2020,People Tested at CDPHE State Lab,178,04/11/2021,302
Colorado,5763976,Daily COVID-19 PCR Test Data From Clinical Laboratories,04/13/2020,People Tested at Non-CDPHE (Commerical) Labs,856,04/11/2021,303
Colorado,5763976,Daily COVID-19 PCR Test Data From Clinical Laboratories,04/13/2020,Cumulative People Tested at CDPHE State Lab,12932,04/11/2021,304
Colorado,5763976,Daily COVID-19 PCR Test Data From Clinical Laboratories,04/13/2020,Cumulative People Tested at Non-CDPHE (Commerical) Labs,32521,04/11/2021,305
Colorado,5763976,Daily COVID-19 PCR Test Data From Clinical Laboratories,04/13/2020,7-Day Average Percent Positivity,0.194,04/11/2021,306
Colorado,5763976,Daily COVID-19 PCR Test Data From Clinical Laboratories,04/13/2020,3-Day Average Percent Positivity,0.205,04/11/2021,307
Colorado,5763976,Daily COVID-19 PCR Test Data From Clinical Laboratories,04/14/2020,Percent Positivity,0.247,04/11/2021,308
Colorado,5763976,Daily COVID-19 PCR Test Data From Clinical Laboratories,04/14/2020,People Tested at CDPHE State Lab,187,04/11/2021,309
Colorado,5763976,Daily COVID-19 PCR Test Data From Clinical Laboratories,04/14/2020,People Tested at Non-CDPHE (Commerical) Labs,1061,04/11/2021,310
Colorado,5763976,Daily COVID-19 PCR Test Data From Clinical Laboratories,04/14/2020,Cumulative People Tested at CDPHE State Lab,13119,04/11/2021,311
Colorado,5763976,Daily COVID-19 PCR Test Data From Clinical Laboratories,04/14/2020,Cumulative People Tested at Non-CDPHE (Commerical) Labs,33582,04/11/2021,312
Colorado,5763976,Daily COVID-19 PCR Test Data From Clinical Laboratories,04/14/2020,7-Day Average Percent Positivity,0.2,04/11/2021,313
Colorado,5763976,Daily COVID-19 PCR Test Data From Clinical Laboratories,04/14/2020,3-Day Average Percent Positivity,0.229,04/11/2021,314
Colorado,5763976,Daily COVID-19 PCR Test Data From Clinical Laboratories,04/15/2020,Percent Positivity,0.224,04/11/2021,315
Colorado,5763976,Daily COVID-19 PCR Test Data From Clinical Laboratories,04/15/2020,People Tested at CDPHE State Lab,354,04/11/2021,316
Colorado,5763976,Daily COVID-19 PCR Test Data From Clinical Laboratories,04/15/2020,People Tested at Non-CDPHE (Commerical) Labs,1184,04/11/2021,317
Colorado,5763976,Daily COVID-19 PCR Test Data From Clinical Laboratories,04/15/2020,Cumulative People Tested at CDPHE State Lab,13473,04/11/2021,318
Colorado,5763976,Daily COVID-19 PCR Test Data From Clinical Laboratories,04/15/2020,Cumulative People Tested at Non-CDPHE (Commerical) Labs,34766,04/11/2021,319
Colorado,5763976,Daily COVID-19 PCR Test Data From Clinical Laboratories,04/15/2020,7-Day Average Percent Positivity,0.2,04/11/2021,320
Colorado,5763976,Daily COVID-19 PCR Test Data From Clinical Laboratories,04/15/2020,3-Day Average Percent Positivity,0.236,04/11/2021,321
Colorado,5763976,Daily COVID-19 PCR Test Data From Clinical Laboratories,04/16/2020,Percent Positivity,0.214,04/11/2021,322
Colorado,5763976,Daily COVID-19 PCR Test Data From Clinical Laboratories,04/16/2020,People Tested at CDPHE State Lab,251,04/11/2021,323
Colorado,5763976,Daily COVID-19 PCR Test Data From Clinical Laboratories,04/16/2020,People Tested at Non-CDPHE (Commerical) Labs,1520,04/11/2021,324
Colorado,5763976,Daily COVID-19 PCR Test Data From Clinical Laboratories,04/16/2020,Cumulative People Tested at CDPHE State Lab,13724,04/11/2021,325
Colorado,5763976,Daily COVID-19 PCR Test Data From Clinical Laboratories,04/16/2020,Cumulative People Tested at Non-CDPHE (Commerical) Labs,36286,04/11/2021,326
Colorado,5763976,Daily COVID-19 PCR Test Data From Clinical Laboratories,04/16/2020,7-Day Average Percent Positivity,0.204,04/11/2021,327
Colorado,5763976,Daily COVID-19 PCR Test Data From Clinical Laboratories,04/16/2020,3-Day Average Percent Positivity,0.227,04/11/2021,328
Colorado,5763976,Daily COVID-19 PCR Test Data From Clinical Laboratories,04/17/2020,Percent Positivity,0.246,04/11/2021,329
Colorado,5763976,Daily COVID-19 PCR Test Data From Clinical Laboratories,04/17/2020,People Tested at CDPHE State Lab,263,04/11/2021,330
Colorado,5763976,Daily COVID-19 PCR Test Data From Clinical Laboratories,04/17/2020,People Tested at Non-CDPHE (Commerical) Labs,1340,04/11/2021,331
Colorado,5763976,Daily COVID-19 PCR Test Data From Clinical Laboratories,04/17/2020,Cumulative People Tested at CDPHE State Lab,13987,04/11/2021,332
Colorado,5763976,Daily COVID-19 PCR Test Data From Clinical Laboratories,04/17/2020,Cumulative People Tested at Non-CDPHE (Commerical) Labs,37626,04/11/2021,333
Colorado,5763976,Daily COVID-19 PCR Test Data From Clinical Laboratories,04/17/2020,7-Day Average Percent Positivity,0.219,04/11/2021,334
Colorado,5763976,Daily COVID-19 PCR Test Data From Clinical Laboratories,04/17/2020,3-Day Average Percent Positivity,0.228,04/11/2021,335
Colorado,5763976,Daily COVID-19 PCR Test Data From Clinical Laboratories,04/18/2020,Percent Positivity,0.181,04/11/2021,336
Colorado,5763976,Daily COVID-19 PCR Test Data From Clinical Laboratories,04/18/2020,People Tested at CDPHE State Lab,536,04/11/2021,337
Colorado,5763976,Daily COVID-19 PCR Test Data From Clinical Laboratories,04/18/2020,People Tested at Non-CDPHE (Commerical) Labs,1313,04/11/2021,338
Colorado,5763976,Daily COVID-19 PCR Test Data From Clinical Laboratories,04/18/2020,Cumulative People Tested at CDPHE State Lab,14523,04/11/2021,339
Colorado,5763976,Daily COVID-19 PCR Test Data From Clinical Laboratories,04/18/2020,Cumulative People Tested at Non-CDPHE (Commerical) Labs,38939,04/11/2021,340
Colorado,5763976,Daily COVID-19 PCR Test Data From Clinical Laboratories,04/18/2020,7-Day Average Percent Positivity,0.22,04/11/2021,341
Colorado,5763976,Daily COVID-19 PCR Test Data From Clinical Laboratories,04/18/2020,3-Day Average Percent Positivity,0.212,04/11/2021,342
Colorado,5763976,Daily COVID-19 Antibody Test Data From Clinical Laboratories,04/18/2020,Antibody Tests Performed,6,04/11/2021,343
Colorado,5763976,Daily COVID-19 Antibody Test Data From Clinical Laboratories,04/18/2020,Number of negative tests,3,04/11/2021,344
Colorado,5763976,Daily COVID-19 Antibody Test Data From Clinical Laboratories,04/18/2020,Number of positive tests,3,04/11/2021,345
Colorado,5763976,Daily COVID-19 Antibody Test Data From Clinical Laboratories,04/18/2020,Total Tests per 100K People,0.104,04/11/2021,346
Colorado,5763976,Daily COVID-19 Antibody Test Data From Clinical Laboratories,04/18/2020,Percent Positivity,0.5,04/11/2021,347
Colorado,5763976,Daily COVID-19 Antibody Test Data From Clinical Laboratories,04/18/2020,Cumulative Antibody Tests Performed,6,04/11/2021,348
Colorado,5763976,Daily COVID-19 PCR Test Data From Clinical Laboratories,04/19/2020,Percent Positivity,0.209,04/11/2021,349
Colorado,5763976,Daily COVID-19 PCR Test Data From Clinical Laboratories,04/19/2020,People Tested at CDPHE State Lab,437,04/11/2021,350
Colorado,5763976,Daily COVID-19 PCR Test Data From Clinical Laboratories,03/19/2020,Cumulative People Tested at Non-CDPHE (Commerical) Labs,948,04/11/2021,351
Colorado,5763976,Daily COVID-19 PCR Test Data From Clinical Laboratories,03/19/2020,7-Day Average Percent Positivity,0.102,04/11/2021,352
Colorado,5763976,Daily COVID-19 PCR Test Data From Clinical Laboratories,03/19/2020,3-Day Average Percent Positivity,0.103,04/11/2021,353
Colorado,5763976,Daily COVID-19 PCR Test Data From Clinical Laboratories,03/20/2020,Percent Positivity,0.138,04/11/2021,354
Colorado,5763976,Daily COVID-19 PCR Test Data From Clinical Laboratories,03/20/2020,People Tested at CDPHE State Lab,458,04/11/2021,355
Colorado,5763976,Daily COVID-19 PCR Test Data From Clinical Laboratories,03/20/2020,People Tested at Non-CDPHE (Commerical) Labs,413,04/11/2021,356
Colorado,5763976,Daily COVID-19 PCR Test Data From Clinical Laboratories,03/20/2020,Cumulative People Tested at CDPHE State Lab,3436,04/11/2021,357
Colorado,5763976,Daily COVID-19 PCR Test Data From Clinical Laboratories,03/20/2020,Cumulative People Tested at Non-CDPHE (Commerical) Labs,1361,04/11/2021,358
Colorado,5763976,Daily COVID-19 PCR Test Data From Clinical Laboratories,03/20/2020,7-Day Average Percent Positivity,0.109,04/11/2021,359
Colorado,5763976,Daily COVID-19 PCR Test Data From Clinical Laboratories,03/20/2020,3-Day Average Percent Positivity,0.123,04/11/2021,360
Colorado,5763976,Daily COVID-19 PCR Test Data From Clinical Laboratories,03/21/2020,Percent Positivity,0.091,04/11/2021,361
Colorado,5763976,Daily COVID-19 PCR Test Data From Clinical Laboratories,03/21/2020,People Tested at CDPHE State Lab,944,04/11/2021,362
Colorado,5763976,Daily COVID-19 PCR Test Data From Clinical Laboratories,03/21/2020,People Tested at Non-CDPHE (Commerical) Labs,534,04/11/2021,363
Colorado,5763976,Daily COVID-19 PCR Test Data From Clinical Laboratories,03/21/2020,Cumulative People Tested at CDPHE State Lab,4380,04/11/2021,364
Colorado,5763976,Daily COVID-19 PCR Test Data From Clinical Laboratories,03/21/2020,Cumulative People Tested at Non-CDPHE (Commerical) Labs,1895,04/11/2021,365
Colorado,5763976,Daily COVID-19 PCR Test Data From Clinical Laboratories,03/21/2020,7-Day Average Percent Positivity,0.104,04/11/2021,366
Colorado,5763976,Daily COVID-19 PCR Test Data From Clinical Laboratories,03/21/2020,3-Day Average Percent Positivity,0.109,04/11/2021,367
Colorado,5763976,Daily COVID-19 PCR Test Data From Clinical Laboratories,03/22/2020,Percent Positivity,0.173,04/11/2021,368
Colorado,5763976,Daily COVID-19 PCR Test Data From Clinical Laboratories,03/22/2020,People Tested at CDPHE State Lab,393,04/11/2021,369
Colorado,5763976,Daily COVID-19 PCR Test Data From Clinical Laboratories,03/22/2020,People Tested at Non-CDPHE (Commerical) Labs,552,04/11/2021,370
Colorado,5763976,Daily COVID-19 PCR Test Data From Clinical Laboratories,03/22/2020,Cumulative People Tested at CDPHE State Lab,4773,04/11/2021,371
Colorado,5763976,Daily COVID-19 PCR Test Data From Clinical Laboratories,03/22/2020,Cumulative People Tested at Non-CDPHE (Commerical) Labs,2447,04/11/2021,372
Colorado,5763976,Daily COVID-19 PCR Test Data From Clinical Laboratories,03/22/2020,7-Day Average Percent Positivity,0.115,04/11/2021,373
Colorado,5763976,Daily COVID-19 PCR Test Data From Clinical Laboratories,03/22/2020,3-Day Average Percent Positivity,0.127,04/11/2021,374
Colorado,5763976,Weekly COVID-19 PCR Test Data From Clinical Laboratories,03/22/2020,People Tested at CDPHE State Lab,3972,04/11/2021,375
Colorado,5763976,Weekly COVID-19 PCR Test Data From Clinical Laboratories,03/22/2020,People Tested at Non-CDPHE (Commerical) Labs,6483,04/11/2021,376
Colorado,5763976,Weekly COVID-19 PCR Test Data From Clinical Laboratories,03/22/2020,Weekly Percent Positivity,0.165,04/11/2021,377
Colorado,5763976,Weekly COVID-19 PCR Test Data From Clinical Laboratories,03/22/2020,Cumulative People Tested at CDPHE State Lab,8352,04/11/2021,378
Colorado,5763976,Weekly COVID-19 PCR Test Data From Clinical Laboratories,03/22/2020,Cumulative People Tested at Non-CDPHE (Commerical) Labs,8378,04/11/2021,379
Colorado,5763976,Weekly COVID-19 PCR Test Data From Clinical Laboratories,03/22/2020,Percent Change in Weekly Positivity,0.59,04/11/2021,380
Colorado,5763976,Daily COVID-19 PCR Test Data From Clinical Laboratories,03/23/2020,Percent Positivity,0.106,04/11/2021,381
Colorado,5763976,Daily COVID-19 PCR Test Data From Clinical Laboratories,03/23/2020,People Tested at CDPHE State Lab,1030,04/11/2021,382
Colorado,5763976,Daily COVID-19 PCR Test Data From Clinical Laboratories,03/23/2020,People Tested at Non-CDPHE (Commerical) Labs,445,04/11/2021,383
Colorado,5763976,Daily COVID-19 PCR Test Data From Clinical Laboratories,03/23/2020,Cumulative People Tested at CDPHE State Lab,5803,04/11/2021,384
Colorado,5763976,Daily COVID-19 PCR Test Data From Clinical Laboratories,03/23/2020,Cumulative People Tested at Non-CDPHE (Commerical) Labs,2892,04/11/2021,385
Colorado,5763976,Daily COVID-19 PCR Test Data From Clinical Laboratories,03/23/2020,7-Day Average Percent Positivity,0.115,04/11/2021,386
Colorado,5763976,Daily COVID-19 PCR Test Data From Clinical Laboratories,03/23/2020,3-Day Average Percent Positivity,0.117,04/11/2021,387
Colorado,5763976,Daily COVID-19 PCR Test Data From Clinical Laboratories,03/24/2020,Percent Positivity,0.186,04/11/2021,388
Colorado,5763976,Daily COVID-19 PCR Test Data From Clinical Laboratories,03/24/2020,People Tested at CDPHE State Lab,681,04/11/2021,389
Colorado,5763976,Daily COVID-19 PCR Test Data From Clinical Laboratories,03/24/2020,People Tested at Non-CDPHE (Commerical) Labs,506,04/11/2021,390
Colorado,5763976,Daily COVID-19 PCR Test Data From Clinical Laboratories,03/24/2020,Cumulative People Tested at CDPHE State Lab,6484,04/11/2021,391
Colorado,5763976,Daily COVID-19 PCR Test Data From Clinical Laboratories,03/24/2020,Cumulative People Tested at Non-CDPHE (Commerical) Labs,3398,04/11/2021,392
Colorado,5763976,Daily COVID-19 PCR Test Data From Clinical Laboratories,03/24/2020,7-Day Average Percent Positivity,0.13,04/11/2021,393
Colorado,5763976,Daily COVID-19 PCR Test Data From Clinical Laboratories,03/24/2020,3-Day Average Percent Positivity,0.15,04/11/2021,394
Colorado,5763976,Daily COVID-19 PCR Test Data From Clinical Laboratories,03/25/2020,Percent Positivity,0.16,04/11/2021,395
Colorado,5763976,Daily COVID-19 PCR Test Data From Clinical Laboratories,03/25/2020,People Tested at CDPHE State Lab,389,04/11/2021,396
Colorado,5763976,Daily COVID-19 PCR Test Data From Clinical Laboratories,03/25/2020,People Tested at Non-CDPHE (Commerical) Labs,1506,04/11/2021,397
Colorado,5763976,Daily COVID-19 PCR Test Data From Clinical Laboratories,03/25/2020,Cumulative People Tested at CDPHE State Lab,6873,04/11/2021,398
Colorado,5763976,Daily COVID-19 PCR Test Data From Clinical Laboratories,03/25/2020,Cumulative People Tested at Non-CDPHE (Commerical) Labs,4904,04/11/2021,399
Colorado,5763976,Daily COVID-19 PCR Test Data From Clinical Laboratories,03/25/2020,7-Day Average Percent Positivity,0.137,04/11/2021,400
Colorado,5763976,Daily COVID-19 PCR Test Data From Clinical Laboratories,05/07/2020,Cumulative People Tested at CDPHE State Lab,26030,04/11/2021,401
Colorado,5763976,Daily COVID-19 PCR Test Data From Clinical Laboratories,05/07/2020,Cumulative People Tested at Non-CDPHE (Commerical) Labs,85184,04/11/2021,402
Colorado,5763976,Daily COVID-19 PCR Test Data From Clinical Laboratories,05/07/2020,7-Day Average Percent Positivity,0.115,04/11/2021,403
Colorado,5763976,Daily COVID-19 PCR Test Data From Clinical Laboratories,05/07/2020,3-Day Average Percent Positivity,0.103,04/11/2021,404
Colorado,5763976,Daily COVID-19 Antibody Test Data From Clinical Laboratories,05/07/2020,Antibody Tests Performed,2167,04/11/2021,405
Colorado,5763976,Daily COVID-19 Antibody Test Data From Clinical Laboratories,05/07/2020,Number of negative tests,1971,04/11/2021,406
Colorado,5763976,Daily COVID-19 Antibody Test Data From Clinical Laboratories,05/07/2020,Number of positive tests,196,04/11/2021,407
Colorado,5763976,Daily COVID-19 Antibody Test Data From Clinical Laboratories,05/07/2020,Total Tests per 100K People,37.596,04/11/2021,408
Colorado,5763976,Daily COVID-19 Antibody Test Data From Clinical Laboratories,05/07/2020,Percent Positivity,0.09,04/11/2021,409
Colorado,5763976,Daily COVID-19 Antibody Test Data From Clinical Laboratories,05/07/2020,7-Day Average Percent Positivity,0.091,04/11/2021,410
Colorado,5763976,Daily COVID-19 Antibody Test Data From Clinical Laboratories,05/07/2020,3-Day Average Percent Positivity,0.099,04/11/2021,411
Colorado,5763976,Daily COVID-19 Antibody Test Data From Clinical Laboratories,05/07/2020,Cumulative Antibody Tests Performed,17401,04/11/2021,412
Colorado,5763976,Daily COVID-19 PCR Test Data From Clinical Laboratories,05/08/2020,Percent Positivity,0.123,04/11/2021,413
Colorado,5763976,Daily COVID-19 PCR Test Data From Clinical Laboratories,05/08/2020,People Tested at CDPHE State Lab,957,04/11/2021,414
Colorado,5763976,Daily COVID-19 PCR Test Data From Clinical Laboratories,05/08/2020,People Tested at Non-CDPHE (Commerical) Labs,3751,04/11/2021,415
Colorado,5763976,Daily COVID-19 PCR Test Data From Clinical Laboratories,05/08/2020,Cumulative People Tested at CDPHE State Lab,26987,04/11/2021,416
Colorado,5763976,Daily COVID-19 PCR Test Data From Clinical Laboratories,05/08/2020,Cumulative People Tested at Non-CDPHE (Commerical) Labs,88935,04/11/2021,417
Colorado,5763976,Daily COVID-19 PCR Test Data From Clinical Laboratories,05/08/2020,7-Day Average Percent Positivity,0.113,04/11/2021,418
Colorado,5763976,Daily COVID-19 PCR Test Data From Clinical Laboratories,05/08/2020,3-Day Average Percent Positivity,0.11,04/11/2021,419
Colorado,5763976,Daily COVID-19 Antibody Test Data From Clinical Laboratories,05/08/2020,Antibody Tests Performed,2025,04/11/2021,420
Colorado,5763976,Daily COVID-19 Antibody Test Data From Clinical Laboratories,05/08/2020,Number of negative tests,1891,04/11/2021,421
Colorado,5763976,Daily COVID-19 Antibody Test Data From Clinical Laboratories,05/08/2020,Number of positive tests,134,04/11/2021,422
Colorado,5763976,Daily COVID-19 Antibody Test Data From Clinical Laboratories,05/08/2020,Total Tests per 100K People,35.132,04/11/2021,423
Colorado,5763976,Daily COVID-19 Antibody Test Data From Clinical Laboratories,05/08/2020,Percent Positivity,0.066,04/11/2021,424
Colorado,5763976,Daily COVID-19 Antibody Test Data From Clinical Laboratories,05/08/2020,7-Day Average Percent Positivity,0.086,04/11/2021,425
Colorado,5763976,Daily COVID-19 Antibody Test Data From Clinical Laboratories,05/08/2020,3-Day Average Percent Positivity,0.086,04/11/2021,426
Colorado,5763976,Daily COVID-19 Antibody Test Data From Clinical Laboratories,05/08/2020,Cumulative Antibody Tests Performed,19426,04/11/2021,427
Colorado,5763976,Daily COVID-19 PCR Test Data From Clinical Laboratories,05/09/2020,Percent Positivity,0.098,04/11/2021,428
Colorado,5763976,Daily COVID-19 PCR Test Data From Clinical Laboratories,05/09/2020,People Tested at CDPHE State Lab,981,04/11/2021,429
Colorado,5763976,Daily COVID-19 PCR Test Data From Clinical Laboratories,05/09/2020,People Tested at Non-CDPHE (Commerical) Labs,3059,04/11/2021,430
Colorado,5763976,Daily COVID-19 PCR Test Data From Clinical Laboratories,05/09/2020,Cumulative People Tested at CDPHE State Lab,27968,04/11/2021,431
Colorado,5763976,Daily COVID-19 PCR Test Data From Clinical Laboratories,05/09/2020,Cumulative People Tested at Non-CDPHE (Commerical) Labs,91994,04/11/2021,432
Colorado,5763976,Daily COVID-19 PCR Test Data From Clinical Laboratories,05/09/2020,7-Day Average Percent Positivity,0.109,04/11/2021,433
Colorado,5763976,Daily COVID-19 PCR Test Data From Clinical Laboratories,05/09/2020,3-Day Average Percent Positivity,0.1,04/11/2021,434
Colorado,5763976,Daily COVID-19 Antibody Test Data From Clinical Laboratories,05/09/2020,Antibody Tests Performed,1799,04/11/2021,435
Colorado,5763976,Daily COVID-19 Antibody Test Data From Clinical Laboratories,05/09/2020,Number of negative tests,1654,04/11/2021,436
Colorado,5763976,Daily COVID-19 Antibody Test Data From Clinical Laboratories,05/09/2020,Number of positive tests,145,04/11/2021,437
Colorado,5763976,Daily COVID-19 Antibody Test Data From Clinical Laboratories,05/09/2020,Total Tests per 100K People,31.211,04/11/2021,438
Colorado,5763976,Daily COVID-19 Antibody Test Data From Clinical Laboratories,05/09/2020,Percent Positivity,0.081,04/11/2021,439
Colorado,5763976,Daily COVID-19 Antibody Test Data From Clinical Laboratories,05/09/2020,7-Day Average Percent Positivity,0.086,04/11/2021,440
Colorado,5763976,Daily COVID-19 Antibody Test Data From Clinical Laboratories,05/09/2020,3-Day Average Percent Positivity,0.079,04/11/2021,441
Colorado,5763976,Daily COVID-19 Antibody Test Data From Clinical Laboratories,05/09/2020,Cumulative Antibody Tests Performed,21225,04/11/2021,442
Colorado,5763976,Daily COVID-19 PCR Test Data From Clinical Laboratories,05/10/2020,Percent Positivity,0.077,04/11/2021,443
Colorado,5763976,Daily COVID-19 PCR Test Data From Clinical Laboratories,05/10/2020,People Tested at CDPHE State Lab,971,04/11/2021,444
Colorado,5763976,Daily COVID-19 PCR Test Data From Clinical Laboratories,05/10/2020,People Tested at Non-CDPHE (Commerical) Labs,2121,04/11/2021,445
Colorado,5763976,Daily COVID-19 PCR Test Data From Clinical Laboratories,05/10/2020,Cumulative People Tested at CDPHE State Lab,28939,04/11/2021,446
Colorado,5763976,Daily COVID-19 PCR Test Data From Clinical Laboratories,05/10/2020,Cumulative People Tested at Non-CDPHE (Commerical) Labs,94115,04/11/2021,447
Colorado,5763976,Daily COVID-19 PCR Test Data From Clinical Laboratories,05/10/2020,7-Day Average Percent Positivity,0.105,04/11/2021,448
Colorado,5763976,Daily COVID-19 PCR Test Data From Clinical Laboratories,05/10/2020,3-Day Average Percent Positivity,0.102,04/11/2021,449
Colorado,5763976,Daily COVID-19 Antibody Test Data From Clinical Laboratories,05/10/2020,Antibody Tests Performed,1841,04/11/2021,450
Colorado,5763976,Daily COVID-19 Antibody Test Data From Clinical Laboratories,04/25/2020,Antibody Tests Performed,682,04/11/2021,451
Colorado,5763976,Daily COVID-19 PCR Test Data From Clinical Laboratories,04/19/2020,People Tested at Non-CDPHE (Commerical) Labs,1059,04/11/2021,452
Colorado,5763976,Daily COVID-19 PCR Test Data From Clinical Laboratories,04/19/2020,Cumulative People Tested at CDPHE State Lab,14960,04/11/2021,453
Colorado,5763976,Daily COVID-19 PCR Test Data From Clinical Laboratories,04/19/2020,Cumulative People Tested at Non-CDPHE (Commerical) Labs,39998,04/11/2021,454
Colorado,5763976,Daily COVID-19 PCR Test Data From Clinical Laboratories,04/19/2020,7-Day Average Percent Positivity,0.22,04/11/2021,455
Colorado,5763976,Daily COVID-19 PCR Test Data From Clinical Laboratories,04/19/2020,3-Day Average Percent Positivity,0.21,04/11/2021,456
Colorado,5763976,Daily COVID-19 Antibody Test Data From Clinical Laboratories,04/19/2020,Antibody Tests Performed,0,04/11/2021,457
Colorado,5763976,Daily COVID-19 Antibody Test Data From Clinical Laboratories,04/19/2020,Number of negative tests,0,04/11/2021,458
Colorado,5763976,Daily COVID-19 Antibody Test Data From Clinical Laboratories,04/19/2020,Number of positive tests,0,04/11/2021,459
Colorado,5763976,Daily COVID-19 Antibody Test Data From Clinical Laboratories,04/19/2020,Total Tests per 100K People,0,04/11/2021,460
Colorado,5763976,Daily COVID-19 Antibody Test Data From Clinical Laboratories,04/19/2020,Cumulative Antibody Tests Performed,6,04/11/2021,461
Colorado,5763976,Weekly COVID-19 PCR Test Data From Clinical Laboratories,04/19/2020,People Tested at CDPHE State Lab,4242,04/11/2021,462
Colorado,5763976,Weekly COVID-19 PCR Test Data From Clinical Laboratories,04/19/2020,People Tested at Non-CDPHE (Commerical) Labs,14402,04/11/2021,463
Colorado,5763976,Weekly COVID-19 PCR Test Data From Clinical Laboratories,04/19/2020,Weekly Percent Positivity,0.184,04/11/2021,464
Colorado,5763976,Weekly COVID-19 PCR Test Data From Clinical Laboratories,04/19/2020,Cumulative People Tested at CDPHE State Lab,18765,04/11/2021,465
Colorado,5763976,Weekly COVID-19 PCR Test Data From Clinical Laboratories,04/19/2020,Cumulative People Tested at Non-CDPHE (Commerical) Labs,53341,04/11/2021,466
Colorado,5763976,Weekly COVID-19 PCR Test Data From Clinical Laboratories,04/19/2020,Percent Change in Weekly Positivity,-0.17,04/11/2021,467
Colorado,5763976,Weekly COVID-19 Antibody Test Data From Clinical Laboratories,04/19/2020,Antibody Tests Performed,1467,04/11/2021,468
Colorado,5763976,Weekly COVID-19 Antibody Test Data From Clinical Laboratories,04/19/2020,Number of positive tests,170,04/11/2021,469
Colorado,5763976,Weekly COVID-19 Antibody Test Data From Clinical Laboratories,04/19/2020,Number of negative tests,1297,04/11/2021,470
Colorado,5763976,Weekly COVID-19 Antibody Test Data From Clinical Laboratories,04/19/2020,Weekly Percent Positivity,0.116,04/11/2021,471
Colorado,5763976,Weekly COVID-19 Antibody Test Data From Clinical Laboratories,04/19/2020,Cumulative Antibody Tests Performed,1473,04/11/2021,472
Colorado,5763976,Weekly COVID-19 Antibody Test Data From Clinical Laboratories,04/19/2020,Percent Change in Weekly Positivity,-0.77,04/11/2021,473
Colorado,5763976,Daily COVID-19 PCR Test Data From Clinical Laboratories,04/20/2020,Percent Positivity,0.215,04/11/2021,474
Colorado,5763976,Daily COVID-19 PCR Test Data From Clinical Laboratories,04/20/2020,People Tested at CDPHE State Lab,460,04/11/2021,475
Colorado,5763976,Daily COVID-19 PCR Test Data From Clinical Laboratories,04/20/2020,People Tested at Non-CDPHE (Commerical) Labs,1047,04/11/2021,476
Colorado,5763976,Daily COVID-19 PCR Test Data From Clinical Laboratories,04/20/2020,Cumulative People Tested at CDPHE State Lab,15420,04/11/2021,477
Colorado,5763976,Daily COVID-19 PCR Test Data From Clinical Laboratories,04/20/2020,Cumulative People Tested at Non-CDPHE (Commerical) Labs,41045,04/11/2021,478
Colorado,5763976,Daily COVID-19 PCR Test Data From Clinical Laboratories,04/20/2020,7-Day Average Percent Positivity,0.218,04/11/2021,479
Colorado,5763976,Daily COVID-19 PCR Test Data From Clinical Laboratories,04/20/2020,3-Day Average Percent Positivity,0.2,04/11/2021,480
Colorado,5763976,Daily COVID-19 Antibody Test Data From Clinical Laboratories,04/20/2020,Antibody Tests Performed,12,04/11/2021,481
Colorado,5763976,Daily COVID-19 Antibody Test Data From Clinical Laboratories,04/20/2020,Number of negative tests,9,04/11/2021,482
Colorado,5763976,Daily COVID-19 Antibody Test Data From Clinical Laboratories,04/20/2020,Number of positive tests,3,04/11/2021,483
Colorado,5763976,Daily COVID-19 Antibody Test Data From Clinical Laboratories,04/20/2020,Total Tests per 100K People,0.208,04/11/2021,484
Colorado,5763976,Daily COVID-19 Antibody Test Data From Clinical Laboratories,04/20/2020,Percent Positivity,0.25,04/11/2021,485
Colorado,5763976,Daily COVID-19 Antibody Test Data From Clinical Laboratories,04/20/2020,3-Day Average Percent Positivity,0.333,04/11/2021,486
Colorado,5763976,Daily COVID-19 Antibody Test Data From Clinical Laboratories,04/20/2020,Cumulative Antibody Tests Performed,18,04/11/2021,487
Colorado,5763976,Daily COVID-19 PCR Test Data From Clinical Laboratories,04/21/2020,Percent Positivity,0.156,04/11/2021,488
Colorado,5763976,Daily COVID-19 PCR Test Data From Clinical Laboratories,04/21/2020,People Tested at CDPHE State Lab,531,04/11/2021,489
Colorado,5763976,Daily COVID-19 PCR Test Data From Clinical Laboratories,04/21/2020,People Tested at Non-CDPHE (Commerical) Labs,1650,04/11/2021,490
Colorado,5763976,Daily COVID-19 PCR Test Data From Clinical Laboratories,04/21/2020,Cumulative People Tested at CDPHE State Lab,15951,04/11/2021,491
Colorado,5763976,Daily COVID-19 PCR Test Data From Clinical Laboratories,04/21/2020,Cumulative People Tested at Non-CDPHE (Commerical) Labs,42695,04/11/2021,492
Colorado,5763976,Daily COVID-19 PCR Test Data From Clinical Laboratories,04/21/2020,7-Day Average Percent Positivity,0.203,04/11/2021,493
Colorado,5763976,Daily COVID-19 PCR Test Data From Clinical Laboratories,04/21/2020,3-Day Average Percent Positivity,0.189,04/11/2021,494
Colorado,5763976,Daily COVID-19 Antibody Test Data From Clinical Laboratories,04/21/2020,Antibody Tests Performed,38,04/11/2021,495
Colorado,5763976,Daily COVID-19 Antibody Test Data From Clinical Laboratories,04/21/2020,Number of negative tests,38,04/11/2021,496
Colorado,5763976,Daily COVID-19 Antibody Test Data From Clinical Laboratories,04/21/2020,Number of positive tests,0,04/11/2021,497
Colorado,5763976,Daily COVID-19 Antibody Test Data From Clinical Laboratories,04/21/2020,Total Tests per 100K People,0.659,04/11/2021,498
Colorado,5763976,Daily COVID-19 Antibody Test Data From Clinical Laboratories,04/21/2020,Percent Positivity,0,04/11/2021,499
Colorado,5763976,Daily COVID-19 Antibody Test Data From Clinical Laboratories,04/21/2020,3-Day Average Percent Positivity,0.06,04/11/2021,500
Colorado,5763976,Daily COVID-19 Antibody Test Data From Clinical Laboratories,04/21/2020,Cumulative Antibody Tests Performed,56,04/11/2021,501
Colorado,5763976,Daily COVID-19 Antibody Test Data From Clinical Laboratories,04/25/2020,Number of negative tests,625,04/11/2021,502
Colorado,5763976,Daily COVID-19 PCR Test Data From Clinical Laboratories,04/28/2020,Percent Positivity,0.143,04/11/2021,503
Colorado,5763976,Daily COVID-19 PCR Test Data From Clinical Laboratories,04/28/2020,People Tested at CDPHE State Lab,505,04/11/2021,504
Colorado,5763976,Daily COVID-19 Antibody Test Data From Clinical Laboratories,04/25/2020,Number of positive tests,57,04/11/2021,505
Colorado,5763976,Daily COVID-19 PCR Test Data From Clinical Laboratories,05/01/2020,7-Day Average Percent Positivity,0.144,04/11/2021,506
Colorado,5763976,Daily COVID-19 PCR Test Data From Clinical Laboratories,04/28/2020,People Tested at Non-CDPHE (Commerical) Labs,2296,04/11/2021,507
Colorado,5763976,Daily COVID-19 Antibody Test Data From Clinical Laboratories,04/25/2020,Total Tests per 100K People,11.832,04/11/2021,508
Colorado,5763976,Daily COVID-19 PCR Test Data From Clinical Laboratories,05/01/2020,3-Day Average Percent Positivity,0.14,04/11/2021,509
Colorado,5763976,Daily COVID-19 PCR Test Data From Clinical Laboratories,04/28/2020,Cumulative People Tested at CDPHE State Lab,20716,04/11/2021,510
Colorado,5763976,Daily COVID-19 Antibody Test Data From Clinical Laboratories,04/25/2020,Percent Positivity,0.084,04/11/2021,511
Colorado,5763976,Daily COVID-19 Antibody Test Data From Clinical Laboratories,05/01/2020,Antibody Tests Performed,1857,04/11/2021,512
Colorado,5763976,Daily COVID-19 PCR Test Data From Clinical Laboratories,04/28/2020,Cumulative People Tested at Non-CDPHE (Commerical) Labs,59590,04/11/2021,513
Colorado,5763976,Daily COVID-19 Antibody Test Data From Clinical Laboratories,04/25/2020,7-Day Average Percent Positivity,0.116,04/11/2021,514
Colorado,5763976,Daily COVID-19 Antibody Test Data From Clinical Laboratories,05/01/2020,Number of negative tests,1679,04/11/2021,515
Colorado,5763976,Daily COVID-19 PCR Test Data From Clinical Laboratories,04/28/2020,7-Day Average Percent Positivity,0.169,04/11/2021,516
Colorado,5763976,Daily COVID-19 Antibody Test Data From Clinical Laboratories,04/25/2020,3-Day Average Percent Positivity,0.11,04/11/2021,517
Colorado,5763976,Daily COVID-19 Antibody Test Data From Clinical Laboratories,05/01/2020,Number of positive tests,178,04/11/2021,518
Colorado,5763976,Daily COVID-19 PCR Test Data From Clinical Laboratories,04/28/2020,3-Day Average Percent Positivity,0.148,04/11/2021,519
Colorado,5763976,Daily COVID-19 Antibody Test Data From Clinical Laboratories,04/25/2020,Cumulative Antibody Tests Performed,1473,04/11/2021,520
Colorado,5763976,Daily COVID-19 Antibody Test Data From Clinical Laboratories,05/01/2020,Total Tests per 100K People,32.217,04/11/2021,521
Colorado,5763976,Daily COVID-19 Antibody Test Data From Clinical Laboratories,04/28/2020,Antibody Tests Performed,736,04/11/2021,522
Colorado,5763976,Daily COVID-19 PCR Test Data From Clinical Laboratories,04/26/2020,Percent Positivity,0.16,04/11/2021,523
Colorado,5763976,Daily COVID-19 Antibody Test Data From Clinical Laboratories,05/01/2020,Percent Positivity,0.096,04/11/2021,524
Colorado,5763976,Daily COVID-19 Antibody Test Data From Clinical Laboratories,05/01/2020,7-Day Average Percent Positivity,0.095,04/11/2021,525
Colorado,5763976,Daily COVID-19 Antibody Test Data From Clinical Laboratories,05/01/2020,3-Day Average Percent Positivity,0.096,04/11/2021,526
Colorado,5763976,Daily COVID-19 Antibody Test Data From Clinical Laboratories,05/01/2020,Cumulative Antibody Tests Performed,8372,04/11/2021,527
Colorado,5763976,Daily COVID-19 PCR Test Data From Clinical Laboratories,05/02/2020,Percent Positivity,0.123,04/11/2021,528
Colorado,5763976,Daily COVID-19 PCR Test Data From Clinical Laboratories,05/02/2020,People Tested at CDPHE State Lab,689,04/11/2021,529
Colorado,5763976,Daily COVID-19 PCR Test Data From Clinical Laboratories,05/02/2020,People Tested at Non-CDPHE (Commerical) Labs,2913,04/11/2021,530
Colorado,5763976,Daily COVID-19 PCR Test Data From Clinical Laboratories,05/02/2020,Cumulative People Tested at CDPHE State Lab,23283,04/11/2021,531
Colorado,5763976,Daily COVID-19 PCR Test Data From Clinical Laboratories,05/02/2020,Cumulative People Tested at Non-CDPHE (Commerical) Labs,70697,04/11/2021,532
Colorado,5763976,Daily COVID-19 PCR Test Data From Clinical Laboratories,05/02/2020,7-Day Average Percent Positivity,0.14,04/11/2021,533
Colorado,5763976,Daily COVID-19 PCR Test Data From Clinical Laboratories,05/02/2020,3-Day Average Percent Positivity,0.133,04/11/2021,534
Colorado,5763976,Daily COVID-19 Antibody Test Data From Clinical Laboratories,05/02/2020,Antibody Tests Performed,1896,04/11/2021,535
Colorado,5763976,Daily COVID-19 Antibody Test Data From Clinical Laboratories,05/02/2020,Number of negative tests,1750,04/11/2021,536
Colorado,5763976,Daily COVID-19 Antibody Test Data From Clinical Laboratories,05/02/2020,Number of positive tests,146,04/11/2021,537
Colorado,5763976,Daily COVID-19 Antibody Test Data From Clinical Laboratories,05/02/2020,Total Tests per 100K People,32.894,04/11/2021,538
Colorado,5763976,Daily COVID-19 Antibody Test Data From Clinical Laboratories,05/02/2020,Percent Positivity,0.077,04/11/2021,539
Colorado,5763976,Daily COVID-19 Antibody Test Data From Clinical Laboratories,05/02/2020,7-Day Average Percent Positivity,0.092,04/11/2021,540
Colorado,5763976,Daily COVID-19 Antibody Test Data From Clinical Laboratories,05/02/2020,3-Day Average Percent Positivity,0.086,04/11/2021,541
Colorado,5763976,Daily COVID-19 Antibody Test Data From Clinical Laboratories,05/02/2020,Cumulative Antibody Tests Performed,10268,04/11/2021,542
Colorado,5763976,Daily COVID-19 PCR Test Data From Clinical Laboratories,05/03/2020,Percent Positivity,0.109,04/11/2021,543
Colorado,5763976,Daily COVID-19 PCR Test Data From Clinical Laboratories,05/03/2020,People Tested at CDPHE State Lab,370,04/11/2021,544
Colorado,5763976,Daily COVID-19 PCR Test Data From Clinical Laboratories,05/03/2020,People Tested at Non-CDPHE (Commerical) Labs,1874,04/11/2021,545
Colorado,5763976,Daily COVID-19 PCR Test Data From Clinical Laboratories,05/03/2020,Cumulative People Tested at CDPHE State Lab,23653,04/11/2021,546
Colorado,5763976,Daily COVID-19 PCR Test Data From Clinical Laboratories,05/03/2020,Cumulative People Tested at Non-CDPHE (Commerical) Labs,72571,04/11/2021,547
Colorado,5763976,Daily COVID-19 PCR Test Data From Clinical Laboratories,05/03/2020,7-Day Average Percent Positivity,0.134,04/11/2021,548
Colorado,5763976,Daily COVID-19 PCR Test Data From Clinical Laboratories,05/03/2020,3-Day Average Percent Positivity,0.128,04/11/2021,549
Colorado,5763976,Daily COVID-19 Antibody Test Data From Clinical Laboratories,05/03/2020,Antibody Tests Performed,499,04/11/2021,550
Colorado,5763976,Daily COVID-19 Antibody Test Data From Clinical Laboratories,05/03/2020,Number of negative tests,456,04/11/2021,551
Colorado,5763976,Daily COVID-19 Antibody Test Data From Clinical Laboratories,05/03/2020,Number of positive tests,43,04/11/2021,552
Colorado,5763976,Daily COVID-19 Antibody Test Data From Clinical Laboratories,05/03/2020,Total Tests per 100K People,8.657,04/11/2021,553
Colorado,5763976,Daily COVID-19 Antibody Test Data From Clinical Laboratories,05/03/2020,Percent Positivity,0.086,04/11/2021,554
Colorado,5763976,Daily COVID-19 Antibody Test Data From Clinical Laboratories,05/03/2020,7-Day Average Percent Positivity,0.094,04/11/2021,555
Colorado,5763976,Daily COVID-19 Antibody Test Data From Clinical Laboratories,05/03/2020,3-Day Average Percent Positivity,0.086,04/11/2021,556
Colorado,5763976,Daily COVID-19 Antibody Test Data From Clinical Laboratories,05/03/2020,Cumulative Antibody Tests Performed,10767,04/11/2021,557
Colorado,5763976,Weekly COVID-19 PCR Test Data From Clinical Laboratories,05/03/2020,People Tested at CDPHE State Lab,4685,04/11/2021,558
Colorado,5763976,Weekly COVID-19 PCR Test Data From Clinical Laboratories,05/03/2020,People Tested at Non-CDPHE (Commerical) Labs,21297,04/11/2021,559
Colorado,5763976,Weekly COVID-19 PCR Test Data From Clinical Laboratories,05/03/2020,Weekly Percent Positivity,0.109,04/11/2021,560
Colorado,5763976,Weekly COVID-19 PCR Test Data From Clinical Laboratories,05/03/2020,Cumulative People Tested at CDPHE State Lab,27968,04/11/2021,561
Colorado,5763976,Weekly COVID-19 PCR Test Data From Clinical Laboratories,05/03/2020,Cumulative People Tested at Non-CDPHE (Commerical) Labs,91994,04/11/2021,562
Colorado,5763976,Weekly COVID-19 PCR Test Data From Clinical Laboratories,05/03/2020,Percent Change in Weekly Positivity,-0.22,04/11/2021,563
Colorado,5763976,Weekly COVID-19 Antibody Test Data From Clinical Laboratories,05/03/2020,Antibody Tests Performed,10957,04/11/2021,564
Colorado,5763976,Weekly COVID-19 Antibody Test Data From Clinical Laboratories,05/03/2020,Number of positive tests,948,04/11/2021,565
Colorado,5763976,Weekly COVID-19 Antibody Test Data From Clinical Laboratories,05/03/2020,Number of negative tests,10009,04/11/2021,566
Colorado,5763976,Weekly COVID-19 Antibody Test Data From Clinical Laboratories,05/03/2020,Weekly Percent Positivity,0.086,04/11/2021,567
Colorado,5763976,Daily COVID-19 Antibody Test Data From Clinical Laboratories,04/28/2020,Number of negative tests,656,04/11/2021,568
Colorado,5763976,Daily COVID-19 Antibody Test Data From Clinical Laboratories,04/28/2020,Number of positive tests,80,04/11/2021,569
Colorado,5763976,Daily COVID-19 Antibody Test Data From Clinical Laboratories,04/28/2020,Total Tests per 100K People,12.769,04/11/2021,570
Colorado,5763976,Daily COVID-19 Antibody Test Data From Clinical Laboratories,04/28/2020,Percent Positivity,0.109,04/11/2021,571
Colorado,5763976,Daily COVID-19 Antibody Test Data From Clinical Laboratories,04/28/2020,7-Day Average Percent Positivity,0.106,04/11/2021,572
Colorado,5763976,Daily COVID-19 Antibody Test Data From Clinical Laboratories,04/28/2020,3-Day Average Percent Positivity,0.098,04/11/2021,573
Colorado,5763976,Daily COVID-19 Antibody Test Data From Clinical Laboratories,04/28/2020,Cumulative Antibody Tests Performed,3420,04/11/2021,574
Colorado,5763976,Daily COVID-19 PCR Test Data From Clinical Laboratories,04/29/2020,Percent Positivity,0.143,04/11/2021,575
Colorado,5763976,Daily COVID-19 PCR Test Data From Clinical Laboratories,04/29/2020,People Tested at CDPHE State Lab,525,04/11/2021,576
Colorado,5763976,Daily COVID-19 PCR Test Data From Clinical Laboratories,04/29/2020,People Tested at Non-CDPHE (Commerical) Labs,2820,04/11/2021,577
Colorado,5763976,Daily COVID-19 PCR Test Data From Clinical Laboratories,04/29/2020,Cumulative People Tested at CDPHE State Lab,21241,04/11/2021,578
Colorado,5763976,Daily COVID-19 PCR Test Data From Clinical Laboratories,04/29/2020,Cumulative People Tested at Non-CDPHE (Commerical) Labs,62410,04/11/2021,579
Colorado,5763976,Daily COVID-19 PCR Test Data From Clinical Laboratories,04/29/2020,7-Day Average Percent Positivity,0.164,04/11/2021,580
Colorado,5763976,Daily COVID-19 PCR Test Data From Clinical Laboratories,04/29/2020,3-Day Average Percent Positivity,0.142,04/11/2021,581
Colorado,5763976,Daily COVID-19 Antibody Test Data From Clinical Laboratories,04/29/2020,Antibody Tests Performed,1377,04/11/2021,582
Colorado,5763976,Daily COVID-19 Antibody Test Data From Clinical Laboratories,04/29/2020,Number of negative tests,1229,04/11/2021,583
Colorado,5763976,Daily COVID-19 Antibody Test Data From Clinical Laboratories,04/29/2020,Number of positive tests,148,04/11/2021,584
Colorado,5763976,Daily COVID-19 Antibody Test Data From Clinical Laboratories,04/29/2020,Total Tests per 100K People,23.89,04/11/2021,585
Colorado,5763976,Daily COVID-19 PCR Test Data From Clinical Laboratories,04/26/2020,People Tested at CDPHE State Lab,621,04/11/2021,586
Colorado,5763976,Daily COVID-19 Antibody Test Data From Clinical Laboratories,04/29/2020,Percent Positivity,0.107,04/11/2021,587
Colorado,5763976,Daily COVID-19 Antibody Test Data From Clinical Laboratories,04/29/2020,7-Day Average Percent Positivity,0.104,04/11/2021,588
Colorado,5763976,Daily COVID-19 Antibody Test Data From Clinical Laboratories,04/29/2020,3-Day Average Percent Positivity,0.111,04/11/2021,589
Colorado,5763976,Daily COVID-19 Antibody Test Data From Clinical Laboratories,04/29/2020,Cumulative Antibody Tests Performed,4797,04/11/2021,590
Colorado,5763976,Daily COVID-19 PCR Test Data From Clinical Laboratories,04/30/2020,Percent Positivity,0.13,04/11/2021,591
Colorado,5763976,Daily COVID-19 PCR Test Data From Clinical Laboratories,04/30/2020,People Tested at CDPHE State Lab,828,04/11/2021,592
Colorado,5763976,Daily COVID-19 PCR Test Data From Clinical Laboratories,04/30/2020,People Tested at Non-CDPHE (Commerical) Labs,2541,04/11/2021,593
Colorado,5763976,Daily COVID-19 PCR Test Data From Clinical Laboratories,04/30/2020,Cumulative People Tested at CDPHE State Lab,22069,04/11/2021,594
Colorado,5763976,Daily COVID-19 PCR Test Data From Clinical Laboratories,04/30/2020,Cumulative People Tested at Non-CDPHE (Commerical) Labs,64951,04/11/2021,595
Colorado,5763976,Daily COVID-19 PCR Test Data From Clinical Laboratories,04/30/2020,7-Day Average Percent Positivity,0.153,04/11/2021,596
Colorado,5763976,Daily COVID-19 PCR Test Data From Clinical Laboratories,04/30/2020,3-Day Average Percent Positivity,0.139,04/11/2021,597
Colorado,5763976,Daily COVID-19 Antibody Test Data From Clinical Laboratories,04/30/2020,Antibody Tests Performed,1718,04/11/2021,598
Colorado,5763976,Daily COVID-19 Antibody Test Data From Clinical Laboratories,04/30/2020,Number of negative tests,1570,04/11/2021,599
Colorado,5763976,Daily COVID-19 Antibody Test Data From Clinical Laboratories,04/30/2020,Number of positive tests,148,04/11/2021,600
Colorado,5763976,Daily COVID-19 Antibody Test Data From Clinical Laboratories,04/30/2020,Total Tests per 100K People,29.806,04/11/2021,601
Colorado,5763976,Daily COVID-19 Antibody Test Data From Clinical Laboratories,04/30/2020,Percent Positivity,0.086,04/11/2021,602
Colorado,5763976,Daily COVID-19 Antibody Test Data From Clinical Laboratories,04/30/2020,7-Day Average Percent Positivity,0.097,04/11/2021,603
Colorado,5763976,Daily COVID-19 Antibody Test Data From Clinical Laboratories,04/30/2020,3-Day Average Percent Positivity,0.098,04/11/2021,604
Colorado,5763976,Daily COVID-19 Antibody Test Data From Clinical Laboratories,04/30/2020,Cumulative Antibody Tests Performed,6515,04/11/2021,605
Colorado,5763976,Daily COVID-19 PCR Test Data From Clinical Laboratories,05/01/2020,Percent Positivity,0.146,04/11/2021,606
Colorado,5763976,Daily COVID-19 PCR Test Data From Clinical Laboratories,05/01/2020,People Tested at CDPHE State Lab,525,04/11/2021,607
Colorado,5763976,Daily COVID-19 PCR Test Data From Clinical Laboratories,05/01/2020,People Tested at Non-CDPHE (Commerical) Labs,2833,04/11/2021,608
Colorado,5763976,Daily COVID-19 PCR Test Data From Clinical Laboratories,05/01/2020,Cumulative People Tested at CDPHE State Lab,22594,04/11/2021,609
Colorado,5763976,Daily COVID-19 PCR Test Data From Clinical Laboratories,05/01/2020,Cumulative People Tested at Non-CDPHE (Commerical) Labs,67784,04/11/2021,610
Colorado,5763976,Daily COVID-19 PCR Test Data From Clinical Laboratories,04/26/2020,People Tested at Non-CDPHE (Commerical) Labs,2058,04/11/2021,611
Colorado,5763976,Daily COVID-19 PCR Test Data From Clinical Laboratories,04/26/2020,Cumulative People Tested at CDPHE State Lab,19386,04/11/2021,612
Colorado,5763976,Daily COVID-19 PCR Test Data From Clinical Laboratories,04/26/2020,Cumulative People Tested at Non-CDPHE (Commerical) Labs,55399,04/11/2021,613
Colorado,5763976,Daily COVID-19 PCR Test Data From Clinical Laboratories,04/26/2020,7-Day Average Percent Positivity,0.179,04/11/2021,614
Colorado,5763976,Daily COVID-19 PCR Test Data From Clinical Laboratories,04/26/2020,3-Day Average Percent Positivity,0.173,04/11/2021,615
Colorado,5763976,Daily COVID-19 Antibody Test Data From Clinical Laboratories,04/26/2020,Antibody Tests Performed,786,04/11/2021,616
Colorado,5763976,Daily COVID-19 Antibody Test Data From Clinical Laboratories,04/26/2020,Number of negative tests,730,04/11/2021,617
Colorado,5763976,Daily COVID-19 Antibody Test Data From Clinical Laboratories,04/26/2020,Number of positive tests,56,04/11/2021,618
Colorado,5763976,Daily COVID-19 Antibody Test Data From Clinical Laboratories,04/26/2020,Total Tests per 100K People,13.636,04/11/2021,619
Colorado,5763976,Daily COVID-19 Antibody Test Data From Clinical Laboratories,04/26/2020,Percent Positivity,0.071,04/11/2021,620
Colorado,5763976,Daily COVID-19 Antibody Test Data From Clinical Laboratories,04/26/2020,7-Day Average Percent Positivity,0.1,04/11/2021,621
Colorado,5763976,Daily COVID-19 Antibody Test Data From Clinical Laboratories,04/26/2020,3-Day Average Percent Positivity,0.087,04/11/2021,622
Colorado,5763976,Daily COVID-19 Antibody Test Data From Clinical Laboratories,04/26/2020,Cumulative Antibody Tests Performed,2259,04/11/2021,623
Colorado,5763976,Weekly COVID-19 PCR Test Data From Clinical Laboratories,04/26/2020,People Tested at CDPHE State Lab,4518,04/11/2021,624
Colorado,5763976,Weekly COVID-19 PCR Test Data From Clinical Laboratories,04/26/2020,People Tested at Non-CDPHE (Commerical) Labs,17356,04/11/2021,625
Colorado,5763976,Weekly COVID-19 PCR Test Data From Clinical Laboratories,04/26/2020,Weekly Percent Positivity,0.14,04/11/2021,626
Colorado,5763976,Weekly COVID-19 PCR Test Data From Clinical Laboratories,04/26/2020,Cumulative People Tested at CDPHE State Lab,23283,04/11/2021,627
Colorado,5763976,Weekly COVID-19 PCR Test Data From Clinical Laboratories,04/26/2020,Cumulative People Tested at Non-CDPHE (Commerical) Labs,70697,04/11/2021,628
Colorado,5763976,Weekly COVID-19 PCR Test Data From Clinical Laboratories,04/26/2020,Percent Change in Weekly Positivity,-0.24,04/11/2021,629
Colorado,5763976,Weekly COVID-19 Antibody Test Data From Clinical Laboratories,04/26/2020,Antibody Tests Performed,8795,04/11/2021,630
Colorado,5763976,Weekly COVID-19 Antibody Test Data From Clinical Laboratories,04/26/2020,Number of positive tests,810,04/11/2021,631
Colorado,5763976,Weekly COVID-19 Antibody Test Data From Clinical Laboratories,04/26/2020,Number of negative tests,7985,04/11/2021,632
Colorado,5763976,Weekly COVID-19 Antibody Test Data From Clinical Laboratories,04/26/2020,Weekly Percent Positivity,0.092,04/11/2021,633
Colorado,5763976,Weekly COVID-19 Antibody Test Data From Clinical Laboratories,04/26/2020,Cumulative Antibody Tests Performed,10268,04/11/2021,634
Colorado,5763976,Weekly COVID-19 Antibody Test Data From Clinical Laboratories,04/26/2020,Percent Change in Weekly Positivity,-0.21,04/11/2021,635
Colorado,5763976,Daily COVID-19 PCR Test Data From Clinical Laboratories,04/27/2020,Percent Positivity,0.141,04/11/2021,636
Colorado,5763976,Daily COVID-19 PCR Test Data From Clinical Laboratories,04/27/2020,People Tested at CDPHE State Lab,825,04/11/2021,637
Colorado,5763976,Daily COVID-19 PCR Test Data From Clinical Laboratories,04/27/2020,People Tested at Non-CDPHE (Commerical) Labs,1895,04/11/2021,638
Colorado,5763976,Daily COVID-19 PCR Test Data From Clinical Laboratories,04/27/2020,Cumulative People Tested at CDPHE State Lab,20211,04/11/2021,639
Colorado,5763976,Daily COVID-19 PCR Test Data From Clinical Laboratories,04/27/2020,Cumulative People Tested at Non-CDPHE (Commerical) Labs,57294,04/11/2021,640
Colorado,5763976,Daily COVID-19 PCR Test Data From Clinical Laboratories,04/27/2020,7-Day Average Percent Positivity,0.171,04/11/2021,641
Colorado,5763976,Daily COVID-19 PCR Test Data From Clinical Laboratories,04/27/2020,3-Day Average Percent Positivity,0.149,04/11/2021,642
Colorado,5763976,Daily COVID-19 Antibody Test Data From Clinical Laboratories,04/27/2020,Antibody Tests Performed,425,04/11/2021,643
Colorado,5763976,Daily COVID-19 Antibody Test Data From Clinical Laboratories,04/27/2020,Number of negative tests,371,04/11/2021,644
Colorado,5763976,Daily COVID-19 Antibody Test Data From Clinical Laboratories,04/27/2020,Number of positive tests,54,04/11/2021,645
Colorado,5763976,Daily COVID-19 Antibody Test Data From Clinical Laboratories,04/27/2020,Total Tests per 100K People,7.373,04/11/2021,646
Colorado,5763976,Daily COVID-19 Antibody Test Data From Clinical Laboratories,04/27/2020,Percent Positivity,0.127,04/11/2021,647
Colorado,5763976,Daily COVID-19 Antibody Test Data From Clinical Laboratories,04/27/2020,7-Day Average Percent Positivity,0.104,04/11/2021,648
Colorado,5763976,Daily COVID-19 Antibody Test Data From Clinical Laboratories,04/27/2020,3-Day Average Percent Positivity,0.088,04/11/2021,649
Colorado,5763976,Daily COVID-19 Antibody Test Data From Clinical Laboratories,04/27/2020,Cumulative Antibody Tests Performed,2684,04/11/2021,650
Colorado,5763976,Daily COVID-19 PCR Test Data From Clinical Laboratories,04/22/2020,Percent Positivity,0.187,04/11/2021,651
Colorado,5763976,Weekly COVID-19 Antibody Test Data From Clinical Laboratories,05/03/2020,Cumulative Antibody Tests Performed,21225,04/11/2021,652
Colorado,5763976,Weekly COVID-19 Antibody Test Data From Clinical Laboratories,05/03/2020,Percent Change in Weekly Positivity,-0.06,04/11/2021,653
Colorado,5763976,Daily COVID-19 PCR Test Data From Clinical Laboratories,05/04/2020,Percent Positivity,0.124,04/11/2021,654
Colorado,5763976,Daily COVID-19 PCR Test Data From Clinical Laboratories,05/04/2020,People Tested at CDPHE State Lab,291,04/11/2021,655
Colorado,5763976,Daily COVID-19 PCR Test Data From Clinical Laboratories,05/04/2020,People Tested at Non-CDPHE (Commerical) Labs,2739,04/11/2021,656
Colorado,5763976,Daily COVID-19 PCR Test Data From Clinical Laboratories,05/04/2020,Cumulative People Tested at CDPHE State Lab,23944,04/11/2021,657
Colorado,5763976,Daily COVID-19 PCR Test Data From Clinical Laboratories,05/04/2020,Cumulative People Tested at Non-CDPHE (Commerical) Labs,75310,04/11/2021,658
Colorado,5763976,Daily COVID-19 PCR Test Data From Clinical Laboratories,05/04/2020,7-Day Average Percent Positivity,0.132,04/11/2021,659
Colorado,5763976,Daily COVID-19 PCR Test Data From Clinical Laboratories,05/04/2020,3-Day Average Percent Positivity,0.119,04/11/2021,660
Colorado,5763976,Daily COVID-19 Antibody Test Data From Clinical Laboratories,05/04/2020,Antibody Tests Performed,2194,04/11/2021,661
Colorado,5763976,Daily COVID-19 Antibody Test Data From Clinical Laboratories,05/04/2020,Number of negative tests,2006,04/11/2021,662
Colorado,5763976,Daily COVID-19 Antibody Test Data From Clinical Laboratories,05/04/2020,Number of positive tests,188,04/11/2021,663
Colorado,5763976,Daily COVID-19 Antibody Test Data From Clinical Laboratories,05/04/2020,Total Tests per 100K People,38.064,04/11/2021,664
Colorado,5763976,Daily COVID-19 Antibody Test Data From Clinical Laboratories,05/04/2020,Percent Positivity,0.086,04/11/2021,665
Colorado,5763976,Daily COVID-19 Antibody Test Data From Clinical Laboratories,05/04/2020,7-Day Average Percent Positivity,0.091,04/11/2021,666
Colorado,5763976,Daily COVID-19 Antibody Test Data From Clinical Laboratories,05/04/2020,3-Day Average Percent Positivity,0.082,04/11/2021,667
Colorado,5763976,Daily COVID-19 Antibody Test Data From Clinical Laboratories,05/04/2020,Cumulative Antibody Tests Performed,12961,04/11/2021,668
Colorado,5763976,Daily COVID-19 PCR Test Data From Clinical Laboratories,05/05/2020,Percent Positivity,0.105,04/11/2021,669
Colorado,5763976,Daily COVID-19 PCR Test Data From Clinical Laboratories,05/05/2020,People Tested at CDPHE State Lab,404,04/11/2021,670
Colorado,5763976,Daily COVID-19 PCR Test Data From Clinical Laboratories,05/05/2020,People Tested at Non-CDPHE (Commerical) Labs,2788,04/11/2021,671
Colorado,5763976,Daily COVID-19 PCR Test Data From Clinical Laboratories,05/05/2020,Cumulative People Tested at CDPHE State Lab,24348,04/11/2021,672
Colorado,5763976,Daily COVID-19 PCR Test Data From Clinical Laboratories,05/05/2020,Cumulative People Tested at Non-CDPHE (Commerical) Labs,78098,04/11/2021,673
Colorado,5763976,Daily COVID-19 PCR Test Data From Clinical Laboratories,05/05/2020,7-Day Average Percent Positivity,0.127,04/11/2021,674
Colorado,5763976,Daily COVID-19 PCR Test Data From Clinical Laboratories,05/05/2020,3-Day Average Percent Positivity,0.113,04/11/2021,675
Colorado,5763976,Daily COVID-19 Antibody Test Data From Clinical Laboratories,05/05/2020,Antibody Tests Performed,760,04/11/2021,676
Colorado,5763976,Daily COVID-19 Antibody Test Data From Clinical Laboratories,05/05/2020,Number of negative tests,680,04/11/2021,677
Colorado,5763976,Daily COVID-19 Antibody Test Data From Clinical Laboratories,05/05/2020,Number of positive tests,80,04/11/2021,678
Colorado,5763976,Daily COVID-19 Antibody Test Data From Clinical Laboratories,05/05/2020,Total Tests per 100K People,13.185,04/11/2021,679
Colorado,5763976,Daily COVID-19 Antibody Test Data From Clinical Laboratories,05/05/2020,Percent Positivity,0.105,04/11/2021,680
Colorado,5763976,Daily COVID-19 Antibody Test Data From Clinical Laboratories,05/05/2020,7-Day Average Percent Positivity,0.09,04/11/2021,681
Colorado,5763976,Daily COVID-19 Antibody Test Data From Clinical Laboratories,05/05/2020,3-Day Average Percent Positivity,0.09,04/11/2021,682
Colorado,5763976,Daily COVID-19 Antibody Test Data From Clinical Laboratories,05/05/2020,Cumulative Antibody Tests Performed,13721,04/11/2021,683
Colorado,5763976,Daily COVID-19 PCR Test Data From Clinical Laboratories,05/06/2020,Percent Positivity,0.137,04/11/2021,684
Colorado,5763976,Daily COVID-19 PCR Test Data From Clinical Laboratories,05/06/2020,People Tested at CDPHE State Lab,817,04/11/2021,685
Colorado,5763976,Daily COVID-19 PCR Test Data From Clinical Laboratories,05/06/2020,People Tested at Non-CDPHE (Commerical) Labs,2531,04/11/2021,686
Colorado,5763976,Daily COVID-19 PCR Test Data From Clinical Laboratories,05/06/2020,Cumulative People Tested at CDPHE State Lab,25165,04/11/2021,687
Colorado,5763976,Daily COVID-19 PCR Test Data From Clinical Laboratories,05/06/2020,Cumulative People Tested at Non-CDPHE (Commerical) Labs,80629,04/11/2021,688
Colorado,5763976,Daily COVID-19 PCR Test Data From Clinical Laboratories,05/06/2020,7-Day Average Percent Positivity,0.126,04/11/2021,689
Colorado,5763976,Daily COVID-19 PCR Test Data From Clinical Laboratories,05/06/2020,3-Day Average Percent Positivity,0.122,04/11/2021,690
Colorado,5763976,Daily COVID-19 Antibody Test Data From Clinical Laboratories,05/06/2020,Antibody Tests Performed,1513,04/11/2021,691
Colorado,5763976,Daily COVID-19 Antibody Test Data From Clinical Laboratories,05/06/2020,Number of negative tests,1351,04/11/2021,692
Colorado,5763976,Daily COVID-19 Antibody Test Data From Clinical Laboratories,05/06/2020,Number of positive tests,162,04/11/2021,693
Colorado,5763976,Daily COVID-19 Antibody Test Data From Clinical Laboratories,05/06/2020,Total Tests per 100K People,26.249,04/11/2021,694
Colorado,5763976,Daily COVID-19 Antibody Test Data From Clinical Laboratories,05/06/2020,Percent Positivity,0.107,04/11/2021,695
Colorado,5763976,Daily COVID-19 Antibody Test Data From Clinical Laboratories,05/06/2020,7-Day Average Percent Positivity,0.09,04/11/2021,696
Colorado,5763976,Daily COVID-19 Antibody Test Data From Clinical Laboratories,05/06/2020,3-Day Average Percent Positivity,0.096,04/11/2021,697
Colorado,5763976,Daily COVID-19 Antibody Test Data From Clinical Laboratories,05/06/2020,Cumulative Antibody Tests Performed,15234,04/11/2021,698
Colorado,5763976,Daily COVID-19 PCR Test Data From Clinical Laboratories,05/07/2020,Percent Positivity,0.081,04/11/2021,699
Colorado,5763976,Daily COVID-19 PCR Test Data From Clinical Laboratories,05/07/2020,People Tested at CDPHE State Lab,865,04/11/2021,700
Colorado,5763976,Daily COVID-19 PCR Test Data From Clinical Laboratories,05/07/2020,People Tested at Non-CDPHE (Commerical) Labs,4555,04/11/2021,701
Colorado,5763976,Daily COVID-19 PCR Test Data From Clinical Laboratories,04/22/2020,People Tested at CDPHE State Lab,473,04/11/2021,702
Colorado,5763976,Daily COVID-19 PCR Test Data From Clinical Laboratories,04/22/2020,People Tested at Non-CDPHE (Commerical) Labs,1451,04/11/2021,703
Colorado,5763976,Daily COVID-19 PCR Test Data From Clinical Laboratories,04/22/2020,Cumulative People Tested at CDPHE State Lab,16424,04/11/2021,704
Colorado,5763976,Daily COVID-19 PCR Test Data From Clinical Laboratories,04/22/2020,Cumulative People Tested at Non-CDPHE (Commerical) Labs,44146,04/11/2021,705
Colorado,5763976,Daily COVID-19 PCR Test Data From Clinical Laboratories,04/22/2020,7-Day Average Percent Positivity,0.198,04/11/2021,706
Colorado,5763976,Daily COVID-19 PCR Test Data From Clinical Laboratories,04/22/2020,3-Day Average Percent Positivity,0.182,04/11/2021,707
Colorado,5763976,Daily COVID-19 Antibody Test Data From Clinical Laboratories,04/22/2020,Antibody Tests Performed,66,04/11/2021,708
Colorado,5763976,Daily COVID-19 Antibody Test Data From Clinical Laboratories,04/22/2020,Number of negative tests,47,04/11/2021,709
Colorado,5763976,Daily COVID-19 Antibody Test Data From Clinical Laboratories,04/22/2020,Number of positive tests,19,04/11/2021,710
Colorado,5763976,Daily COVID-19 Antibody Test Data From Clinical Laboratories,04/22/2020,Total Tests per 100K People,1.145,04/11/2021,711
Colorado,5763976,Daily COVID-19 Antibody Test Data From Clinical Laboratories,04/22/2020,Percent Positivity,0.288,04/11/2021,712
Colorado,5763976,Daily COVID-19 Antibody Test Data From Clinical Laboratories,04/22/2020,3-Day Average Percent Positivity,0.19,04/11/2021,713
Colorado,5763976,Daily COVID-19 Antibody Test Data From Clinical Laboratories,04/22/2020,Cumulative Antibody Tests Performed,122,04/11/2021,714
Colorado,5763976,Daily COVID-19 PCR Test Data From Clinical Laboratories,04/23/2020,Percent Positivity,0.185,04/11/2021,715
Colorado,5763976,Daily COVID-19 PCR Test Data From Clinical Laboratories,04/23/2020,People Tested at CDPHE State Lab,850,04/11/2021,716
Colorado,5763976,Daily COVID-19 PCR Test Data From Clinical Laboratories,04/23/2020,People Tested at Non-CDPHE (Commerical) Labs,4448,04/11/2021,717
Colorado,5763976,Daily COVID-19 PCR Test Data From Clinical Laboratories,04/23/2020,Cumulative People Tested at CDPHE State Lab,17274,04/11/2021,718
Colorado,5763976,Daily COVID-19 PCR Test Data From Clinical Laboratories,04/23/2020,Cumulative People Tested at Non-CDPHE (Commerical) Labs,48594,04/11/2021,719
Colorado,5763976,Daily COVID-19 PCR Test Data From Clinical Laboratories,04/23/2020,7-Day Average Percent Positivity,0.192,04/11/2021,720
Colorado,5763976,Daily COVID-19 PCR Test Data From Clinical Laboratories,04/23/2020,3-Day Average Percent Positivity,0.179,04/11/2021,721
Colorado,5763976,Daily COVID-19 Antibody Test Data From Clinical Laboratories,04/23/2020,Antibody Tests Performed,166,04/11/2021,722
Colorado,5763976,Daily COVID-19 Antibody Test Data From Clinical Laboratories,04/23/2020,Number of negative tests,133,04/11/2021,723
Colorado,5763976,Daily COVID-19 Antibody Test Data From Clinical Laboratories,04/23/2020,Number of positive tests,33,04/11/2021,724
Colorado,5763976,Daily COVID-19 Antibody Test Data From Clinical Laboratories,04/23/2020,Total Tests per 100K People,2.88,04/11/2021,725
Colorado,5763976,Daily COVID-19 Antibody Test Data From Clinical Laboratories,04/23/2020,Percent Positivity,0.199,04/11/2021,726
Colorado,5763976,Daily COVID-19 Antibody Test Data From Clinical Laboratories,04/23/2020,3-Day Average Percent Positivity,0.193,04/11/2021,727
Colorado,5763976,Daily COVID-19 Antibody Test Data From Clinical Laboratories,04/23/2020,Cumulative Antibody Tests Performed,288,04/11/2021,728
Colorado,5763976,Daily COVID-19 PCR Test Data From Clinical Laboratories,04/24/2020,Percent Positivity,0.213,04/11/2021,729
Colorado,5763976,Daily COVID-19 PCR Test Data From Clinical Laboratories,04/24/2020,People Tested at CDPHE State Lab,713,04/11/2021,730
Colorado,5763976,Daily COVID-19 PCR Test Data From Clinical Laboratories,04/24/2020,People Tested at Non-CDPHE (Commerical) Labs,2258,04/11/2021,731
Colorado,5763976,Daily COVID-19 PCR Test Data From Clinical Laboratories,04/24/2020,Cumulative People Tested at CDPHE State Lab,17987,04/11/2021,732
Colorado,5763976,Daily COVID-19 PCR Test Data From Clinical Laboratories,04/24/2020,Cumulative People Tested at Non-CDPHE (Commerical) Labs,50852,04/11/2021,733
Colorado,5763976,Daily COVID-19 PCR Test Data From Clinical Laboratories,04/24/2020,7-Day Average Percent Positivity,0.191,04/11/2021,734
Colorado,5763976,Daily COVID-19 PCR Test Data From Clinical Laboratories,04/24/2020,3-Day Average Percent Positivity,0.193,04/11/2021,735
Colorado,5763976,Daily COVID-19 Antibody Test Data From Clinical Laboratories,04/24/2020,Antibody Tests Performed,503,04/11/2021,736
Colorado,5763976,Daily COVID-19 Antibody Test Data From Clinical Laboratories,04/24/2020,Number of negative tests,445,04/11/2021,737
Colorado,5763976,Daily COVID-19 Antibody Test Data From Clinical Laboratories,04/24/2020,Number of positive tests,58,04/11/2021,738
Colorado,5763976,Daily COVID-19 Antibody Test Data From Clinical Laboratories,04/24/2020,Total Tests per 100K People,8.727,04/11/2021,739
Colorado,5763976,Daily COVID-19 Antibody Test Data From Clinical Laboratories,04/24/2020,Percent Positivity,0.115,04/11/2021,740
Colorado,5763976,Daily COVID-19 Antibody Test Data From Clinical Laboratories,04/24/2020,7-Day Average Percent Positivity,0.147,04/11/2021,741
Colorado,5763976,Daily COVID-19 Antibody Test Data From Clinical Laboratories,04/24/2020,3-Day Average Percent Positivity,0.15,04/11/2021,742
Colorado,5763976,Daily COVID-19 Antibody Test Data From Clinical Laboratories,04/24/2020,Cumulative Antibody Tests Performed,791,04/11/2021,743
Colorado,5763976,Daily COVID-19 PCR Test Data From Clinical Laboratories,04/25/2020,Percent Positivity,0.147,04/11/2021,744
Colorado,5763976,Daily COVID-19 PCR Test Data From Clinical Laboratories,04/25/2020,People Tested at CDPHE State Lab,778,04/11/2021,745
Colorado,5763976,Daily COVID-19 PCR Test Data From Clinical Laboratories,04/25/2020,People Tested at Non-CDPHE (Commerical) Labs,2489,04/11/2021,746
Colorado,5763976,Daily COVID-19 PCR Test Data From Clinical Laboratories,04/25/2020,Cumulative People Tested at CDPHE State Lab,18765,04/11/2021,747
Colorado,5763976,Daily COVID-19 PCR Test Data From Clinical Laboratories,04/25/2020,Cumulative People Tested at Non-CDPHE (Commerical) Labs,53341,04/11/2021,748
Colorado,5763976,Daily COVID-19 PCR Test Data From Clinical Laboratories,04/25/2020,7-Day Average Percent Positivity,0.184,04/11/2021,749
Colorado,5763976,Daily COVID-19 PCR Test Data From Clinical Laboratories,04/25/2020,3-Day Average Percent Positivity,0.181,04/11/2021,750
Colorado,5763976,Daily COVID-19 Antibody Test Data From Clinical Laboratories,05/10/2020,Number of negative tests,1710,04/11/2021,751
Colorado,5763976,Daily COVID-19 Antibody Test Data From Clinical Laboratories,05/10/2020,Number of positive tests,131,04/11/2021,752
Colorado,5763976,Daily COVID-19 Antibody Test Data From Clinical Laboratories,05/10/2020,Total Tests per 100K People,31.94,04/11/2021,753
Colorado,5763976,Daily COVID-19 Antibody Test Data From Clinical Laboratories,05/10/2020,Percent Positivity,0.071,04/11/2021,754
Colorado,5763976,Daily COVID-19 Antibody Test Data From Clinical Laboratories,05/10/2020,7-Day Average Percent Positivity,0.084,04/11/2021,755
Colorado,5763976,Daily COVID-19 Antibody Test Data From Clinical Laboratories,05/10/2020,3-Day Average Percent Positivity,0.072,04/11/2021,756
Colorado,5763976,Daily COVID-19 Antibody Test Data From Clinical Laboratories,05/10/2020,Cumulative Antibody Tests Performed,23066,04/11/2021,757
Colorado,5763976,Weekly COVID-19 PCR Test Data From Clinical Laboratories,05/10/2020,People Tested at CDPHE State Lab,5003,04/11/2021,758
Colorado,5763976,Weekly COVID-19 PCR Test Data From Clinical Laboratories,05/10/2020,People Tested at Non-CDPHE (Commerical) Labs,21165,04/11/2021,759
Colorado,5763976,Weekly COVID-19 PCR Test Data From Clinical Laboratories,05/10/2020,Weekly Percent Positivity,0.092,04/11/2021,760
Colorado,5763976,Weekly COVID-19 PCR Test Data From Clinical Laboratories,05/10/2020,Cumulative People Tested at CDPHE State Lab,32971,04/11/2021,761
Colorado,5763976,Weekly COVID-19 PCR Test Data From Clinical Laboratories,05/10/2020,Cumulative People Tested at Non-CDPHE (Commerical) Labs,113159,04/11/2021,762
Colorado,5763976,Weekly COVID-19 PCR Test Data From Clinical Laboratories,05/10/2020,Percent Change in Weekly Positivity,-0.16,04/11/2021,763
Colorado,5763976,Weekly COVID-19 Antibody Test Data From Clinical Laboratories,05/10/2020,Antibody Tests Performed,16750,04/11/2021,764
Colorado,5763976,Weekly COVID-19 Antibody Test Data From Clinical Laboratories,05/10/2020,Number of positive tests,1267,04/11/2021,765
Colorado,5763976,Weekly COVID-19 Antibody Test Data From Clinical Laboratories,05/10/2020,Number of negative tests,15483,04/11/2021,766
Colorado,5763976,Weekly COVID-19 Antibody Test Data From Clinical Laboratories,05/10/2020,Weekly Percent Positivity,0.076,04/11/2021,767
Colorado,5763976,Weekly COVID-19 Antibody Test Data From Clinical Laboratories,05/10/2020,Cumulative Antibody Tests Performed,37975,04/11/2021,768
Colorado,5763976,Weekly COVID-19 Antibody Test Data From Clinical Laboratories,05/10/2020,Percent Change in Weekly Positivity,-0.13,04/11/2021,769
Colorado,5763976,Daily COVID-19 PCR Test Data From Clinical Laboratories,05/11/2020,Percent Positivity,0.086,04/11/2021,770
Colorado,5763976,Daily COVID-19 PCR Test Data From Clinical Laboratories,05/11/2020,People Tested at CDPHE State Lab,733,04/11/2021,771
Colorado,5763976,Daily COVID-19 PCR Test Data From Clinical Laboratories,05/11/2020,People Tested at Non-CDPHE (Commerical) Labs,2221,04/11/2021,772
Colorado,5763976,Daily COVID-19 PCR Test Data From Clinical Laboratories,05/11/2020,Cumulative People Tested at CDPHE State Lab,29672,04/11/2021,773
Colorado,5763976,Daily COVID-19 PCR Test Data From Clinical Laboratories,05/11/2020,Cumulative People Tested at Non-CDPHE (Commerical) Labs,96336,04/11/2021,774
Colorado,5763976,Daily COVID-19 PCR Test Data From Clinical Laboratories,05/11/2020,7-Day Average Percent Positivity,0.101,04/11/2021,775
Colorado,5763976,Daily COVID-19 PCR Test Data From Clinical Laboratories,05/11/2020,3-Day Average Percent Positivity,0.088,04/11/2021,776
Colorado,5763976,Daily COVID-19 Antibody Test Data From Clinical Laboratories,05/11/2020,Antibody Tests Performed,522,04/11/2021,777
Colorado,5763976,Daily COVID-19 Antibody Test Data From Clinical Laboratories,05/11/2020,Number of negative tests,499,04/11/2021,778
Colorado,5763976,Daily COVID-19 Antibody Test Data From Clinical Laboratories,05/11/2020,Number of positive tests,23,04/11/2021,779
Colorado,5763976,Daily COVID-19 Antibody Test Data From Clinical Laboratories,05/11/2020,Total Tests per 100K People,9.056,04/11/2021,780
Colorado,5763976,Daily COVID-19 Antibody Test Data From Clinical Laboratories,05/11/2020,Percent Positivity,0.044,04/11/2021,781
Colorado,5763976,Daily COVID-19 Antibody Test Data From Clinical Laboratories,05/11/2020,7-Day Average Percent Positivity,0.082,04/11/2021,782
Colorado,5763976,Daily COVID-19 Antibody Test Data From Clinical Laboratories,05/11/2020,3-Day Average Percent Positivity,0.072,04/11/2021,783
Colorado,5763976,Daily COVID-19 Antibody Test Data From Clinical Laboratories,05/11/2020,Cumulative Antibody Tests Performed,23588,04/11/2021,784
Colorado,5763976,Daily COVID-19 PCR Test Data From Clinical Laboratories,05/12/2020,Percent Positivity,0.083,04/11/2021,785
Colorado,5763976,Daily COVID-19 PCR Test Data From Clinical Laboratories,05/12/2020,People Tested at CDPHE State Lab,541,04/11/2021,786
Colorado,5763976,Daily COVID-19 PCR Test Data From Clinical Laboratories,05/12/2020,People Tested at Non-CDPHE (Commerical) Labs,3328,04/11/2021,787
Colorado,5763976,Daily COVID-19 PCR Test Data From Clinical Laboratories,05/12/2020,Cumulative People Tested at CDPHE State Lab,30213,04/11/2021,788
Colorado,5763976,Daily COVID-19 PCR Test Data From Clinical Laboratories,05/12/2020,Cumulative People Tested at Non-CDPHE (Commerical) Labs,99664,04/11/2021,789
Colorado,5763976,Daily COVID-19 PCR Test Data From Clinical Laboratories,05/12/2020,7-Day Average Percent Positivity,0.098,04/11/2021,790
Colorado,5763976,Daily COVID-19 PCR Test Data From Clinical Laboratories,05/12/2020,3-Day Average Percent Positivity,0.082,04/11/2021,791
Colorado,5763976,Daily COVID-19 Antibody Test Data From Clinical Laboratories,05/12/2020,Antibody Tests Performed,1042,04/11/2021,792
Colorado,5763976,Daily COVID-19 Antibody Test Data From Clinical Laboratories,05/12/2020,Number of negative tests,989,04/11/2021,793
Colorado,5763976,Daily COVID-19 Antibody Test Data From Clinical Laboratories,05/12/2020,Number of positive tests,53,04/11/2021,794
Colorado,5763976,Daily COVID-19 Antibody Test Data From Clinical Laboratories,05/12/2020,Total Tests per 100K People,18.078,04/11/2021,795
Colorado,5763976,Daily COVID-19 Antibody Test Data From Clinical Laboratories,05/12/2020,Percent Positivity,0.051,04/11/2021,796
Colorado,5763976,Daily COVID-19 Antibody Test Data From Clinical Laboratories,05/12/2020,7-Day Average Percent Positivity,0.077,04/11/2021,797
Colorado,5763976,Daily COVID-19 Antibody Test Data From Clinical Laboratories,05/12/2020,3-Day Average Percent Positivity,0.061,04/11/2021,798
Colorado,5763976,Daily COVID-19 Antibody Test Data From Clinical Laboratories,05/12/2020,Cumulative Antibody Tests Performed,24630,04/11/2021,799
Colorado,5763976,Daily COVID-19 PCR Test Data From Clinical Laboratories,05/13/2020,Percent Positivity,0.1,04/11/2021,800
Colorado,5763976,Daily COVID-19 Antibody Test Data From Clinical Laboratories,05/31/2020,Antibody Tests Performed,1168,04/11/2021,801
Colorado,5763976,Daily COVID-19 Antibody Test Data From Clinical Laboratories,05/31/2020,Number of negative tests,1099,04/11/2021,802
Colorado,5763976,Daily COVID-19 Antibody Test Data From Clinical Laboratories,05/31/2020,Number of positive tests,69,04/11/2021,803
Colorado,5763976,Daily COVID-19 Antibody Test Data From Clinical Laboratories,05/31/2020,Total Tests per 100K People,20.264,04/11/2021,804
Colorado,5763976,Daily COVID-19 Antibody Test Data From Clinical Laboratories,05/31/2020,Percent Positivity,0.059,04/11/2021,805
Colorado,5763976,Daily COVID-19 Antibody Test Data From Clinical Laboratories,05/31/2020,7-Day Average Percent Positivity,0.062,04/11/2021,806
Colorado,5763976,Daily COVID-19 Antibody Test Data From Clinical Laboratories,05/31/2020,3-Day Average Percent Positivity,0.066,04/11/2021,807
Colorado,5763976,Daily COVID-19 Antibody Test Data From Clinical Laboratories,05/31/2020,Cumulative Antibody Tests Performed,66533,04/11/2021,808
Colorado,5763976,Weekly COVID-19 PCR Test Data From Clinical Laboratories,05/31/2020,People Tested at CDPHE State Lab,10220,04/11/2021,809
Colorado,5763976,Weekly COVID-19 PCR Test Data From Clinical Laboratories,05/31/2020,People Tested at Non-CDPHE (Commerical) Labs,29345,04/11/2021,810
Colorado,5763976,Weekly COVID-19 PCR Test Data From Clinical Laboratories,05/31/2020,Weekly Percent Positivity,0.049,04/11/2021,811
Colorado,5763976,Weekly COVID-19 PCR Test Data From Clinical Laboratories,05/31/2020,Cumulative People Tested at CDPHE State Lab,60357,04/11/2021,812
Colorado,5763976,Weekly COVID-19 PCR Test Data From Clinical Laboratories,05/31/2020,Cumulative People Tested at Non-CDPHE (Commerical) Labs,195979,04/11/2021,813
Colorado,5763976,Weekly COVID-19 PCR Test Data From Clinical Laboratories,05/31/2020,Percent Change in Weekly Positivity,-0.31,04/11/2021,814
Colorado,5763976,Weekly COVID-19 Antibody Test Data From Clinical Laboratories,05/31/2020,Antibody Tests Performed,12173,04/11/2021,815
Colorado,5763976,Weekly COVID-19 Antibody Test Data From Clinical Laboratories,05/31/2020,Number of positive tests,779,04/11/2021,816
Colorado,5763976,Weekly COVID-19 Antibody Test Data From Clinical Laboratories,05/31/2020,Number of negative tests,11394,04/11/2021,817
Colorado,5763976,Weekly COVID-19 Antibody Test Data From Clinical Laboratories,05/31/2020,Weekly Percent Positivity,0.064,04/11/2021,818
Colorado,5763976,Weekly COVID-19 Antibody Test Data From Clinical Laboratories,05/31/2020,Cumulative Antibody Tests Performed,77538,04/11/2021,819
Colorado,5763976,Weekly COVID-19 Antibody Test Data From Clinical Laboratories,05/31/2020,Percent Change in Weekly Positivity,0,04/11/2021,820
Colorado,5763976,Daily COVID-19 PCR Test Data From Clinical Laboratories,06/01/2020,Percent Positivity,0.061,04/11/2021,821
Colorado,5763976,Daily COVID-19 PCR Test Data From Clinical Laboratories,06/01/2020,People Tested at CDPHE State Lab,996,04/11/2021,822
Colorado,5763976,Daily COVID-19 PCR Test Data From Clinical Laboratories,06/01/2020,People Tested at Non-CDPHE (Commerical) Labs,2427,04/11/2021,823
Colorado,5763976,Daily COVID-19 PCR Test Data From Clinical Laboratories,06/01/2020,Cumulative People Tested at CDPHE State Lab,52801,04/11/2021,824
Colorado,5763976,Daily COVID-19 PCR Test Data From Clinical Laboratories,06/01/2020,Cumulative People Tested at Non-CDPHE (Commerical) Labs,172522,04/11/2021,825
Colorado,5763976,Daily COVID-19 PCR Test Data From Clinical Laboratories,06/01/2020,7-Day Average Percent Positivity,0.065,04/11/2021,826
Colorado,5763976,Daily COVID-19 PCR Test Data From Clinical Laboratories,06/01/2020,3-Day Average Percent Positivity,0.046,04/11/2021,827
Colorado,5763976,Daily COVID-19 Antibody Test Data From Clinical Laboratories,06/01/2020,Antibody Tests Performed,1580,04/11/2021,828
Colorado,5763976,Daily COVID-19 Antibody Test Data From Clinical Laboratories,06/01/2020,Number of negative tests,1494,04/11/2021,829
Colorado,5763976,Daily COVID-19 Antibody Test Data From Clinical Laboratories,06/01/2020,Number of positive tests,86,04/11/2021,830
Colorado,5763976,Daily COVID-19 Antibody Test Data From Clinical Laboratories,06/01/2020,Total Tests per 100K People,27.412,04/11/2021,831
Colorado,5763976,Daily COVID-19 Antibody Test Data From Clinical Laboratories,06/01/2020,Percent Positivity,0.054,04/11/2021,832
Colorado,5763976,Daily COVID-19 Antibody Test Data From Clinical Laboratories,06/01/2020,7-Day Average Percent Positivity,0.06,04/11/2021,833
Colorado,5763976,Daily COVID-19 Antibody Test Data From Clinical Laboratories,06/01/2020,3-Day Average Percent Positivity,0.065,04/11/2021,834
Colorado,5763976,Daily COVID-19 Antibody Test Data From Clinical Laboratories,06/01/2020,Cumulative Antibody Tests Performed,68113,04/11/2021,835
Colorado,5763976,Daily COVID-19 PCR Test Data From Clinical Laboratories,06/02/2020,Percent Positivity,0.056,04/11/2021,836
Colorado,5763976,Daily COVID-19 PCR Test Data From Clinical Laboratories,06/02/2020,People Tested at CDPHE State Lab,687,04/11/2021,837
Colorado,5763976,Daily COVID-19 PCR Test Data From Clinical Laboratories,06/02/2020,People Tested at Non-CDPHE (Commerical) Labs,4203,04/11/2021,838
Colorado,5763976,Daily COVID-19 PCR Test Data From Clinical Laboratories,06/02/2020,Cumulative People Tested at CDPHE State Lab,53488,04/11/2021,839
Colorado,5763976,Daily COVID-19 PCR Test Data From Clinical Laboratories,06/02/2020,Cumulative People Tested at Non-CDPHE (Commerical) Labs,176725,04/11/2021,840
Colorado,5763976,Daily COVID-19 PCR Test Data From Clinical Laboratories,06/02/2020,7-Day Average Percent Positivity,0.063,04/11/2021,841
Colorado,5763976,Daily COVID-19 PCR Test Data From Clinical Laboratories,06/02/2020,3-Day Average Percent Positivity,0.051,04/11/2021,842
Colorado,5763976,Daily COVID-19 Antibody Test Data From Clinical Laboratories,06/02/2020,Antibody Tests Performed,1465,04/11/2021,843
Colorado,5763976,Daily COVID-19 Antibody Test Data From Clinical Laboratories,06/02/2020,Number of negative tests,1377,04/11/2021,844
Colorado,5763976,Daily COVID-19 Antibody Test Data From Clinical Laboratories,06/02/2020,Number of positive tests,88,04/11/2021,845
Colorado,5763976,Daily COVID-19 Antibody Test Data From Clinical Laboratories,06/02/2020,Total Tests per 100K People,25.416,04/11/2021,846
Colorado,5763976,Daily COVID-19 Antibody Test Data From Clinical Laboratories,06/02/2020,Percent Positivity,0.06,04/11/2021,847
Colorado,5763976,Daily COVID-19 Antibody Test Data From Clinical Laboratories,06/02/2020,7-Day Average Percent Positivity,0.061,04/11/2021,848
Colorado,5763976,Daily COVID-19 Antibody Test Data From Clinical Laboratories,06/02/2020,3-Day Average Percent Positivity,0.058,04/11/2021,849
Colorado,5763976,Daily COVID-19 Antibody Test Data From Clinical Laboratories,06/02/2020,Cumulative Antibody Tests Performed,69578,04/11/2021,850
Colorado,5763976,Weekly COVID-19 Antibody Test Data From Clinical Laboratories,05/24/2020,Weekly Percent Positivity,0.064,04/11/2021,851
Colorado,5763976,Weekly COVID-19 Antibody Test Data From Clinical Laboratories,05/24/2020,Cumulative Antibody Tests Performed,65365,04/11/2021,852
Colorado,5763976,Weekly COVID-19 Antibody Test Data From Clinical Laboratories,05/24/2020,Percent Change in Weekly Positivity,0.03,04/11/2021,853
Colorado,5763976,Daily COVID-19 PCR Test Data From Clinical Laboratories,05/25/2020,Percent Positivity,0.078,04/11/2021,854
Colorado,5763976,Daily COVID-19 PCR Test Data From Clinical Laboratories,05/25/2020,People Tested at CDPHE State Lab,902,04/11/2021,855
Colorado,5763976,Daily COVID-19 PCR Test Data From Clinical Laboratories,05/25/2020,People Tested at Non-CDPHE (Commerical) Labs,3311,04/11/2021,856
Colorado,5763976,Daily COVID-19 PCR Test Data From Clinical Laboratories,05/25/2020,Cumulative People Tested at CDPHE State Lab,43876,04/11/2021,857
Colorado,5763976,Daily COVID-19 PCR Test Data From Clinical Laboratories,05/25/2020,Cumulative People Tested at Non-CDPHE (Commerical) Labs,139759,04/11/2021,858
Colorado,5763976,Daily COVID-19 PCR Test Data From Clinical Laboratories,05/25/2020,7-Day Average Percent Positivity,0.074,04/11/2021,859
Colorado,5763976,Daily COVID-19 PCR Test Data From Clinical Laboratories,05/25/2020,3-Day Average Percent Positivity,0.074,04/11/2021,860
Colorado,5763976,Daily COVID-19 Antibody Test Data From Clinical Laboratories,05/25/2020,Antibody Tests Performed,1593,04/11/2021,861
Colorado,5763976,Daily COVID-19 Antibody Test Data From Clinical Laboratories,05/25/2020,Number of negative tests,1482,04/11/2021,862
Colorado,5763976,Daily COVID-19 Antibody Test Data From Clinical Laboratories,05/25/2020,Number of positive tests,111,04/11/2021,863
Colorado,5763976,Daily COVID-19 Antibody Test Data From Clinical Laboratories,05/25/2020,Total Tests per 100K People,27.637,04/11/2021,864
Colorado,5763976,Daily COVID-19 Antibody Test Data From Clinical Laboratories,05/25/2020,Percent Positivity,0.07,04/11/2021,865
Colorado,5763976,Daily COVID-19 Antibody Test Data From Clinical Laboratories,05/25/2020,7-Day Average Percent Positivity,0.061,04/11/2021,866
Colorado,5763976,Daily COVID-19 Antibody Test Data From Clinical Laboratories,05/25/2020,3-Day Average Percent Positivity,0.072,04/11/2021,867
Colorado,5763976,Daily COVID-19 Antibody Test Data From Clinical Laboratories,05/25/2020,Cumulative Antibody Tests Performed,55117,04/11/2021,868
Colorado,5763976,Daily COVID-19 PCR Test Data From Clinical Laboratories,05/26/2020,Percent Positivity,0.07,04/11/2021,869
Colorado,5763976,Daily COVID-19 PCR Test Data From Clinical Laboratories,05/26/2020,People Tested at CDPHE State Lab,312,04/11/2021,870
Colorado,5763976,Daily COVID-19 PCR Test Data From Clinical Laboratories,05/26/2020,People Tested at Non-CDPHE (Commerical) Labs,4193,04/11/2021,871
Colorado,5763976,Daily COVID-19 PCR Test Data From Clinical Laboratories,05/26/2020,Cumulative People Tested at CDPHE State Lab,44188,04/11/2021,872
Colorado,5763976,Daily COVID-19 PCR Test Data From Clinical Laboratories,05/26/2020,Cumulative People Tested at Non-CDPHE (Commerical) Labs,143952,04/11/2021,873
Colorado,5763976,Daily COVID-19 PCR Test Data From Clinical Laboratories,05/26/2020,7-Day Average Percent Positivity,0.075,04/11/2021,874
Colorado,5763976,Daily COVID-19 PCR Test Data From Clinical Laboratories,05/26/2020,3-Day Average Percent Positivity,0.074,04/11/2021,875
Colorado,5763976,Daily COVID-19 Antibody Test Data From Clinical Laboratories,05/26/2020,Antibody Tests Performed,1255,04/11/2021,876
Colorado,5763976,Daily COVID-19 Antibody Test Data From Clinical Laboratories,05/26/2020,Number of negative tests,1188,04/11/2021,877
Colorado,5763976,Daily COVID-19 Antibody Test Data From Clinical Laboratories,05/26/2020,Number of positive tests,67,04/11/2021,878
Colorado,5763976,Daily COVID-19 Antibody Test Data From Clinical Laboratories,05/26/2020,Total Tests per 100K People,21.773,04/11/2021,879
Colorado,5763976,Daily COVID-19 Antibody Test Data From Clinical Laboratories,05/26/2020,Percent Positivity,0.053,04/11/2021,880
Colorado,5763976,Daily COVID-19 Antibody Test Data From Clinical Laboratories,05/26/2020,7-Day Average Percent Positivity,0.059,04/11/2021,881
Colorado,5763976,Daily COVID-19 Antibody Test Data From Clinical Laboratories,05/26/2020,3-Day Average Percent Positivity,0.067,04/11/2021,882
Colorado,5763976,Daily COVID-19 Antibody Test Data From Clinical Laboratories,05/26/2020,Cumulative Antibody Tests Performed,56372,04/11/2021,883
Colorado,5763976,Daily COVID-19 PCR Test Data From Clinical Laboratories,05/27/2020,Percent Positivity,0.057,04/11/2021,884
Colorado,5763976,Daily COVID-19 PCR Test Data From Clinical Laboratories,05/27/2020,People Tested at CDPHE State Lab,891,04/11/2021,885
Colorado,5763976,Daily COVID-19 PCR Test Data From Clinical Laboratories,05/27/2020,People Tested at Non-CDPHE (Commerical) Labs,6369,04/11/2021,886
Colorado,5763976,Daily COVID-19 PCR Test Data From Clinical Laboratories,05/27/2020,Cumulative People Tested at CDPHE State Lab,45079,04/11/2021,887
Colorado,5763976,Daily COVID-19 PCR Test Data From Clinical Laboratories,05/27/2020,Cumulative People Tested at Non-CDPHE (Commerical) Labs,150321,04/11/2021,888
Colorado,5763976,Daily COVID-19 PCR Test Data From Clinical Laboratories,05/27/2020,7-Day Average Percent Positivity,0.072,04/11/2021,889
Colorado,5763976,Daily COVID-19 PCR Test Data From Clinical Laboratories,05/27/2020,3-Day Average Percent Positivity,0.066,04/11/2021,890
Colorado,5763976,Daily COVID-19 Antibody Test Data From Clinical Laboratories,05/27/2020,Antibody Tests Performed,1586,04/11/2021,891
Colorado,5763976,Daily COVID-19 Antibody Test Data From Clinical Laboratories,05/27/2020,Number of negative tests,1512,04/11/2021,892
Colorado,5763976,Daily COVID-19 Antibody Test Data From Clinical Laboratories,05/27/2020,Number of positive tests,74,04/11/2021,893
Colorado,5763976,Daily COVID-19 Antibody Test Data From Clinical Laboratories,05/27/2020,Total Tests per 100K People,27.516,04/11/2021,894
Colorado,5763976,Daily COVID-19 Antibody Test Data From Clinical Laboratories,05/27/2020,Percent Positivity,0.047,04/11/2021,895
Colorado,5763976,Daily COVID-19 Antibody Test Data From Clinical Laboratories,05/27/2020,7-Day Average Percent Positivity,0.057,04/11/2021,896
Colorado,5763976,Daily COVID-19 Antibody Test Data From Clinical Laboratories,05/27/2020,3-Day Average Percent Positivity,0.057,04/11/2021,897
Colorado,5763976,Daily COVID-19 Antibody Test Data From Clinical Laboratories,05/27/2020,Cumulative Antibody Tests Performed,57958,04/11/2021,898
Colorado,5763976,Daily COVID-19 PCR Test Data From Clinical Laboratories,05/28/2020,Percent Positivity,0.075,04/11/2021,899
Colorado,5763976,Daily COVID-19 PCR Test Data From Clinical Laboratories,05/28/2020,People Tested at CDPHE State Lab,1508,04/11/2021,900
Colorado,5763976,Daily COVID-19 PCR Test Data From Clinical Laboratories,05/13/2020,People Tested at CDPHE State Lab,596,04/11/2021,901
Colorado,5763976,Daily COVID-19 PCR Test Data From Clinical Laboratories,05/16/2020,3-Day Average Percent Positivity,0.097,04/11/2021,902
Colorado,5763976,Daily COVID-19 Antibody Test Data From Clinical Laboratories,05/18/2020,Cumulative Antibody Tests Performed,40483,04/11/2021,903
Colorado,5763976,Daily COVID-19 PCR Test Data From Clinical Laboratories,05/22/2020,Cumulative People Tested at Non-CDPHE (Commerical) Labs,132015,04/11/2021,904
Colorado,5763976,Daily COVID-19 PCR Test Data From Clinical Laboratories,05/22/2020,7-Day Average Percent Positivity,0.08,04/11/2021,905
Colorado,5763976,Daily COVID-19 PCR Test Data From Clinical Laboratories,05/22/2020,3-Day Average Percent Positivity,0.076,04/11/2021,906
Colorado,5763976,Daily COVID-19 Antibody Test Data From Clinical Laboratories,05/22/2020,Antibody Tests Performed,3339,04/11/2021,907
Colorado,5763976,Daily COVID-19 Antibody Test Data From Clinical Laboratories,05/22/2020,Number of negative tests,3168,04/11/2021,908
Colorado,5763976,Daily COVID-19 Antibody Test Data From Clinical Laboratories,05/22/2020,Number of positive tests,171,04/11/2021,909
Colorado,5763976,Daily COVID-19 Antibody Test Data From Clinical Laboratories,05/22/2020,Total Tests per 100K People,57.929,04/11/2021,910
Colorado,5763976,Daily COVID-19 Antibody Test Data From Clinical Laboratories,05/22/2020,Percent Positivity,0.051,04/11/2021,911
Colorado,5763976,Daily COVID-19 Antibody Test Data From Clinical Laboratories,05/22/2020,7-Day Average Percent Positivity,0.062,04/11/2021,912
Colorado,5763976,Daily COVID-19 Antibody Test Data From Clinical Laboratories,05/22/2020,3-Day Average Percent Positivity,0.053,04/11/2021,913
Colorado,5763976,Daily COVID-19 Antibody Test Data From Clinical Laboratories,05/22/2020,Cumulative Antibody Tests Performed,51333,04/11/2021,914
Colorado,5763976,Daily COVID-19 PCR Test Data From Clinical Laboratories,05/23/2020,Percent Positivity,0.07,04/11/2021,915
Colorado,5763976,Daily COVID-19 PCR Test Data From Clinical Laboratories,05/23/2020,People Tested at CDPHE State Lab,1523,04/11/2021,916
Colorado,5763976,Daily COVID-19 PCR Test Data From Clinical Laboratories,05/23/2020,People Tested at Non-CDPHE (Commerical) Labs,1906,04/11/2021,917
Colorado,5763976,Daily COVID-19 PCR Test Data From Clinical Laboratories,05/23/2020,Cumulative People Tested at CDPHE State Lab,41437,04/11/2021,918
Colorado,5763976,Daily COVID-19 PCR Test Data From Clinical Laboratories,05/23/2020,Cumulative People Tested at Non-CDPHE (Commerical) Labs,133921,04/11/2021,919
Colorado,5763976,Daily COVID-19 PCR Test Data From Clinical Laboratories,05/23/2020,7-Day Average Percent Positivity,0.076,04/11/2021,920
Colorado,5763976,Daily COVID-19 PCR Test Data From Clinical Laboratories,05/23/2020,3-Day Average Percent Positivity,0.079,04/11/2021,921
Colorado,5763976,Daily COVID-19 Antibody Test Data From Clinical Laboratories,05/23/2020,Antibody Tests Performed,1359,04/11/2021,922
Colorado,5763976,Daily COVID-19 Antibody Test Data From Clinical Laboratories,05/23/2020,Number of negative tests,1266,04/11/2021,923
Colorado,5763976,Daily COVID-19 Antibody Test Data From Clinical Laboratories,05/23/2020,Number of positive tests,93,04/11/2021,924
Colorado,5763976,Daily COVID-19 Antibody Test Data From Clinical Laboratories,05/23/2020,Total Tests per 100K People,23.578,04/11/2021,925
Colorado,5763976,Daily COVID-19 Antibody Test Data From Clinical Laboratories,05/23/2020,Percent Positivity,0.068,04/11/2021,926
Colorado,5763976,Daily COVID-19 Antibody Test Data From Clinical Laboratories,05/23/2020,7-Day Average Percent Positivity,0.062,04/11/2021,927
Colorado,5763976,Daily COVID-19 Antibody Test Data From Clinical Laboratories,05/23/2020,3-Day Average Percent Positivity,0.054,04/11/2021,928
Colorado,5763976,Daily COVID-19 Antibody Test Data From Clinical Laboratories,05/23/2020,Cumulative Antibody Tests Performed,52692,04/11/2021,929
Colorado,5763976,Daily COVID-19 PCR Test Data From Clinical Laboratories,05/24/2020,Percent Positivity,0.074,04/11/2021,930
Colorado,5763976,Daily COVID-19 PCR Test Data From Clinical Laboratories,05/24/2020,People Tested at CDPHE State Lab,1537,04/11/2021,931
Colorado,5763976,Daily COVID-19 PCR Test Data From Clinical Laboratories,05/24/2020,People Tested at Non-CDPHE (Commerical) Labs,2527,04/11/2021,932
Colorado,5763976,Daily COVID-19 PCR Test Data From Clinical Laboratories,05/24/2020,Cumulative People Tested at CDPHE State Lab,42974,04/11/2021,933
Colorado,5763976,Daily COVID-19 PCR Test Data From Clinical Laboratories,05/24/2020,Cumulative People Tested at Non-CDPHE (Commerical) Labs,136448,04/11/2021,934
Colorado,5763976,Daily COVID-19 PCR Test Data From Clinical Laboratories,05/24/2020,7-Day Average Percent Positivity,0.076,04/11/2021,935
Colorado,5763976,Daily COVID-19 PCR Test Data From Clinical Laboratories,05/24/2020,3-Day Average Percent Positivity,0.077,04/11/2021,936
Colorado,5763976,Daily COVID-19 Antibody Test Data From Clinical Laboratories,05/24/2020,Antibody Tests Performed,832,04/11/2021,937
Colorado,5763976,Daily COVID-19 Antibody Test Data From Clinical Laboratories,05/24/2020,Number of negative tests,762,04/11/2021,938
Colorado,5763976,Daily COVID-19 Antibody Test Data From Clinical Laboratories,05/24/2020,Number of positive tests,70,04/11/2021,939
Colorado,5763976,Daily COVID-19 Antibody Test Data From Clinical Laboratories,05/24/2020,Total Tests per 100K People,14.434,04/11/2021,940
Colorado,5763976,Daily COVID-19 Antibody Test Data From Clinical Laboratories,05/24/2020,Percent Positivity,0.084,04/11/2021,941
Colorado,5763976,Daily COVID-19 Antibody Test Data From Clinical Laboratories,05/24/2020,7-Day Average Percent Positivity,0.062,04/11/2021,942
Colorado,5763976,Daily COVID-19 Antibody Test Data From Clinical Laboratories,05/24/2020,3-Day Average Percent Positivity,0.06,04/11/2021,943
Colorado,5763976,Daily COVID-19 Antibody Test Data From Clinical Laboratories,05/24/2020,Cumulative Antibody Tests Performed,53524,04/11/2021,944
Colorado,5763976,Weekly COVID-19 PCR Test Data From Clinical Laboratories,05/24/2020,People Tested at CDPHE State Lab,8700,04/11/2021,945
Colorado,5763976,Weekly COVID-19 PCR Test Data From Clinical Laboratories,05/24/2020,People Tested at Non-CDPHE (Commerical) Labs,32713,04/11/2021,946
Colorado,5763976,Weekly COVID-19 PCR Test Data From Clinical Laboratories,05/24/2020,Weekly Percent Positivity,0.071,04/11/2021,947
Colorado,5763976,Weekly COVID-19 PCR Test Data From Clinical Laboratories,05/24/2020,Cumulative People Tested at CDPHE State Lab,50137,04/11/2021,948
Colorado,5763976,Weekly COVID-19 PCR Test Data From Clinical Laboratories,05/24/2020,Cumulative People Tested at Non-CDPHE (Commerical) Labs,166634,04/11/2021,949
Colorado,5763976,Weekly COVID-19 PCR Test Data From Clinical Laboratories,05/24/2020,Percent Change in Weekly Positivity,-0.08,04/11/2021,950
Colorado,5763976,Weekly COVID-19 Antibody Test Data From Clinical Laboratories,05/24/2020,Antibody Tests Performed,12673,04/11/2021,951
Colorado,5763976,Weekly COVID-19 Antibody Test Data From Clinical Laboratories,05/24/2020,Number of positive tests,807,04/11/2021,952
Colorado,5763976,Weekly COVID-19 Antibody Test Data From Clinical Laboratories,05/24/2020,Number of negative tests,11866,04/11/2021,953
Colorado,5763976,Daily COVID-19 PCR Test Data From Clinical Laboratories,06/03/2020,Percent Positivity,0.054,04/11/2021,954
Colorado,5763976,Daily COVID-19 PCR Test Data From Clinical Laboratories,05/19/2020,Percent Positivity,0.069,04/11/2021,955
Colorado,5763976,Daily COVID-19 Antibody Test Data From Clinical Laboratories,05/16/2020,Antibody Tests Performed,2067,04/11/2021,956
Colorado,5763976,Daily COVID-19 PCR Test Data From Clinical Laboratories,05/13/2020,People Tested at Non-CDPHE (Commerical) Labs,3454,04/11/2021,957
Colorado,5763976,Daily COVID-19 PCR Test Data From Clinical Laboratories,06/03/2020,People Tested at CDPHE State Lab,1148,04/11/2021,958
Colorado,5763976,Daily COVID-19 PCR Test Data From Clinical Laboratories,06/03/2020,People Tested at Non-CDPHE (Commerical) Labs,7219,04/11/2021,959
Colorado,5763976,Daily COVID-19 PCR Test Data From Clinical Laboratories,06/03/2020,Cumulative People Tested at CDPHE State Lab,54636,04/11/2021,960
Colorado,5763976,Daily COVID-19 PCR Test Data From Clinical Laboratories,06/03/2020,Cumulative People Tested at Non-CDPHE (Commerical) Labs,183944,04/11/2021,961
Colorado,5763976,Daily COVID-19 PCR Test Data From Clinical Laboratories,06/03/2020,7-Day Average Percent Positivity,0.063,04/11/2021,962
Colorado,5763976,Daily COVID-19 PCR Test Data From Clinical Laboratories,06/03/2020,3-Day Average Percent Positivity,0.056,04/11/2021,963
Colorado,5763976,Daily COVID-19 Antibody Test Data From Clinical Laboratories,06/03/2020,Antibody Tests Performed,1856,04/11/2021,964
Colorado,5763976,Daily COVID-19 Antibody Test Data From Clinical Laboratories,06/03/2020,Number of negative tests,1740,04/11/2021,965
Colorado,5763976,Daily COVID-19 Antibody Test Data From Clinical Laboratories,06/03/2020,Number of positive tests,116,04/11/2021,966
Colorado,5763976,Daily COVID-19 Antibody Test Data From Clinical Laboratories,06/03/2020,Total Tests per 100K People,32.2,04/11/2021,967
Colorado,5763976,Daily COVID-19 Antibody Test Data From Clinical Laboratories,06/03/2020,Percent Positivity,0.062,04/11/2021,968
Colorado,5763976,Daily COVID-19 Antibody Test Data From Clinical Laboratories,06/03/2020,7-Day Average Percent Positivity,0.063,04/11/2021,969
Colorado,5763976,Daily COVID-19 Antibody Test Data From Clinical Laboratories,06/03/2020,3-Day Average Percent Positivity,0.059,04/11/2021,970
Colorado,5763976,Daily COVID-19 Antibody Test Data From Clinical Laboratories,06/03/2020,Cumulative Antibody Tests Performed,71434,04/11/2021,971
Colorado,5763976,Daily COVID-19 PCR Test Data From Clinical Laboratories,06/04/2020,Percent Positivity,0.046,04/11/2021,972
Colorado,5763976,Daily COVID-19 PCR Test Data From Clinical Laboratories,06/04/2020,People Tested at CDPHE State Lab,2265,04/11/2021,973
Colorado,5763976,Daily COVID-19 PCR Test Data From Clinical Laboratories,06/04/2020,People Tested at Non-CDPHE (Commerical) Labs,4368,04/11/2021,974
Colorado,5763976,Daily COVID-19 PCR Test Data From Clinical Laboratories,06/04/2020,Cumulative People Tested at CDPHE State Lab,56901,04/11/2021,975
Colorado,5763976,Daily COVID-19 PCR Test Data From Clinical Laboratories,06/04/2020,Cumulative People Tested at Non-CDPHE (Commerical) Labs,188312,04/11/2021,976
Colorado,5763976,Daily COVID-19 PCR Test Data From Clinical Laboratories,06/04/2020,7-Day Average Percent Positivity,0.058,04/11/2021,977
Colorado,5763976,Daily COVID-19 PCR Test Data From Clinical Laboratories,06/04/2020,3-Day Average Percent Positivity,0.052,04/11/2021,978
Colorado,5763976,Daily COVID-19 Antibody Test Data From Clinical Laboratories,06/04/2020,Antibody Tests Performed,2607,04/11/2021,979
Colorado,5763976,Daily COVID-19 Antibody Test Data From Clinical Laboratories,06/04/2020,Number of negative tests,2432,04/11/2021,980
Colorado,5763976,Daily COVID-19 Antibody Test Data From Clinical Laboratories,06/04/2020,Number of positive tests,175,04/11/2021,981
Colorado,5763976,Daily COVID-19 Antibody Test Data From Clinical Laboratories,06/04/2020,Total Tests per 100K People,45.229,04/11/2021,982
Colorado,5763976,Daily COVID-19 Antibody Test Data From Clinical Laboratories,06/04/2020,Percent Positivity,0.067,04/11/2021,983
Colorado,5763976,Daily COVID-19 Antibody Test Data From Clinical Laboratories,06/04/2020,7-Day Average Percent Positivity,0.064,04/11/2021,984
Colorado,5763976,Daily COVID-19 Antibody Test Data From Clinical Laboratories,06/04/2020,3-Day Average Percent Positivity,0.064,04/11/2021,985
Colorado,5763976,Daily COVID-19 Antibody Test Data From Clinical Laboratories,06/04/2020,Cumulative Antibody Tests Performed,74041,04/11/2021,986
Colorado,5763976,Daily COVID-19 PCR Test Data From Clinical Laboratories,06/05/2020,Percent Positivity,0.048,04/11/2021,987
Colorado,5763976,Daily COVID-19 PCR Test Data From Clinical Laboratories,06/05/2020,People Tested at CDPHE State Lab,1578,04/11/2021,988
Colorado,5763976,Daily COVID-19 PCR Test Data From Clinical Laboratories,06/05/2020,People Tested at Non-CDPHE (Commerical) Labs,4145,04/11/2021,989
Colorado,5763976,Daily COVID-19 PCR Test Data From Clinical Laboratories,06/05/2020,Cumulative People Tested at CDPHE State Lab,58479,04/11/2021,990
Colorado,5763976,Daily COVID-19 PCR Test Data From Clinical Laboratories,06/05/2020,Cumulative People Tested at Non-CDPHE (Commerical) Labs,192457,04/11/2021,991
Colorado,5763976,Daily COVID-19 PCR Test Data From Clinical Laboratories,06/05/2020,7-Day Average Percent Positivity,0.049,04/11/2021,992
Colorado,5763976,Daily COVID-19 PCR Test Data From Clinical Laboratories,06/05/2020,3-Day Average Percent Positivity,0.05,04/11/2021,993
Colorado,5763976,Daily COVID-19 Antibody Test Data From Clinical Laboratories,06/05/2020,Antibody Tests Performed,1965,04/11/2021,994
Colorado,5763976,Daily COVID-19 Antibody Test Data From Clinical Laboratories,06/05/2020,Number of negative tests,1825,04/11/2021,995
Colorado,5763976,Daily COVID-19 Antibody Test Data From Clinical Laboratories,06/05/2020,Number of positive tests,140,04/11/2021,996
Colorado,5763976,Daily COVID-19 Antibody Test Data From Clinical Laboratories,06/05/2020,Total Tests per 100K People,34.091,04/11/2021,997
Colorado,5763976,Daily COVID-19 Antibody Test Data From Clinical Laboratories,06/05/2020,Percent Positivity,0.071,04/11/2021,998
Colorado,5763976,Daily COVID-19 Antibody Test Data From Clinical Laboratories,06/05/2020,7-Day Average Percent Positivity,0.066,04/11/2021,999
Colorado,5763976,Daily COVID-19 Antibody Test Data From Clinical Laboratories,06/05/2020,3-Day Average Percent Positivity,0.067,04/11/2021,1000
Colorado,5763976,Daily COVID-19 Antibody Test Data From Clinical Laboratories,06/05/2020,Cumulative Antibody Tests Performed,76006,04/11/2021,1001
Colorado,5763976,Daily COVID-19 PCR Test Data From Clinical Laboratories,06/06/2020,Percent Positivity,0.04,04/11/2021,1002
Colorado,5763976,Daily COVID-19 PCR Test Data From Clinical Laboratories,06/06/2020,People Tested at CDPHE State Lab,1878,04/11/2021,1003
Colorado,5763976,Daily COVID-19 PCR Test Data From Clinical Laboratories,06/06/2020,People Tested at Non-CDPHE (Commerical) Labs,3522,04/11/2021,1004
Colorado,5763976,Daily COVID-19 PCR Test Data From Clinical Laboratories,06/06/2020,Cumulative People Tested at CDPHE State Lab,60357,04/11/2021,1005
Colorado,5763976,Daily COVID-19 PCR Test Data From Clinical Laboratories,06/06/2020,Cumulative People Tested at Non-CDPHE (Commerical) Labs,195979,04/11/2021,1006
Colorado,5763976,Daily COVID-19 PCR Test Data From Clinical Laboratories,05/13/2020,Cumulative People Tested at CDPHE State Lab,30809,04/11/2021,1007
Colorado,5763976,Daily COVID-19 PCR Test Data From Clinical Laboratories,05/19/2020,People Tested at CDPHE State Lab,777,04/11/2021,1008
Colorado,5763976,Daily COVID-19 Antibody Test Data From Clinical Laboratories,05/16/2020,Number of negative tests,1928,04/11/2021,1009
Colorado,5763976,Daily COVID-19 Antibody Test Data From Clinical Laboratories,05/16/2020,Number of positive tests,139,04/11/2021,1010
Colorado,5763976,Daily COVID-19 Antibody Test Data From Clinical Laboratories,05/16/2020,Total Tests per 100K People,35.861,04/11/2021,1011
Colorado,5763976,Daily COVID-19 Antibody Test Data From Clinical Laboratories,05/16/2020,Percent Positivity,0.067,04/11/2021,1012
Colorado,5763976,Daily COVID-19 Antibody Test Data From Clinical Laboratories,05/16/2020,7-Day Average Percent Positivity,0.076,04/11/2021,1013
Colorado,5763976,Daily COVID-19 Antibody Test Data From Clinical Laboratories,05/16/2020,3-Day Average Percent Positivity,0.079,04/11/2021,1014
Colorado,5763976,Daily COVID-19 Antibody Test Data From Clinical Laboratories,05/16/2020,Cumulative Antibody Tests Performed,37975,04/11/2021,1015
Colorado,5763976,Daily COVID-19 PCR Test Data From Clinical Laboratories,05/17/2020,Percent Positivity,0.08,04/11/2021,1016
Colorado,5763976,Daily COVID-19 PCR Test Data From Clinical Laboratories,05/17/2020,People Tested at CDPHE State Lab,499,04/11/2021,1017
Colorado,5763976,Daily COVID-19 PCR Test Data From Clinical Laboratories,05/17/2020,People Tested at Non-CDPHE (Commerical) Labs,2811,04/11/2021,1018
Colorado,5763976,Daily COVID-19 PCR Test Data From Clinical Laboratories,05/17/2020,Cumulative People Tested at CDPHE State Lab,33470,04/11/2021,1019
Colorado,5763976,Daily COVID-19 PCR Test Data From Clinical Laboratories,05/17/2020,Cumulative People Tested at Non-CDPHE (Commerical) Labs,115970,04/11/2021,1020
Colorado,5763976,Daily COVID-19 PCR Test Data From Clinical Laboratories,05/17/2020,7-Day Average Percent Positivity,0.092,04/11/2021,1021
Colorado,5763976,Daily COVID-19 PCR Test Data From Clinical Laboratories,05/17/2020,3-Day Average Percent Positivity,0.094,04/11/2021,1022
Colorado,5763976,Daily COVID-19 Antibody Test Data From Clinical Laboratories,05/17/2020,Antibody Tests Performed,1844,04/11/2021,1023
Colorado,5763976,Daily COVID-19 Antibody Test Data From Clinical Laboratories,05/17/2020,Number of negative tests,1715,04/11/2021,1024
Colorado,5763976,Daily COVID-19 Antibody Test Data From Clinical Laboratories,05/17/2020,Number of positive tests,129,04/11/2021,1025
Colorado,5763976,Daily COVID-19 Antibody Test Data From Clinical Laboratories,05/17/2020,Total Tests per 100K People,31.992,04/11/2021,1026
Colorado,5763976,Daily COVID-19 Antibody Test Data From Clinical Laboratories,05/17/2020,Percent Positivity,0.07,04/11/2021,1027
Colorado,5763976,Daily COVID-19 Antibody Test Data From Clinical Laboratories,05/17/2020,7-Day Average Percent Positivity,0.075,04/11/2021,1028
Colorado,5763976,Daily COVID-19 Antibody Test Data From Clinical Laboratories,05/17/2020,3-Day Average Percent Positivity,0.072,04/11/2021,1029
Colorado,5763976,Daily COVID-19 Antibody Test Data From Clinical Laboratories,05/17/2020,Cumulative Antibody Tests Performed,39819,04/11/2021,1030
Colorado,5763976,Weekly COVID-19 PCR Test Data From Clinical Laboratories,05/17/2020,People Tested at CDPHE State Lab,8466,04/11/2021,1031
Colorado,5763976,Weekly COVID-19 PCR Test Data From Clinical Laboratories,05/17/2020,People Tested at Non-CDPHE (Commerical) Labs,20762,04/11/2021,1032
Colorado,5763976,Weekly COVID-19 PCR Test Data From Clinical Laboratories,05/17/2020,Weekly Percent Positivity,0.076,04/11/2021,1033
Colorado,5763976,Weekly COVID-19 PCR Test Data From Clinical Laboratories,05/17/2020,Cumulative People Tested at CDPHE State Lab,41437,04/11/2021,1034
Colorado,5763976,Weekly COVID-19 PCR Test Data From Clinical Laboratories,05/17/2020,Cumulative People Tested at Non-CDPHE (Commerical) Labs,133921,04/11/2021,1035
Colorado,5763976,Weekly COVID-19 PCR Test Data From Clinical Laboratories,05/17/2020,Percent Change in Weekly Positivity,-0.17,04/11/2021,1036
Colorado,5763976,Weekly COVID-19 Antibody Test Data From Clinical Laboratories,05/17/2020,Antibody Tests Performed,14717,04/11/2021,1037
Colorado,5763976,Weekly COVID-19 Antibody Test Data From Clinical Laboratories,05/17/2020,Number of positive tests,906,04/11/2021,1038
Colorado,5763976,Weekly COVID-19 Antibody Test Data From Clinical Laboratories,05/17/2020,Number of negative tests,13811,04/11/2021,1039
Colorado,5763976,Weekly COVID-19 Antibody Test Data From Clinical Laboratories,05/17/2020,Weekly Percent Positivity,0.062,04/11/2021,1040
Colorado,5763976,Weekly COVID-19 Antibody Test Data From Clinical Laboratories,05/17/2020,Cumulative Antibody Tests Performed,52692,04/11/2021,1041
Colorado,5763976,Weekly COVID-19 Antibody Test Data From Clinical Laboratories,05/17/2020,Percent Change in Weekly Positivity,-0.19,04/11/2021,1042
Colorado,5763976,Daily COVID-19 PCR Test Data From Clinical Laboratories,05/18/2020,Percent Positivity,0.092,04/11/2021,1043
Colorado,5763976,Daily COVID-19 PCR Test Data From Clinical Laboratories,05/18/2020,People Tested at CDPHE State Lab,640,04/11/2021,1044
Colorado,5763976,Daily COVID-19 PCR Test Data From Clinical Laboratories,05/18/2020,People Tested at Non-CDPHE (Commerical) Labs,2415,04/11/2021,1045
Colorado,5763976,Daily COVID-19 PCR Test Data From Clinical Laboratories,05/18/2020,Cumulative People Tested at CDPHE State Lab,34110,04/11/2021,1046
Colorado,5763976,Daily COVID-19 PCR Test Data From Clinical Laboratories,05/18/2020,Cumulative People Tested at Non-CDPHE (Commerical) Labs,118385,04/11/2021,1047
Colorado,5763976,Daily COVID-19 PCR Test Data From Clinical Laboratories,05/18/2020,7-Day Average Percent Positivity,0.092,04/11/2021,1048
Colorado,5763976,Daily COVID-19 PCR Test Data From Clinical Laboratories,05/18/2020,3-Day Average Percent Positivity,0.092,04/11/2021,1049
Colorado,5763976,Daily COVID-19 Antibody Test Data From Clinical Laboratories,05/18/2020,Antibody Tests Performed,664,04/11/2021,1050
Colorado,5763976,Daily COVID-19 Antibody Test Data From Clinical Laboratories,05/18/2020,Number of negative tests,600,04/11/2021,1051
Colorado,5763976,Daily COVID-19 Antibody Test Data From Clinical Laboratories,05/18/2020,Number of positive tests,64,04/11/2021,1052
Colorado,5763976,Daily COVID-19 Antibody Test Data From Clinical Laboratories,05/18/2020,Total Tests per 100K People,11.52,04/11/2021,1053
Colorado,5763976,Daily COVID-19 Antibody Test Data From Clinical Laboratories,05/18/2020,Percent Positivity,0.096,04/11/2021,1054
Colorado,5763976,Daily COVID-19 Antibody Test Data From Clinical Laboratories,05/18/2020,7-Day Average Percent Positivity,0.077,04/11/2021,1055
Colorado,5763976,Daily COVID-19 Antibody Test Data From Clinical Laboratories,05/18/2020,3-Day Average Percent Positivity,0.073,04/11/2021,1056
Colorado,5763976,Daily COVID-19 PCR Test Data From Clinical Laboratories,05/19/2020,People Tested at Non-CDPHE (Commerical) Labs,3643,04/11/2021,1057
Colorado,5763976,Daily COVID-19 PCR Test Data From Clinical Laboratories,05/13/2020,Cumulative People Tested at Non-CDPHE (Commerical) Labs,103118,04/11/2021,1058
Colorado,5763976,Daily COVID-19 PCR Test Data From Clinical Laboratories,05/28/2020,People Tested at Non-CDPHE (Commerical) Labs,6496,04/11/2021,1059
Colorado,5763976,Daily COVID-19 PCR Test Data From Clinical Laboratories,05/28/2020,Cumulative People Tested at CDPHE State Lab,46587,04/11/2021,1060
Colorado,5763976,Daily COVID-19 PCR Test Data From Clinical Laboratories,05/28/2020,Cumulative People Tested at Non-CDPHE (Commerical) Labs,156817,04/11/2021,1061
Colorado,5763976,Daily COVID-19 PCR Test Data From Clinical Laboratories,05/28/2020,7-Day Average Percent Positivity,0.072,04/11/2021,1062
Colorado,5763976,Daily COVID-19 PCR Test Data From Clinical Laboratories,05/28/2020,3-Day Average Percent Positivity,0.067,04/11/2021,1063
Colorado,5763976,Daily COVID-19 Antibody Test Data From Clinical Laboratories,05/28/2020,Antibody Tests Performed,2865,04/11/2021,1064
Colorado,5763976,Daily COVID-19 Antibody Test Data From Clinical Laboratories,05/28/2020,Number of negative tests,2689,04/11/2021,1065
Colorado,5763976,Daily COVID-19 Antibody Test Data From Clinical Laboratories,05/28/2020,Number of positive tests,176,04/11/2021,1066
Colorado,5763976,Daily COVID-19 Antibody Test Data From Clinical Laboratories,05/28/2020,Total Tests per 100K People,49.705,04/11/2021,1067
Colorado,5763976,Daily COVID-19 Antibody Test Data From Clinical Laboratories,05/28/2020,Percent Positivity,0.061,04/11/2021,1068
Colorado,5763976,Daily COVID-19 Antibody Test Data From Clinical Laboratories,05/28/2020,7-Day Average Percent Positivity,0.059,04/11/2021,1069
Colorado,5763976,Daily COVID-19 Antibody Test Data From Clinical Laboratories,05/28/2020,3-Day Average Percent Positivity,0.056,04/11/2021,1070
Colorado,5763976,Daily COVID-19 Antibody Test Data From Clinical Laboratories,05/28/2020,Cumulative Antibody Tests Performed,60823,04/11/2021,1071
Colorado,5763976,Daily COVID-19 PCR Test Data From Clinical Laboratories,05/29/2020,Percent Positivity,0.107,04/11/2021,1072
Colorado,5763976,Daily COVID-19 PCR Test Data From Clinical Laboratories,05/29/2020,People Tested at CDPHE State Lab,285,04/11/2021,1073
Colorado,5763976,Daily COVID-19 PCR Test Data From Clinical Laboratories,05/29/2020,People Tested at Non-CDPHE (Commerical) Labs,5489,04/11/2021,1074
Colorado,5763976,Daily COVID-19 PCR Test Data From Clinical Laboratories,05/29/2020,Cumulative People Tested at CDPHE State Lab,46872,04/11/2021,1075
Colorado,5763976,Daily COVID-19 PCR Test Data From Clinical Laboratories,05/29/2020,Cumulative People Tested at Non-CDPHE (Commerical) Labs,162306,04/11/2021,1076
Colorado,5763976,Daily COVID-19 PCR Test Data From Clinical Laboratories,05/29/2020,7-Day Average Percent Positivity,0.076,04/11/2021,1077
Colorado,5763976,Daily COVID-19 PCR Test Data From Clinical Laboratories,05/29/2020,3-Day Average Percent Positivity,0.078,04/11/2021,1078
Colorado,5763976,Daily COVID-19 Antibody Test Data From Clinical Laboratories,05/29/2020,Antibody Tests Performed,2693,04/11/2021,1079
Colorado,5763976,Daily COVID-19 Antibody Test Data From Clinical Laboratories,05/29/2020,Number of negative tests,2528,04/11/2021,1080
Colorado,5763976,Daily COVID-19 Antibody Test Data From Clinical Laboratories,05/29/2020,Number of positive tests,165,04/11/2021,1081
Colorado,5763976,Daily COVID-19 Antibody Test Data From Clinical Laboratories,05/29/2020,Total Tests per 100K People,46.721,04/11/2021,1082
Colorado,5763976,Daily COVID-19 Antibody Test Data From Clinical Laboratories,05/29/2020,Percent Positivity,0.061,04/11/2021,1083
Colorado,5763976,Daily COVID-19 Antibody Test Data From Clinical Laboratories,05/29/2020,7-Day Average Percent Positivity,0.062,04/11/2021,1084
Colorado,5763976,Daily COVID-19 Antibody Test Data From Clinical Laboratories,05/29/2020,3-Day Average Percent Positivity,0.058,04/11/2021,1085
Colorado,5763976,Daily COVID-19 Antibody Test Data From Clinical Laboratories,05/29/2020,Cumulative Antibody Tests Performed,63516,04/11/2021,1086
Colorado,5763976,Daily COVID-19 PCR Test Data From Clinical Laboratories,05/30/2020,Percent Positivity,0.045,04/11/2021,1087
Colorado,5763976,Daily COVID-19 PCR Test Data From Clinical Laboratories,05/30/2020,People Tested at CDPHE State Lab,3265,04/11/2021,1088
Colorado,5763976,Daily COVID-19 PCR Test Data From Clinical Laboratories,05/30/2020,People Tested at Non-CDPHE (Commerical) Labs,4328,04/11/2021,1089
Colorado,5763976,Daily COVID-19 PCR Test Data From Clinical Laboratories,05/30/2020,Cumulative People Tested at CDPHE State Lab,50137,04/11/2021,1090
Colorado,5763976,Daily COVID-19 PCR Test Data From Clinical Laboratories,05/30/2020,Cumulative People Tested at Non-CDPHE (Commerical) Labs,166634,04/11/2021,1091
Colorado,5763976,Daily COVID-19 PCR Test Data From Clinical Laboratories,05/30/2020,7-Day Average Percent Positivity,0.071,04/11/2021,1092
Colorado,5763976,Daily COVID-19 PCR Test Data From Clinical Laboratories,05/30/2020,3-Day Average Percent Positivity,0.073,04/11/2021,1093
Colorado,5763976,Daily COVID-19 Antibody Test Data From Clinical Laboratories,05/30/2020,Antibody Tests Performed,1849,04/11/2021,1094
Colorado,5763976,Daily COVID-19 Antibody Test Data From Clinical Laboratories,05/30/2020,Number of negative tests,1705,04/11/2021,1095
Colorado,5763976,Daily COVID-19 Antibody Test Data From Clinical Laboratories,05/30/2020,Number of positive tests,144,04/11/2021,1096
Colorado,5763976,Daily COVID-19 Antibody Test Data From Clinical Laboratories,05/30/2020,Total Tests per 100K People,32.079,04/11/2021,1097
Colorado,5763976,Daily COVID-19 Antibody Test Data From Clinical Laboratories,05/30/2020,Percent Positivity,0.078,04/11/2021,1098
Colorado,5763976,Daily COVID-19 Antibody Test Data From Clinical Laboratories,05/30/2020,7-Day Average Percent Positivity,0.064,04/11/2021,1099
Colorado,5763976,Daily COVID-19 Antibody Test Data From Clinical Laboratories,05/30/2020,3-Day Average Percent Positivity,0.066,04/11/2021,1100
Colorado,5763976,Daily COVID-19 Antibody Test Data From Clinical Laboratories,05/30/2020,Cumulative Antibody Tests Performed,65365,04/11/2021,1101
Colorado,5763976,Daily COVID-19 PCR Test Data From Clinical Laboratories,05/31/2020,Percent Positivity,0.039,04/11/2021,1102
Colorado,5763976,Daily COVID-19 PCR Test Data From Clinical Laboratories,05/31/2020,People Tested at CDPHE State Lab,1668,04/11/2021,1103
Colorado,5763976,Daily COVID-19 PCR Test Data From Clinical Laboratories,05/31/2020,People Tested at Non-CDPHE (Commerical) Labs,3461,04/11/2021,1104
Colorado,5763976,Daily COVID-19 PCR Test Data From Clinical Laboratories,05/31/2020,Cumulative People Tested at CDPHE State Lab,51805,04/11/2021,1105
Colorado,5763976,Daily COVID-19 PCR Test Data From Clinical Laboratories,05/31/2020,Cumulative People Tested at Non-CDPHE (Commerical) Labs,170095,04/11/2021,1106
Colorado,5763976,Daily COVID-19 PCR Test Data From Clinical Laboratories,05/31/2020,7-Day Average Percent Positivity,0.066,04/11/2021,1107
Colorado,5763976,Daily COVID-19 PCR Test Data From Clinical Laboratories,05/31/2020,3-Day Average Percent Positivity,0.063,04/11/2021,1108
Colorado,5763976,Daily COVID-19 PCR Test Data From Clinical Laboratories,05/13/2020,7-Day Average Percent Positivity,0.093,04/11/2021,1109
Colorado,5763976,Daily COVID-19 PCR Test Data From Clinical Laboratories,05/19/2020,Cumulative People Tested at CDPHE State Lab,34887,04/11/2021,1110
Colorado,5763976,Daily COVID-19 PCR Test Data From Clinical Laboratories,05/19/2020,Cumulative People Tested at Non-CDPHE (Commerical) Labs,122028,04/11/2021,1111
Colorado,5763976,Daily COVID-19 PCR Test Data From Clinical Laboratories,05/19/2020,7-Day Average Percent Positivity,0.09,04/11/2021,1112
Colorado,5763976,Daily COVID-19 PCR Test Data From Clinical Laboratories,05/19/2020,3-Day Average Percent Positivity,0.079,04/11/2021,1113
Colorado,5763976,Daily COVID-19 Antibody Test Data From Clinical Laboratories,05/19/2020,Antibody Tests Performed,2409,04/11/2021,1114
Colorado,5763976,Daily COVID-19 Antibody Test Data From Clinical Laboratories,05/19/2020,Number of negative tests,2238,04/11/2021,1115
Colorado,5763976,Daily COVID-19 Antibody Test Data From Clinical Laboratories,05/19/2020,Number of positive tests,171,04/11/2021,1116
Colorado,5763976,Daily COVID-19 Antibody Test Data From Clinical Laboratories,05/19/2020,Total Tests per 100K People,41.794,04/11/2021,1117
Colorado,5763976,Daily COVID-19 Antibody Test Data From Clinical Laboratories,05/19/2020,Percent Positivity,0.071,04/11/2021,1118
Colorado,5763976,Daily COVID-19 Antibody Test Data From Clinical Laboratories,05/19/2020,7-Day Average Percent Positivity,0.078,04/11/2021,1119
Colorado,5763976,Daily COVID-19 Antibody Test Data From Clinical Laboratories,05/19/2020,3-Day Average Percent Positivity,0.074,04/11/2021,1120
Colorado,5763976,Daily COVID-19 Antibody Test Data From Clinical Laboratories,05/19/2020,Cumulative Antibody Tests Performed,42892,04/11/2021,1121
Colorado,5763976,Daily COVID-19 PCR Test Data From Clinical Laboratories,05/20/2020,Percent Positivity,0.066,04/11/2021,1122
Colorado,5763976,Daily COVID-19 PCR Test Data From Clinical Laboratories,05/20/2020,People Tested at CDPHE State Lab,1652,04/11/2021,1123
Colorado,5763976,Daily COVID-19 PCR Test Data From Clinical Laboratories,05/20/2020,People Tested at Non-CDPHE (Commerical) Labs,3533,04/11/2021,1124
Colorado,5763976,Daily COVID-19 PCR Test Data From Clinical Laboratories,05/20/2020,Cumulative People Tested at CDPHE State Lab,36539,04/11/2021,1125
Colorado,5763976,Daily COVID-19 PCR Test Data From Clinical Laboratories,05/20/2020,Cumulative People Tested at Non-CDPHE (Commerical) Labs,125561,04/11/2021,1126
Colorado,5763976,Daily COVID-19 PCR Test Data From Clinical Laboratories,05/20/2020,7-Day Average Percent Positivity,0.084,04/11/2021,1127
Colorado,5763976,Daily COVID-19 PCR Test Data From Clinical Laboratories,05/20/2020,3-Day Average Percent Positivity,0.073,04/11/2021,1128
Colorado,5763976,Daily COVID-19 Antibody Test Data From Clinical Laboratories,05/20/2020,Antibody Tests Performed,2395,04/11/2021,1129
Colorado,5763976,Daily COVID-19 Antibody Test Data From Clinical Laboratories,05/20/2020,Number of negative tests,2252,04/11/2021,1130
Colorado,5763976,Daily COVID-19 Antibody Test Data From Clinical Laboratories,05/20/2020,Number of positive tests,143,04/11/2021,1131
Colorado,5763976,Daily COVID-19 Antibody Test Data From Clinical Laboratories,05/20/2020,Total Tests per 100K People,41.551,04/11/2021,1132
Colorado,5763976,Daily COVID-19 Antibody Test Data From Clinical Laboratories,05/20/2020,Percent Positivity,0.06,04/11/2021,1133
Colorado,5763976,Daily COVID-19 Antibody Test Data From Clinical Laboratories,05/20/2020,7-Day Average Percent Positivity,0.074,04/11/2021,1134
Colorado,5763976,Daily COVID-19 Antibody Test Data From Clinical Laboratories,05/20/2020,3-Day Average Percent Positivity,0.069,04/11/2021,1135
Colorado,5763976,Daily COVID-19 Antibody Test Data From Clinical Laboratories,05/20/2020,Cumulative Antibody Tests Performed,45287,04/11/2021,1136
Colorado,5763976,Daily COVID-19 PCR Test Data From Clinical Laboratories,05/21/2020,Percent Positivity,0.079,04/11/2021,1137
Colorado,5763976,Daily COVID-19 PCR Test Data From Clinical Laboratories,05/21/2020,People Tested at CDPHE State Lab,1224,04/11/2021,1138
Colorado,5763976,Daily COVID-19 PCR Test Data From Clinical Laboratories,05/21/2020,People Tested at Non-CDPHE (Commerical) Labs,2348,04/11/2021,1139
Colorado,5763976,Daily COVID-19 PCR Test Data From Clinical Laboratories,05/21/2020,Cumulative People Tested at CDPHE State Lab,37763,04/11/2021,1140
Colorado,5763976,Daily COVID-19 PCR Test Data From Clinical Laboratories,05/21/2020,Cumulative People Tested at Non-CDPHE (Commerical) Labs,127909,04/11/2021,1141
Colorado,5763976,Daily COVID-19 PCR Test Data From Clinical Laboratories,05/21/2020,7-Day Average Percent Positivity,0.082,04/11/2021,1142
Colorado,5763976,Daily COVID-19 PCR Test Data From Clinical Laboratories,05/21/2020,3-Day Average Percent Positivity,0.07,04/11/2021,1143
Colorado,5763976,Daily COVID-19 Antibody Test Data From Clinical Laboratories,05/21/2020,Antibody Tests Performed,2707,04/11/2021,1144
Colorado,5763976,Daily COVID-19 Antibody Test Data From Clinical Laboratories,05/21/2020,Number of negative tests,2572,04/11/2021,1145
Colorado,5763976,Daily COVID-19 Antibody Test Data From Clinical Laboratories,05/21/2020,Number of positive tests,135,04/11/2021,1146
Colorado,5763976,Daily COVID-19 Antibody Test Data From Clinical Laboratories,05/21/2020,Total Tests per 100K People,46.964,04/11/2021,1147
Colorado,5763976,Daily COVID-19 Antibody Test Data From Clinical Laboratories,05/21/2020,Percent Positivity,0.05,04/11/2021,1148
Colorado,5763976,Daily COVID-19 Antibody Test Data From Clinical Laboratories,05/21/2020,7-Day Average Percent Positivity,0.067,04/11/2021,1149
Colorado,5763976,Daily COVID-19 Antibody Test Data From Clinical Laboratories,05/21/2020,3-Day Average Percent Positivity,0.06,04/11/2021,1150
Colorado,5763976,Daily COVID-19 Antibody Test Data From Clinical Laboratories,05/21/2020,Cumulative Antibody Tests Performed,47994,04/11/2021,1151
Colorado,5763976,Daily COVID-19 PCR Test Data From Clinical Laboratories,05/22/2020,Percent Positivity,0.083,04/11/2021,1152
Colorado,5763976,Daily COVID-19 PCR Test Data From Clinical Laboratories,05/22/2020,People Tested at CDPHE State Lab,2151,04/11/2021,1153
Colorado,5763976,Daily COVID-19 PCR Test Data From Clinical Laboratories,05/22/2020,People Tested at Non-CDPHE (Commerical) Labs,4106,04/11/2021,1154
Colorado,5763976,Daily COVID-19 PCR Test Data From Clinical Laboratories,05/22/2020,Cumulative People Tested at CDPHE State Lab,39914,04/11/2021,1155
Colorado,5763976,Daily COVID-19 PCR Test Data From Clinical Laboratories,05/13/2020,3-Day Average Percent Positivity,0.09,04/11/2021,1156
Colorado,5763976,Daily COVID-19 Antibody Test Data From Clinical Laboratories,05/13/2020,Antibody Tests Performed,5196,04/11/2021,1157
Colorado,5763976,Daily COVID-19 Antibody Test Data From Clinical Laboratories,05/13/2020,Number of negative tests,4777,04/11/2021,1158
Colorado,5763976,Daily COVID-19 Antibody Test Data From Clinical Laboratories,05/13/2020,Number of positive tests,419,04/11/2021,1159
Colorado,5763976,Daily COVID-19 Antibody Test Data From Clinical Laboratories,05/13/2020,Total Tests per 100K People,90.146,04/11/2021,1160
Colorado,5763976,Daily COVID-19 Antibody Test Data From Clinical Laboratories,05/13/2020,Percent Positivity,0.081,04/11/2021,1161
Colorado,5763976,Daily COVID-19 Antibody Test Data From Clinical Laboratories,05/13/2020,7-Day Average Percent Positivity,0.075,04/11/2021,1162
Colorado,5763976,Daily COVID-19 Antibody Test Data From Clinical Laboratories,05/13/2020,3-Day Average Percent Positivity,0.073,04/11/2021,1163
Colorado,5763976,Daily COVID-19 Antibody Test Data From Clinical Laboratories,05/13/2020,Cumulative Antibody Tests Performed,29826,04/11/2021,1164
Colorado,5763976,Daily COVID-19 PCR Test Data From Clinical Laboratories,05/14/2020,Percent Positivity,0.092,04/11/2021,1165
Colorado,5763976,Daily COVID-19 PCR Test Data From Clinical Laboratories,05/14/2020,People Tested at CDPHE State Lab,776,04/11/2021,1166
Colorado,5763976,Daily COVID-19 PCR Test Data From Clinical Laboratories,05/14/2020,People Tested at Non-CDPHE (Commerical) Labs,3512,04/11/2021,1167
Colorado,5763976,Daily COVID-19 PCR Test Data From Clinical Laboratories,05/14/2020,Cumulative People Tested at CDPHE State Lab,31585,04/11/2021,1168
Colorado,5763976,Daily COVID-19 PCR Test Data From Clinical Laboratories,05/14/2020,Cumulative People Tested at Non-CDPHE (Commerical) Labs,106630,04/11/2021,1169
Colorado,5763976,Daily COVID-19 PCR Test Data From Clinical Laboratories,05/14/2020,7-Day Average Percent Positivity,0.096,04/11/2021,1170
Colorado,5763976,Daily COVID-19 PCR Test Data From Clinical Laboratories,05/14/2020,3-Day Average Percent Positivity,0.091,04/11/2021,1171
Colorado,5763976,Daily COVID-19 Antibody Test Data From Clinical Laboratories,05/14/2020,Antibody Tests Performed,3166,04/11/2021,1172
Colorado,5763976,Daily COVID-19 Antibody Test Data From Clinical Laboratories,05/14/2020,Number of negative tests,2890,04/11/2021,1173
Colorado,5763976,Daily COVID-19 Antibody Test Data From Clinical Laboratories,05/14/2020,Number of positive tests,276,04/11/2021,1174
Colorado,5763976,Daily COVID-19 Antibody Test Data From Clinical Laboratories,05/14/2020,Total Tests per 100K People,54.927,04/11/2021,1175
Colorado,5763976,Daily COVID-19 Antibody Test Data From Clinical Laboratories,05/14/2020,Percent Positivity,0.087,04/11/2021,1176
Colorado,5763976,Daily COVID-19 Antibody Test Data From Clinical Laboratories,05/14/2020,7-Day Average Percent Positivity,0.076,04/11/2021,1177
Colorado,5763976,Daily COVID-19 Antibody Test Data From Clinical Laboratories,05/14/2020,3-Day Average Percent Positivity,0.08,04/11/2021,1178
Colorado,5763976,Daily COVID-19 Antibody Test Data From Clinical Laboratories,05/14/2020,Cumulative Antibody Tests Performed,32992,04/11/2021,1179
Colorado,5763976,Daily COVID-19 PCR Test Data From Clinical Laboratories,05/15/2020,Percent Positivity,0.097,04/11/2021,1180
Colorado,5763976,Daily COVID-19 PCR Test Data From Clinical Laboratories,05/15/2020,People Tested at CDPHE State Lab,754,04/11/2021,1181
Colorado,5763976,Daily COVID-19 PCR Test Data From Clinical Laboratories,05/15/2020,People Tested at Non-CDPHE (Commerical) Labs,3700,04/11/2021,1182
Colorado,5763976,Daily COVID-19 PCR Test Data From Clinical Laboratories,05/15/2020,Cumulative People Tested at CDPHE State Lab,32339,04/11/2021,1183
Colorado,5763976,Daily COVID-19 PCR Test Data From Clinical Laboratories,05/15/2020,Cumulative People Tested at Non-CDPHE (Commerical) Labs,110330,04/11/2021,1184
Colorado,5763976,Daily COVID-19 PCR Test Data From Clinical Laboratories,05/15/2020,7-Day Average Percent Positivity,0.091,04/11/2021,1185
Colorado,5763976,Daily COVID-19 PCR Test Data From Clinical Laboratories,05/15/2020,3-Day Average Percent Positivity,0.096,04/11/2021,1186
Colorado,5763976,Daily COVID-19 Antibody Test Data From Clinical Laboratories,05/15/2020,Antibody Tests Performed,2916,04/11/2021,1187
Colorado,5763976,Daily COVID-19 Antibody Test Data From Clinical Laboratories,05/15/2020,Number of negative tests,2690,04/11/2021,1188
Colorado,5763976,Daily COVID-19 Antibody Test Data From Clinical Laboratories,05/15/2020,Number of positive tests,226,04/11/2021,1189
Colorado,5763976,Daily COVID-19 Antibody Test Data From Clinical Laboratories,05/15/2020,Total Tests per 100K People,50.59,04/11/2021,1190
Colorado,5763976,Daily COVID-19 Antibody Test Data From Clinical Laboratories,05/15/2020,Percent Positivity,0.077,04/11/2021,1191
Colorado,5763976,Daily COVID-19 Antibody Test Data From Clinical Laboratories,05/15/2020,7-Day Average Percent Positivity,0.077,04/11/2021,1192
Colorado,5763976,Daily COVID-19 Antibody Test Data From Clinical Laboratories,05/15/2020,3-Day Average Percent Positivity,0.082,04/11/2021,1193
Colorado,5763976,Daily COVID-19 Antibody Test Data From Clinical Laboratories,05/15/2020,Cumulative Antibody Tests Performed,35908,04/11/2021,1194
Colorado,5763976,Daily COVID-19 PCR Test Data From Clinical Laboratories,05/16/2020,Percent Positivity,0.103,04/11/2021,1195
Colorado,5763976,Daily COVID-19 PCR Test Data From Clinical Laboratories,05/16/2020,People Tested at CDPHE State Lab,632,04/11/2021,1196
Colorado,5763976,Daily COVID-19 PCR Test Data From Clinical Laboratories,05/16/2020,People Tested at Non-CDPHE (Commerical) Labs,2829,04/11/2021,1197
Colorado,5763976,Daily COVID-19 PCR Test Data From Clinical Laboratories,05/16/2020,Cumulative People Tested at CDPHE State Lab,32971,04/11/2021,1198
Colorado,5763976,Daily COVID-19 PCR Test Data From Clinical Laboratories,05/16/2020,Cumulative People Tested at Non-CDPHE (Commerical) Labs,113159,04/11/2021,1199
Colorado,5763976,Daily COVID-19 PCR Test Data From Clinical Laboratories,05/16/2020,7-Day Average Percent Positivity,0.092,04/11/2021,1200
Colorado,5763976,Daily COVID-19 Antibody Test Data From Clinical Laboratories,06/08/2020,3-Day Average Percent Positivity,0.057,04/11/2021,1201
Colorado,5763976,Daily COVID-19 Antibody Test Data From Clinical Laboratories,06/08/2020,Cumulative Antibody Tests Performed,80087,04/11/2021,1202
Colorado,5763976,Daily COVID-19 PCR Test Data From Clinical Laboratories,06/09/2020,Percent Positivity,0.027,04/11/2021,1203
Colorado,5763976,Daily COVID-19 PCR Test Data From Clinical Laboratories,06/09/2020,People Tested at CDPHE State Lab,1000,04/11/2021,1204
Colorado,5763976,Daily COVID-19 PCR Test Data From Clinical Laboratories,06/09/2020,People Tested at Non-CDPHE (Commerical) Labs,4208,04/11/2021,1205
Colorado,5763976,Daily COVID-19 PCR Test Data From Clinical Laboratories,06/09/2020,Cumulative People Tested at CDPHE State Lab,63246,04/11/2021,1206
Colorado,5763976,Daily COVID-19 PCR Test Data From Clinical Laboratories,06/09/2020,Cumulative People Tested at Non-CDPHE (Commerical) Labs,208420,04/11/2021,1207
Colorado,5763976,Daily COVID-19 PCR Test Data From Clinical Laboratories,06/09/2020,7-Day Average Percent Positivity,0.042,04/11/2021,1208
Colorado,5763976,Daily COVID-19 PCR Test Data From Clinical Laboratories,06/09/2020,3-Day Average Percent Positivity,0.033,04/11/2021,1209
Colorado,5763976,Daily COVID-19 Antibody Test Data From Clinical Laboratories,06/09/2020,Antibody Tests Performed,1155,04/11/2021,1210
Colorado,5763976,Daily COVID-19 Antibody Test Data From Clinical Laboratories,06/09/2020,Number of negative tests,1089,04/11/2021,1211
Colorado,5763976,Daily COVID-19 Antibody Test Data From Clinical Laboratories,06/09/2020,Number of positive tests,66,04/11/2021,1212
Colorado,5763976,Daily COVID-19 Antibody Test Data From Clinical Laboratories,06/09/2020,Total Tests per 100K People,20.038,04/11/2021,1213
Colorado,5763976,Daily COVID-19 Antibody Test Data From Clinical Laboratories,06/09/2020,Percent Positivity,0.057,04/11/2021,1214
Colorado,5763976,Daily COVID-19 Antibody Test Data From Clinical Laboratories,06/09/2020,7-Day Average Percent Positivity,0.063,04/11/2021,1215
Colorado,5763976,Daily COVID-19 Antibody Test Data From Clinical Laboratories,06/09/2020,3-Day Average Percent Positivity,0.052,04/11/2021,1216
Colorado,5763976,Daily COVID-19 Antibody Test Data From Clinical Laboratories,06/09/2020,Cumulative Antibody Tests Performed,81242,04/11/2021,1217
Colorado,5763976,Daily COVID-19 PCR Test Data From Clinical Laboratories,06/10/2020,Percent Positivity,0.028,04/11/2021,1218
Colorado,5763976,Daily COVID-19 PCR Test Data From Clinical Laboratories,06/10/2020,People Tested at CDPHE State Lab,1511,04/11/2021,1219
Colorado,5763976,Daily COVID-19 PCR Test Data From Clinical Laboratories,06/10/2020,People Tested at Non-CDPHE (Commerical) Labs,3952,04/11/2021,1220
Colorado,5763976,Daily COVID-19 PCR Test Data From Clinical Laboratories,06/10/2020,Cumulative People Tested at CDPHE State Lab,64757,04/11/2021,1221
Colorado,5763976,Daily COVID-19 PCR Test Data From Clinical Laboratories,06/10/2020,Cumulative People Tested at Non-CDPHE (Commerical) Labs,212372,04/11/2021,1222
Colorado,5763976,Daily COVID-19 PCR Test Data From Clinical Laboratories,06/10/2020,7-Day Average Percent Positivity,0.038,04/11/2021,1223
Colorado,5763976,Daily COVID-19 PCR Test Data From Clinical Laboratories,06/10/2020,3-Day Average Percent Positivity,0.029,04/11/2021,1224
Colorado,5763976,Daily COVID-19 Antibody Test Data From Clinical Laboratories,06/10/2020,Antibody Tests Performed,1764,04/11/2021,1225
Colorado,5763976,Daily COVID-19 Antibody Test Data From Clinical Laboratories,06/10/2020,Number of negative tests,1656,04/11/2021,1226
Colorado,5763976,Daily COVID-19 Antibody Test Data From Clinical Laboratories,06/10/2020,Number of positive tests,108,04/11/2021,1227
Colorado,5763976,Daily COVID-19 Antibody Test Data From Clinical Laboratories,06/10/2020,Total Tests per 100K People,30.604,04/11/2021,1228
Colorado,5763976,Daily COVID-19 Antibody Test Data From Clinical Laboratories,06/10/2020,Percent Positivity,0.061,04/11/2021,1229
Colorado,5763976,Daily COVID-19 Antibody Test Data From Clinical Laboratories,06/10/2020,7-Day Average Percent Positivity,0.062,04/11/2021,1230
Colorado,5763976,Daily COVID-19 Antibody Test Data From Clinical Laboratories,06/10/2020,3-Day Average Percent Positivity,0.055,04/11/2021,1231
Colorado,5763976,Daily COVID-19 Antibody Test Data From Clinical Laboratories,06/10/2020,Cumulative Antibody Tests Performed,83006,04/11/2021,1232
Colorado,5763976,Daily COVID-19 PCR Test Data From Clinical Laboratories,06/11/2020,Percent Positivity,0.034,04/11/2021,1233
Colorado,5763976,Daily COVID-19 PCR Test Data From Clinical Laboratories,06/11/2020,People Tested at CDPHE State Lab,1353,04/11/2021,1234
Colorado,5763976,Daily COVID-19 PCR Test Data From Clinical Laboratories,06/11/2020,People Tested at Non-CDPHE (Commerical) Labs,4273,04/11/2021,1235
Colorado,5763976,Daily COVID-19 PCR Test Data From Clinical Laboratories,06/11/2020,Cumulative People Tested at CDPHE State Lab,66110,04/11/2021,1236
Colorado,5763976,Daily COVID-19 PCR Test Data From Clinical Laboratories,06/11/2020,Cumulative People Tested at Non-CDPHE (Commerical) Labs,216645,04/11/2021,1237
Colorado,5763976,Daily COVID-19 PCR Test Data From Clinical Laboratories,06/11/2020,7-Day Average Percent Positivity,0.036,04/11/2021,1238
Colorado,5763976,Daily COVID-19 PCR Test Data From Clinical Laboratories,06/11/2020,3-Day Average Percent Positivity,0.03,04/11/2021,1239
Colorado,5763976,Daily COVID-19 Antibody Test Data From Clinical Laboratories,06/11/2020,Antibody Tests Performed,1623,04/11/2021,1240
Colorado,5763976,Daily COVID-19 Antibody Test Data From Clinical Laboratories,06/11/2020,Number of negative tests,1527,04/11/2021,1241
Colorado,5763976,Daily COVID-19 Antibody Test Data From Clinical Laboratories,06/11/2020,Number of positive tests,96,04/11/2021,1242
Colorado,5763976,Daily COVID-19 Antibody Test Data From Clinical Laboratories,06/11/2020,Total Tests per 100K People,28.158,04/11/2021,1243
Colorado,5763976,Daily COVID-19 Antibody Test Data From Clinical Laboratories,06/11/2020,Percent Positivity,0.059,04/11/2021,1244
Colorado,5763976,Daily COVID-19 Antibody Test Data From Clinical Laboratories,06/11/2020,7-Day Average Percent Positivity,0.061,04/11/2021,1245
Colorado,5763976,Daily COVID-19 Antibody Test Data From Clinical Laboratories,06/11/2020,3-Day Average Percent Positivity,0.059,04/11/2021,1246
Colorado,5763976,Daily COVID-19 Antibody Test Data From Clinical Laboratories,06/11/2020,Cumulative Antibody Tests Performed,84629,04/11/2021,1247
Colorado,5763976,Daily COVID-19 PCR Test Data From Clinical Laboratories,06/12/2020,Percent Positivity,0.032,04/11/2021,1248
Colorado,5763976,Daily COVID-19 PCR Test Data From Clinical Laboratories,06/12/2020,People Tested at CDPHE State Lab,2741,04/11/2021,1249
Colorado,5763976,Daily COVID-19 PCR Test Data From Clinical Laboratories,06/12/2020,People Tested at Non-CDPHE (Commerical) Labs,4692,04/11/2021,1250
Colorado,5763976,Weekly COVID-19 Antibody Test Data From Clinical Laboratories,06/14/2020,Number of negative tests,8184,04/11/2021,1251
Colorado,5763976,Daily COVID-19 PCR Test Data From Clinical Laboratories,06/18/2020,People Tested at CDPHE State Lab,2152,04/11/2021,1252
Colorado,5763976,Daily COVID-19 PCR Test Data From Clinical Laboratories,06/12/2020,Cumulative People Tested at CDPHE State Lab,68851,04/11/2021,1253
Colorado,5763976,Daily COVID-19 PCR Test Data From Clinical Laboratories,06/18/2020,People Tested at Non-CDPHE (Commerical) Labs,5495,04/11/2021,1254
Colorado,5763976,Daily COVID-19 PCR Test Data From Clinical Laboratories,06/18/2020,Cumulative People Tested at CDPHE State Lab,78555,04/11/2021,1255
Colorado,5763976,Daily COVID-19 PCR Test Data From Clinical Laboratories,06/18/2020,Cumulative People Tested at Non-CDPHE (Commerical) Labs,248438,04/11/2021,1256
Colorado,5763976,Daily COVID-19 PCR Test Data From Clinical Laboratories,06/18/2020,7-Day Average Percent Positivity,0.033,04/11/2021,1257
Colorado,5763976,Daily COVID-19 PCR Test Data From Clinical Laboratories,06/18/2020,3-Day Average Percent Positivity,0.035,04/11/2021,1258
Colorado,5763976,Daily COVID-19 Antibody Test Data From Clinical Laboratories,06/18/2020,Antibody Tests Performed,1652,04/11/2021,1259
Colorado,5763976,Daily COVID-19 Antibody Test Data From Clinical Laboratories,06/18/2020,Number of negative tests,1570,04/11/2021,1260
Colorado,5763976,Daily COVID-19 Antibody Test Data From Clinical Laboratories,06/18/2020,Number of positive tests,82,04/11/2021,1261
Colorado,5763976,Daily COVID-19 Antibody Test Data From Clinical Laboratories,06/18/2020,Total Tests per 100K People,28.661,04/11/2021,1262
Colorado,5763976,Daily COVID-19 Antibody Test Data From Clinical Laboratories,06/18/2020,Percent Positivity,0.05,04/11/2021,1263
Colorado,5763976,Daily COVID-19 Antibody Test Data From Clinical Laboratories,06/18/2020,7-Day Average Percent Positivity,0.054,04/11/2021,1264
Colorado,5763976,Daily COVID-19 Antibody Test Data From Clinical Laboratories,06/18/2020,3-Day Average Percent Positivity,0.049,04/11/2021,1265
Colorado,5763976,Daily COVID-19 Antibody Test Data From Clinical Laboratories,06/18/2020,Cumulative Antibody Tests Performed,93353,04/11/2021,1266
Colorado,5763976,Daily COVID-19 PCR Test Data From Clinical Laboratories,06/19/2020,Percent Positivity,0.028,04/11/2021,1267
Colorado,5763976,Daily COVID-19 PCR Test Data From Clinical Laboratories,06/19/2020,People Tested at CDPHE State Lab,2260,04/11/2021,1268
Colorado,5763976,Daily COVID-19 PCR Test Data From Clinical Laboratories,06/19/2020,People Tested at Non-CDPHE (Commerical) Labs,4802,04/11/2021,1269
Colorado,5763976,Daily COVID-19 PCR Test Data From Clinical Laboratories,06/19/2020,Cumulative People Tested at CDPHE State Lab,80815,04/11/2021,1270
Colorado,5763976,Daily COVID-19 PCR Test Data From Clinical Laboratories,06/19/2020,Cumulative People Tested at Non-CDPHE (Commerical) Labs,253240,04/11/2021,1271
Colorado,5763976,Daily COVID-19 PCR Test Data From Clinical Laboratories,06/19/2020,7-Day Average Percent Positivity,0.032,04/11/2021,1272
Colorado,5763976,Daily COVID-19 PCR Test Data From Clinical Laboratories,06/19/2020,3-Day Average Percent Positivity,0.034,04/11/2021,1273
Colorado,5763976,Daily COVID-19 Antibody Test Data From Clinical Laboratories,06/19/2020,Antibody Tests Performed,1612,04/11/2021,1274
Colorado,5763976,Daily COVID-19 Antibody Test Data From Clinical Laboratories,06/19/2020,Number of negative tests,1542,04/11/2021,1275
Colorado,5763976,Daily COVID-19 Antibody Test Data From Clinical Laboratories,06/19/2020,Number of positive tests,70,04/11/2021,1276
Colorado,5763976,Daily COVID-19 Antibody Test Data From Clinical Laboratories,06/19/2020,Total Tests per 100K People,27.967,04/11/2021,1277
Colorado,5763976,Daily COVID-19 Antibody Test Data From Clinical Laboratories,06/19/2020,Percent Positivity,0.043,04/11/2021,1278
Colorado,5763976,Daily COVID-19 Antibody Test Data From Clinical Laboratories,06/19/2020,7-Day Average Percent Positivity,0.052,04/11/2021,1279
Colorado,5763976,Daily COVID-19 Antibody Test Data From Clinical Laboratories,06/19/2020,3-Day Average Percent Positivity,0.046,04/11/2021,1280
Colorado,5763976,Daily COVID-19 Antibody Test Data From Clinical Laboratories,06/19/2020,Cumulative Antibody Tests Performed,94965,04/11/2021,1281
Colorado,5763976,Daily COVID-19 PCR Test Data From Clinical Laboratories,06/20/2020,Percent Positivity,0.042,04/11/2021,1282
Colorado,5763976,Daily COVID-19 PCR Test Data From Clinical Laboratories,06/20/2020,People Tested at CDPHE State Lab,1679,04/11/2021,1283
Colorado,5763976,Daily COVID-19 PCR Test Data From Clinical Laboratories,06/20/2020,People Tested at Non-CDPHE (Commerical) Labs,3979,04/11/2021,1284
Colorado,5763976,Daily COVID-19 PCR Test Data From Clinical Laboratories,06/20/2020,Cumulative People Tested at CDPHE State Lab,82494,04/11/2021,1285
Colorado,5763976,Daily COVID-19 PCR Test Data From Clinical Laboratories,06/20/2020,Cumulative People Tested at Non-CDPHE (Commerical) Labs,257219,04/11/2021,1286
Colorado,5763976,Daily COVID-19 PCR Test Data From Clinical Laboratories,06/20/2020,7-Day Average Percent Positivity,0.034,04/11/2021,1287
Colorado,5763976,Daily COVID-19 PCR Test Data From Clinical Laboratories,06/20/2020,3-Day Average Percent Positivity,0.038,04/11/2021,1288
Colorado,5763976,Daily COVID-19 Antibody Test Data From Clinical Laboratories,06/20/2020,Antibody Tests Performed,1058,04/11/2021,1289
Colorado,5763976,Daily COVID-19 Antibody Test Data From Clinical Laboratories,06/20/2020,Number of negative tests,1012,04/11/2021,1290
Colorado,5763976,Daily COVID-19 Antibody Test Data From Clinical Laboratories,06/20/2020,Number of positive tests,46,04/11/2021,1291
Colorado,5763976,Daily COVID-19 Antibody Test Data From Clinical Laboratories,06/20/2020,Total Tests per 100K People,18.355,04/11/2021,1292
Colorado,5763976,Daily COVID-19 Antibody Test Data From Clinical Laboratories,06/20/2020,Percent Positivity,0.043,04/11/2021,1293
Colorado,5763976,Daily COVID-19 Antibody Test Data From Clinical Laboratories,06/20/2020,7-Day Average Percent Positivity,0.051,04/11/2021,1294
Colorado,5763976,Daily COVID-19 Antibody Test Data From Clinical Laboratories,06/20/2020,3-Day Average Percent Positivity,0.046,04/11/2021,1295
Colorado,5763976,Daily COVID-19 Antibody Test Data From Clinical Laboratories,06/20/2020,Cumulative Antibody Tests Performed,96023,04/11/2021,1296
Colorado,5763976,Daily COVID-19 PCR Test Data From Clinical Laboratories,06/21/2020,Percent Positivity,0.029,04/11/2021,1297
Colorado,5763976,Daily COVID-19 PCR Test Data From Clinical Laboratories,06/21/2020,People Tested at CDPHE State Lab,1702,04/11/2021,1298
Colorado,5763976,Daily COVID-19 PCR Test Data From Clinical Laboratories,06/21/2020,People Tested at Non-CDPHE (Commerical) Labs,4575,04/11/2021,1299
Colorado,5763976,Daily COVID-19 PCR Test Data From Clinical Laboratories,06/21/2020,Cumulative People Tested at CDPHE State Lab,84196,04/11/2021,1300
Colorado,5763976,Daily COVID-19 PCR Test Data From Clinical Laboratories,06/21/2020,Cumulative People Tested at Non-CDPHE (Commerical) Labs,261794,04/11/2021,1301
Colorado,5763976,Daily COVID-19 PCR Test Data From Clinical Laboratories,06/21/2020,7-Day Average Percent Positivity,0.034,04/11/2021,1302
Colorado,5763976,Daily COVID-19 Antibody Test Data From Clinical Laboratories,06/23/2020,Cumulative Antibody Tests Performed,98402,04/11/2021,1303
Colorado,5763976,Daily COVID-19 PCR Test Data From Clinical Laboratories,06/06/2020,7-Day Average Percent Positivity,0.049,04/11/2021,1304
Colorado,5763976,Daily COVID-19 PCR Test Data From Clinical Laboratories,06/21/2020,3-Day Average Percent Positivity,0.033,04/11/2021,1305
Colorado,5763976,Weekly COVID-19 Antibody Test Data From Clinical Laboratories,06/14/2020,Weekly Percent Positivity,0.051,04/11/2021,1306
Colorado,5763976,Daily COVID-19 PCR Test Data From Clinical Laboratories,06/12/2020,Cumulative People Tested at Non-CDPHE (Commerical) Labs,221337,04/11/2021,1307
Colorado,5763976,Weekly COVID-19 Antibody Test Data From Clinical Laboratories,06/14/2020,Cumulative Antibody Tests Performed,96023,04/11/2021,1308
Colorado,5763976,Daily COVID-19 PCR Test Data From Clinical Laboratories,06/12/2020,7-Day Average Percent Positivity,0.033,04/11/2021,1309
Colorado,5763976,Daily COVID-19 PCR Test Data From Clinical Laboratories,06/12/2020,3-Day Average Percent Positivity,0.032,04/11/2021,1310
Colorado,5763976,Weekly COVID-19 Antibody Test Data From Clinical Laboratories,06/14/2020,Percent Change in Weekly Positivity,-0.09,04/11/2021,1311
Colorado,5763976,Daily COVID-19 Antibody Test Data From Clinical Laboratories,06/12/2020,Antibody Tests Performed,1618,04/11/2021,1312
Colorado,5763976,Daily COVID-19 Antibody Test Data From Clinical Laboratories,06/21/2020,Antibody Tests Performed,850,04/11/2021,1313
Colorado,5763976,Daily COVID-19 PCR Test Data From Clinical Laboratories,06/15/2020,Percent Positivity,0.034,04/11/2021,1314
Colorado,5763976,Daily COVID-19 Antibody Test Data From Clinical Laboratories,06/12/2020,Number of negative tests,1529,04/11/2021,1315
Colorado,5763976,Daily COVID-19 Antibody Test Data From Clinical Laboratories,06/21/2020,Number of negative tests,815,04/11/2021,1316
Colorado,5763976,Daily COVID-19 PCR Test Data From Clinical Laboratories,06/06/2020,3-Day Average Percent Positivity,0.045,04/11/2021,1317
Colorado,5763976,Daily COVID-19 PCR Test Data From Clinical Laboratories,06/24/2020,Percent Positivity,0.033,04/11/2021,1318
Colorado,5763976,Daily COVID-19 PCR Test Data From Clinical Laboratories,06/15/2020,People Tested at CDPHE State Lab,1033,04/11/2021,1319
Colorado,5763976,Daily COVID-19 Antibody Test Data From Clinical Laboratories,06/12/2020,Number of positive tests,89,04/11/2021,1320
Colorado,5763976,Daily COVID-19 Antibody Test Data From Clinical Laboratories,06/21/2020,Number of positive tests,35,04/11/2021,1321
Colorado,5763976,Daily COVID-19 Antibody Test Data From Clinical Laboratories,06/06/2020,Antibody Tests Performed,1532,04/11/2021,1322
Colorado,5763976,Daily COVID-19 PCR Test Data From Clinical Laboratories,06/24/2020,People Tested at CDPHE State Lab,1740,04/11/2021,1323
Colorado,5763976,Daily COVID-19 PCR Test Data From Clinical Laboratories,06/15/2020,People Tested at Non-CDPHE (Commerical) Labs,3499,04/11/2021,1324
Colorado,5763976,Daily COVID-19 Antibody Test Data From Clinical Laboratories,06/12/2020,Total Tests per 100K People,28.071,04/11/2021,1325
Colorado,5763976,Daily COVID-19 Antibody Test Data From Clinical Laboratories,06/12/2020,Percent Positivity,0.055,04/11/2021,1326
Colorado,5763976,Daily COVID-19 Antibody Test Data From Clinical Laboratories,06/12/2020,7-Day Average Percent Positivity,0.058,04/11/2021,1327
Colorado,5763976,Daily COVID-19 Antibody Test Data From Clinical Laboratories,06/12/2020,3-Day Average Percent Positivity,0.059,04/11/2021,1328
Colorado,5763976,Daily COVID-19 Antibody Test Data From Clinical Laboratories,06/12/2020,Cumulative Antibody Tests Performed,86247,04/11/2021,1329
Colorado,5763976,Daily COVID-19 PCR Test Data From Clinical Laboratories,06/13/2020,Percent Positivity,0.031,04/11/2021,1330
Colorado,5763976,Daily COVID-19 PCR Test Data From Clinical Laboratories,06/13/2020,People Tested at CDPHE State Lab,2164,04/11/2021,1331
Colorado,5763976,Daily COVID-19 PCR Test Data From Clinical Laboratories,06/13/2020,People Tested at Non-CDPHE (Commerical) Labs,3790,04/11/2021,1332
Colorado,5763976,Daily COVID-19 PCR Test Data From Clinical Laboratories,06/13/2020,Cumulative People Tested at CDPHE State Lab,71015,04/11/2021,1333
Colorado,5763976,Daily COVID-19 PCR Test Data From Clinical Laboratories,06/13/2020,Cumulative People Tested at Non-CDPHE (Commerical) Labs,225127,04/11/2021,1334
Colorado,5763976,Daily COVID-19 PCR Test Data From Clinical Laboratories,06/13/2020,7-Day Average Percent Positivity,0.032,04/11/2021,1335
Colorado,5763976,Daily COVID-19 PCR Test Data From Clinical Laboratories,06/13/2020,3-Day Average Percent Positivity,0.032,04/11/2021,1336
Colorado,5763976,Daily COVID-19 Antibody Test Data From Clinical Laboratories,06/13/2020,Antibody Tests Performed,1155,04/11/2021,1337
Colorado,5763976,Daily COVID-19 Antibody Test Data From Clinical Laboratories,06/13/2020,Number of negative tests,1093,04/11/2021,1338
Colorado,5763976,Daily COVID-19 Antibody Test Data From Clinical Laboratories,06/13/2020,Number of positive tests,62,04/11/2021,1339
Colorado,5763976,Daily COVID-19 Antibody Test Data From Clinical Laboratories,06/13/2020,Total Tests per 100K People,20.038,04/11/2021,1340
Colorado,5763976,Daily COVID-19 Antibody Test Data From Clinical Laboratories,06/13/2020,Percent Positivity,0.054,04/11/2021,1341
Colorado,5763976,Daily COVID-19 Antibody Test Data From Clinical Laboratories,06/13/2020,7-Day Average Percent Positivity,0.056,04/11/2021,1342
Colorado,5763976,Daily COVID-19 Antibody Test Data From Clinical Laboratories,06/13/2020,3-Day Average Percent Positivity,0.056,04/11/2021,1343
Colorado,5763976,Daily COVID-19 Antibody Test Data From Clinical Laboratories,06/13/2020,Cumulative Antibody Tests Performed,87402,04/11/2021,1344
Colorado,5763976,Daily COVID-19 PCR Test Data From Clinical Laboratories,06/14/2020,Percent Positivity,0.031,04/11/2021,1345
Colorado,5763976,Daily COVID-19 PCR Test Data From Clinical Laboratories,06/14/2020,People Tested at CDPHE State Lab,1796,04/11/2021,1346
Colorado,5763976,Daily COVID-19 PCR Test Data From Clinical Laboratories,06/14/2020,People Tested at Non-CDPHE (Commerical) Labs,3421,04/11/2021,1347
Colorado,5763976,Daily COVID-19 PCR Test Data From Clinical Laboratories,06/14/2020,Cumulative People Tested at CDPHE State Lab,72811,04/11/2021,1348
Colorado,5763976,Daily COVID-19 PCR Test Data From Clinical Laboratories,06/14/2020,Cumulative People Tested at Non-CDPHE (Commerical) Labs,228548,04/11/2021,1349
Colorado,5763976,Daily COVID-19 PCR Test Data From Clinical Laboratories,06/14/2020,7-Day Average Percent Positivity,0.031,04/11/2021,1350
Colorado,5763976,Daily COVID-19 PCR Test Data From Clinical Laboratories,06/14/2020,3-Day Average Percent Positivity,0.031,04/11/2021,1351
Colorado,5763976,Daily COVID-19 Antibody Test Data From Clinical Laboratories,06/14/2020,Antibody Tests Performed,1105,04/11/2021,1352
Colorado,5763976,Daily COVID-19 Antibody Test Data From Clinical Laboratories,06/14/2020,Number of negative tests,1034,04/11/2021,1353
Colorado,5763976,Daily COVID-19 Antibody Test Data From Clinical Laboratories,06/14/2020,Number of positive tests,71,04/11/2021,1354
Colorado,5763976,Daily COVID-19 Antibody Test Data From Clinical Laboratories,06/14/2020,Total Tests per 100K People,19.171,04/11/2021,1355
Colorado,5763976,Daily COVID-19 Antibody Test Data From Clinical Laboratories,06/14/2020,Percent Positivity,0.064,04/11/2021,1356
Colorado,5763976,Daily COVID-19 Antibody Test Data From Clinical Laboratories,06/14/2020,7-Day Average Percent Positivity,0.057,04/11/2021,1357
Colorado,5763976,Daily COVID-19 Antibody Test Data From Clinical Laboratories,06/14/2020,3-Day Average Percent Positivity,0.057,04/11/2021,1358
Colorado,5763976,Daily COVID-19 Antibody Test Data From Clinical Laboratories,06/14/2020,Cumulative Antibody Tests Performed,88507,04/11/2021,1359
Colorado,5763976,Weekly COVID-19 PCR Test Data From Clinical Laboratories,06/14/2020,People Tested at CDPHE State Lab,11479,04/11/2021,1360
Colorado,5763976,Weekly COVID-19 PCR Test Data From Clinical Laboratories,06/14/2020,People Tested at Non-CDPHE (Commerical) Labs,32092,04/11/2021,1361
Colorado,5763976,Weekly COVID-19 PCR Test Data From Clinical Laboratories,06/14/2020,Weekly Percent Positivity,0.034,04/11/2021,1362
Colorado,5763976,Weekly COVID-19 PCR Test Data From Clinical Laboratories,06/14/2020,Cumulative People Tested at CDPHE State Lab,82494,04/11/2021,1363
Colorado,5763976,Weekly COVID-19 PCR Test Data From Clinical Laboratories,06/14/2020,Cumulative People Tested at Non-CDPHE (Commerical) Labs,257219,04/11/2021,1364
Colorado,5763976,Weekly COVID-19 PCR Test Data From Clinical Laboratories,06/14/2020,Percent Change in Weekly Positivity,0.06,04/11/2021,1365
Colorado,5763976,Weekly COVID-19 Antibody Test Data From Clinical Laboratories,06/14/2020,Antibody Tests Performed,8621,04/11/2021,1366
Colorado,5763976,Weekly COVID-19 Antibody Test Data From Clinical Laboratories,06/14/2020,Number of positive tests,437,04/11/2021,1367
Colorado,5763976,Daily COVID-19 PCR Test Data From Clinical Laboratories,06/27/2020,Cumulative People Tested at Non-CDPHE (Commerical) Labs,292255,04/11/2021,1368
Colorado,5763976,Daily COVID-19 PCR Test Data From Clinical Laboratories,06/24/2020,People Tested at Non-CDPHE (Commerical) Labs,6603,04/11/2021,1369
Colorado,5763976,Daily COVID-19 PCR Test Data From Clinical Laboratories,06/24/2020,Cumulative People Tested at CDPHE State Lab,88755,04/11/2021,1370
Colorado,5763976,Daily COVID-19 PCR Test Data From Clinical Laboratories,06/24/2020,Cumulative People Tested at Non-CDPHE (Commerical) Labs,276058,04/11/2021,1371
Colorado,5763976,Daily COVID-19 PCR Test Data From Clinical Laboratories,06/24/2020,7-Day Average Percent Positivity,0.035,04/11/2021,1372
Colorado,5763976,Daily COVID-19 PCR Test Data From Clinical Laboratories,06/24/2020,3-Day Average Percent Positivity,0.034,04/11/2021,1373
Colorado,5763976,Daily COVID-19 Antibody Test Data From Clinical Laboratories,06/24/2020,Antibody Tests Performed,1321,04/11/2021,1374
Colorado,5763976,Daily COVID-19 Antibody Test Data From Clinical Laboratories,06/24/2020,Number of negative tests,1263,04/11/2021,1375
Colorado,5763976,Daily COVID-19 Antibody Test Data From Clinical Laboratories,06/24/2020,Number of positive tests,58,04/11/2021,1376
Colorado,5763976,Daily COVID-19 Antibody Test Data From Clinical Laboratories,06/24/2020,Total Tests per 100K People,22.918,04/11/2021,1377
Colorado,5763976,Daily COVID-19 Antibody Test Data From Clinical Laboratories,06/24/2020,Percent Positivity,0.044,04/11/2021,1378
Colorado,5763976,Daily COVID-19 Antibody Test Data From Clinical Laboratories,06/24/2020,7-Day Average Percent Positivity,0.048,04/11/2021,1379
Colorado,5763976,Daily COVID-19 Antibody Test Data From Clinical Laboratories,06/24/2020,3-Day Average Percent Positivity,0.053,04/11/2021,1380
Colorado,5763976,Daily COVID-19 Antibody Test Data From Clinical Laboratories,06/24/2020,Cumulative Antibody Tests Performed,99723,04/11/2021,1381
Colorado,5763976,Daily COVID-19 PCR Test Data From Clinical Laboratories,06/25/2020,Percent Positivity,0.041,04/11/2021,1382
Colorado,5763976,Daily COVID-19 PCR Test Data From Clinical Laboratories,06/25/2020,People Tested at CDPHE State Lab,2279,04/11/2021,1383
Colorado,5763976,Daily COVID-19 PCR Test Data From Clinical Laboratories,06/25/2020,People Tested at Non-CDPHE (Commerical) Labs,4999,04/11/2021,1384
Colorado,5763976,Daily COVID-19 PCR Test Data From Clinical Laboratories,06/25/2020,Cumulative People Tested at CDPHE State Lab,91034,04/11/2021,1385
Colorado,5763976,Daily COVID-19 PCR Test Data From Clinical Laboratories,06/25/2020,Cumulative People Tested at Non-CDPHE (Commerical) Labs,281057,04/11/2021,1386
Colorado,5763976,Daily COVID-19 PCR Test Data From Clinical Laboratories,06/25/2020,7-Day Average Percent Positivity,0.035,04/11/2021,1387
Colorado,5763976,Daily COVID-19 PCR Test Data From Clinical Laboratories,06/25/2020,3-Day Average Percent Positivity,0.036,04/11/2021,1388
Colorado,5763976,Daily COVID-19 Antibody Test Data From Clinical Laboratories,06/25/2020,Antibody Tests Performed,1584,04/11/2021,1389
Colorado,5763976,Daily COVID-19 Antibody Test Data From Clinical Laboratories,06/25/2020,Number of negative tests,1506,04/11/2021,1390
Colorado,5763976,Daily COVID-19 Antibody Test Data From Clinical Laboratories,06/25/2020,Number of positive tests,78,04/11/2021,1391
Colorado,5763976,Daily COVID-19 Antibody Test Data From Clinical Laboratories,06/25/2020,Total Tests per 100K People,27.481,04/11/2021,1392
Colorado,5763976,Daily COVID-19 Antibody Test Data From Clinical Laboratories,06/25/2020,Percent Positivity,0.049,04/11/2021,1393
Colorado,5763976,Daily COVID-19 Antibody Test Data From Clinical Laboratories,06/25/2020,7-Day Average Percent Positivity,0.048,04/11/2021,1394
Colorado,5763976,Daily COVID-19 Antibody Test Data From Clinical Laboratories,06/25/2020,3-Day Average Percent Positivity,0.05,04/11/2021,1395
Colorado,5763976,Daily COVID-19 Antibody Test Data From Clinical Laboratories,06/25/2020,Cumulative Antibody Tests Performed,101307,04/11/2021,1396
Colorado,5763976,Daily COVID-19 PCR Test Data From Clinical Laboratories,06/26/2020,Percent Positivity,0.034,04/11/2021,1397
Colorado,5763976,Daily COVID-19 PCR Test Data From Clinical Laboratories,06/26/2020,People Tested at CDPHE State Lab,2868,04/11/2021,1398
Colorado,5763976,Daily COVID-19 PCR Test Data From Clinical Laboratories,06/26/2020,People Tested at Non-CDPHE (Commerical) Labs,5721,04/11/2021,1399
Colorado,5763976,Daily COVID-19 PCR Test Data From Clinical Laboratories,06/26/2020,Cumulative People Tested at CDPHE State Lab,93902,04/11/2021,1400
Colorado,5763976,Daily COVID-19 PCR Test Data From Clinical Laboratories,06/26/2020,Cumulative People Tested at Non-CDPHE (Commerical) Labs,286778,04/11/2021,1401
Colorado,5763976,Daily COVID-19 PCR Test Data From Clinical Laboratories,06/26/2020,7-Day Average Percent Positivity,0.035,04/11/2021,1402
Colorado,5763976,Daily COVID-19 PCR Test Data From Clinical Laboratories,06/26/2020,3-Day Average Percent Positivity,0.036,04/11/2021,1403
Colorado,5763976,Daily COVID-19 Antibody Test Data From Clinical Laboratories,06/26/2020,Antibody Tests Performed,1358,04/11/2021,1404
Colorado,5763976,Daily COVID-19 Antibody Test Data From Clinical Laboratories,06/26/2020,Number of negative tests,1304,04/11/2021,1405
Colorado,5763976,Daily COVID-19 Antibody Test Data From Clinical Laboratories,06/26/2020,Number of positive tests,54,04/11/2021,1406
Colorado,5763976,Daily COVID-19 Antibody Test Data From Clinical Laboratories,06/26/2020,Total Tests per 100K People,23.56,04/11/2021,1407
Colorado,5763976,Daily COVID-19 Antibody Test Data From Clinical Laboratories,06/26/2020,Percent Positivity,0.04,04/11/2021,1408
Colorado,5763976,Daily COVID-19 Antibody Test Data From Clinical Laboratories,06/26/2020,7-Day Average Percent Positivity,0.047,04/11/2021,1409
Colorado,5763976,Daily COVID-19 Antibody Test Data From Clinical Laboratories,06/26/2020,3-Day Average Percent Positivity,0.045,04/11/2021,1410
Colorado,5763976,Daily COVID-19 Antibody Test Data From Clinical Laboratories,06/26/2020,Cumulative Antibody Tests Performed,102665,04/11/2021,1411
Colorado,5763976,Daily COVID-19 PCR Test Data From Clinical Laboratories,06/27/2020,Percent Positivity,0.037,04/11/2021,1412
Colorado,5763976,Daily COVID-19 PCR Test Data From Clinical Laboratories,06/27/2020,People Tested at CDPHE State Lab,2232,04/11/2021,1413
Colorado,5763976,Daily COVID-19 PCR Test Data From Clinical Laboratories,06/27/2020,People Tested at Non-CDPHE (Commerical) Labs,5477,04/11/2021,1414
Colorado,5763976,Daily COVID-19 PCR Test Data From Clinical Laboratories,06/27/2020,Cumulative People Tested at CDPHE State Lab,96134,04/11/2021,1415
Colorado,5763976,Daily COVID-19 PCR Test Data From Clinical Laboratories,06/27/2020,7-Day Average Percent Positivity,0.035,04/11/2021,1416
Colorado,5763976,Daily COVID-19 Antibody Test Data From Clinical Laboratories,06/06/2020,Number of negative tests,1427,04/11/2021,1417
Colorado,5763976,Daily COVID-19 Antibody Test Data From Clinical Laboratories,06/21/2020,Total Tests per 100K People,14.747,04/11/2021,1418
Colorado,5763976,Daily COVID-19 PCR Test Data From Clinical Laboratories,06/15/2020,Cumulative People Tested at CDPHE State Lab,73844,04/11/2021,1419
Colorado,5763976,Daily COVID-19 Antibody Test Data From Clinical Laboratories,06/21/2020,Percent Positivity,0.041,04/11/2021,1420
Colorado,5763976,Daily COVID-19 Antibody Test Data From Clinical Laboratories,06/21/2020,7-Day Average Percent Positivity,0.048,04/11/2021,1421
Colorado,5763976,Daily COVID-19 Antibody Test Data From Clinical Laboratories,06/21/2020,3-Day Average Percent Positivity,0.043,04/11/2021,1422
Colorado,5763976,Daily COVID-19 Antibody Test Data From Clinical Laboratories,06/21/2020,Cumulative Antibody Tests Performed,96873,04/11/2021,1423
Colorado,5763976,Weekly COVID-19 PCR Test Data From Clinical Laboratories,06/21/2020,People Tested at CDPHE State Lab,13640,04/11/2021,1424
Colorado,5763976,Weekly COVID-19 PCR Test Data From Clinical Laboratories,06/21/2020,People Tested at Non-CDPHE (Commerical) Labs,35036,04/11/2021,1425
Colorado,5763976,Weekly COVID-19 PCR Test Data From Clinical Laboratories,06/21/2020,Weekly Percent Positivity,0.035,04/11/2021,1426
Colorado,5763976,Weekly COVID-19 PCR Test Data From Clinical Laboratories,06/21/2020,Cumulative People Tested at CDPHE State Lab,96134,04/11/2021,1427
Colorado,5763976,Weekly COVID-19 PCR Test Data From Clinical Laboratories,06/21/2020,Cumulative People Tested at Non-CDPHE (Commerical) Labs,292255,04/11/2021,1428
Colorado,5763976,Weekly COVID-19 PCR Test Data From Clinical Laboratories,06/21/2020,Percent Change in Weekly Positivity,0.04,04/11/2021,1429
Colorado,5763976,Weekly COVID-19 Antibody Test Data From Clinical Laboratories,06/21/2020,Antibody Tests Performed,7602,04/11/2021,1430
Colorado,5763976,Weekly COVID-19 Antibody Test Data From Clinical Laboratories,06/21/2020,Number of positive tests,361,04/11/2021,1431
Colorado,5763976,Weekly COVID-19 Antibody Test Data From Clinical Laboratories,06/21/2020,Number of negative tests,7241,04/11/2021,1432
Colorado,5763976,Weekly COVID-19 Antibody Test Data From Clinical Laboratories,06/21/2020,Weekly Percent Positivity,0.048,04/11/2021,1433
Colorado,5763976,Weekly COVID-19 Antibody Test Data From Clinical Laboratories,06/21/2020,Cumulative Antibody Tests Performed,103625,04/11/2021,1434
Colorado,5763976,Weekly COVID-19 Antibody Test Data From Clinical Laboratories,06/21/2020,Percent Change in Weekly Positivity,-0.06,04/11/2021,1435
Colorado,5763976,Daily COVID-19 PCR Test Data From Clinical Laboratories,06/22/2020,Percent Positivity,0.038,04/11/2021,1436
Colorado,5763976,Daily COVID-19 PCR Test Data From Clinical Laboratories,06/22/2020,People Tested at CDPHE State Lab,1553,04/11/2021,1437
Colorado,5763976,Daily COVID-19 PCR Test Data From Clinical Laboratories,06/22/2020,People Tested at Non-CDPHE (Commerical) Labs,2594,04/11/2021,1438
Colorado,5763976,Daily COVID-19 PCR Test Data From Clinical Laboratories,06/22/2020,Cumulative People Tested at CDPHE State Lab,85749,04/11/2021,1439
Colorado,5763976,Daily COVID-19 PCR Test Data From Clinical Laboratories,06/22/2020,Cumulative People Tested at Non-CDPHE (Commerical) Labs,264388,04/11/2021,1440
Colorado,5763976,Daily COVID-19 PCR Test Data From Clinical Laboratories,06/22/2020,7-Day Average Percent Positivity,0.034,04/11/2021,1441
Colorado,5763976,Daily COVID-19 PCR Test Data From Clinical Laboratories,06/22/2020,3-Day Average Percent Positivity,0.036,04/11/2021,1442
Colorado,5763976,Daily COVID-19 Antibody Test Data From Clinical Laboratories,06/22/2020,Antibody Tests Performed,762,04/11/2021,1443
Colorado,5763976,Daily COVID-19 Antibody Test Data From Clinical Laboratories,06/22/2020,Number of negative tests,717,04/11/2021,1444
Colorado,5763976,Daily COVID-19 Antibody Test Data From Clinical Laboratories,06/22/2020,Number of positive tests,45,04/11/2021,1445
Colorado,5763976,Daily COVID-19 Antibody Test Data From Clinical Laboratories,06/22/2020,Total Tests per 100K People,13.22,04/11/2021,1446
Colorado,5763976,Daily COVID-19 Antibody Test Data From Clinical Laboratories,06/22/2020,Percent Positivity,0.059,04/11/2021,1447
Colorado,5763976,Daily COVID-19 Antibody Test Data From Clinical Laboratories,06/22/2020,7-Day Average Percent Positivity,0.048,04/11/2021,1448
Colorado,5763976,Daily COVID-19 Antibody Test Data From Clinical Laboratories,06/22/2020,3-Day Average Percent Positivity,0.047,04/11/2021,1449
Colorado,5763976,Daily COVID-19 Antibody Test Data From Clinical Laboratories,06/22/2020,Cumulative Antibody Tests Performed,97635,04/11/2021,1450
Colorado,5763976,Daily COVID-19 PCR Test Data From Clinical Laboratories,06/23/2020,Percent Positivity,0.034,04/11/2021,1451
Colorado,5763976,Daily COVID-19 PCR Test Data From Clinical Laboratories,06/23/2020,People Tested at CDPHE State Lab,1266,04/11/2021,1452
Colorado,5763976,Daily COVID-19 PCR Test Data From Clinical Laboratories,06/23/2020,People Tested at Non-CDPHE (Commerical) Labs,5067,04/11/2021,1453
Colorado,5763976,Daily COVID-19 PCR Test Data From Clinical Laboratories,06/23/2020,Cumulative People Tested at CDPHE State Lab,87015,04/11/2021,1454
Colorado,5763976,Daily COVID-19 PCR Test Data From Clinical Laboratories,06/23/2020,Cumulative People Tested at Non-CDPHE (Commerical) Labs,269455,04/11/2021,1455
Colorado,5763976,Daily COVID-19 PCR Test Data From Clinical Laboratories,06/23/2020,7-Day Average Percent Positivity,0.035,04/11/2021,1456
Colorado,5763976,Daily COVID-19 PCR Test Data From Clinical Laboratories,06/23/2020,3-Day Average Percent Positivity,0.033,04/11/2021,1457
Colorado,5763976,Daily COVID-19 Antibody Test Data From Clinical Laboratories,06/23/2020,Antibody Tests Performed,767,04/11/2021,1458
Colorado,5763976,Daily COVID-19 Antibody Test Data From Clinical Laboratories,06/23/2020,Number of negative tests,718,04/11/2021,1459
Colorado,5763976,Daily COVID-19 Antibody Test Data From Clinical Laboratories,06/23/2020,Number of positive tests,49,04/11/2021,1460
Colorado,5763976,Daily COVID-19 Antibody Test Data From Clinical Laboratories,06/23/2020,Total Tests per 100K People,13.307,04/11/2021,1461
Colorado,5763976,Daily COVID-19 Antibody Test Data From Clinical Laboratories,06/23/2020,Percent Positivity,0.064,04/11/2021,1462
Colorado,5763976,Daily COVID-19 Antibody Test Data From Clinical Laboratories,06/23/2020,7-Day Average Percent Positivity,0.048,04/11/2021,1463
Colorado,5763976,Daily COVID-19 Antibody Test Data From Clinical Laboratories,06/23/2020,3-Day Average Percent Positivity,0.054,04/11/2021,1464
Colorado,5763976,Daily COVID-19 Antibody Test Data From Clinical Laboratories,06/06/2020,Number of positive tests,105,04/11/2021,1465
Colorado,5763976,Daily COVID-19 PCR Test Data From Clinical Laboratories,06/27/2020,3-Day Average Percent Positivity,0.037,04/11/2021,1466
Colorado,5763976,Daily COVID-19 PCR Test Data From Clinical Laboratories,06/15/2020,Cumulative People Tested at Non-CDPHE (Commerical) Labs,232047,04/11/2021,1467
Colorado,5763976,Daily COVID-19 Antibody Test Data From Clinical Laboratories,06/06/2020,Total Tests per 100K People,26.579,04/11/2021,1468
Colorado,5763976,Daily COVID-19 Antibody Test Data From Clinical Laboratories,06/06/2020,Percent Positivity,0.069,04/11/2021,1469
Colorado,5763976,Daily COVID-19 Antibody Test Data From Clinical Laboratories,06/06/2020,7-Day Average Percent Positivity,0.064,04/11/2021,1470
Colorado,5763976,Daily COVID-19 Antibody Test Data From Clinical Laboratories,06/06/2020,3-Day Average Percent Positivity,0.069,04/11/2021,1471
Colorado,5763976,Daily COVID-19 Antibody Test Data From Clinical Laboratories,06/06/2020,Cumulative Antibody Tests Performed,77538,04/11/2021,1472
Colorado,5763976,Daily COVID-19 PCR Test Data From Clinical Laboratories,06/07/2020,Percent Positivity,0.038,04/11/2021,1473
Colorado,5763976,Daily COVID-19 PCR Test Data From Clinical Laboratories,06/07/2020,People Tested at CDPHE State Lab,1501,04/11/2021,1474
Colorado,5763976,Daily COVID-19 PCR Test Data From Clinical Laboratories,06/07/2020,People Tested at Non-CDPHE (Commerical) Labs,3788,04/11/2021,1475
Colorado,5763976,Daily COVID-19 PCR Test Data From Clinical Laboratories,06/07/2020,Cumulative People Tested at CDPHE State Lab,61858,04/11/2021,1476
Colorado,5763976,Daily COVID-19 PCR Test Data From Clinical Laboratories,06/07/2020,Cumulative People Tested at Non-CDPHE (Commerical) Labs,199767,04/11/2021,1477
Colorado,5763976,Daily COVID-19 PCR Test Data From Clinical Laboratories,06/07/2020,7-Day Average Percent Positivity,0.049,04/11/2021,1478
Colorado,5763976,Daily COVID-19 PCR Test Data From Clinical Laboratories,06/07/2020,3-Day Average Percent Positivity,0.042,04/11/2021,1479
Colorado,5763976,Daily COVID-19 Antibody Test Data From Clinical Laboratories,06/07/2020,Antibody Tests Performed,1041,04/11/2021,1480
Colorado,5763976,Daily COVID-19 Antibody Test Data From Clinical Laboratories,06/07/2020,Number of negative tests,984,04/11/2021,1481
Colorado,5763976,Daily COVID-19 Antibody Test Data From Clinical Laboratories,06/07/2020,Number of positive tests,57,04/11/2021,1482
Colorado,5763976,Daily COVID-19 Antibody Test Data From Clinical Laboratories,06/07/2020,Total Tests per 100K People,18.06,04/11/2021,1483
Colorado,5763976,Daily COVID-19 Antibody Test Data From Clinical Laboratories,06/07/2020,Percent Positivity,0.055,04/11/2021,1484
Colorado,5763976,Daily COVID-19 Antibody Test Data From Clinical Laboratories,06/07/2020,7-Day Average Percent Positivity,0.064,04/11/2021,1485
Colorado,5763976,Daily COVID-19 Antibody Test Data From Clinical Laboratories,06/07/2020,3-Day Average Percent Positivity,0.067,04/11/2021,1486
Colorado,5763976,Daily COVID-19 Antibody Test Data From Clinical Laboratories,06/07/2020,Cumulative Antibody Tests Performed,78579,04/11/2021,1487
Colorado,5763976,Weekly COVID-19 PCR Test Data From Clinical Laboratories,06/07/2020,People Tested at CDPHE State Lab,10658,04/11/2021,1488
Colorado,5763976,Weekly COVID-19 PCR Test Data From Clinical Laboratories,06/07/2020,People Tested at Non-CDPHE (Commerical) Labs,29148,04/11/2021,1489
Colorado,5763976,Weekly COVID-19 PCR Test Data From Clinical Laboratories,06/07/2020,Weekly Percent Positivity,0.032,04/11/2021,1490
Colorado,5763976,Weekly COVID-19 PCR Test Data From Clinical Laboratories,06/07/2020,Cumulative People Tested at CDPHE State Lab,71015,04/11/2021,1491
Colorado,5763976,Weekly COVID-19 PCR Test Data From Clinical Laboratories,06/07/2020,Cumulative People Tested at Non-CDPHE (Commerical) Labs,225127,04/11/2021,1492
Colorado,5763976,Weekly COVID-19 PCR Test Data From Clinical Laboratories,06/07/2020,Percent Change in Weekly Positivity,-0.35,04/11/2021,1493
Colorado,5763976,Weekly COVID-19 Antibody Test Data From Clinical Laboratories,06/07/2020,Antibody Tests Performed,9864,04/11/2021,1494
Colorado,5763976,Weekly COVID-19 Antibody Test Data From Clinical Laboratories,06/07/2020,Number of positive tests,549,04/11/2021,1495
Colorado,5763976,Weekly COVID-19 Antibody Test Data From Clinical Laboratories,06/07/2020,Number of negative tests,9315,04/11/2021,1496
Colorado,5763976,Weekly COVID-19 Antibody Test Data From Clinical Laboratories,06/07/2020,Weekly Percent Positivity,0.056,04/11/2021,1497
Colorado,5763976,Weekly COVID-19 Antibody Test Data From Clinical Laboratories,06/07/2020,Cumulative Antibody Tests Performed,87402,04/11/2021,1498
Colorado,5763976,Weekly COVID-19 Antibody Test Data From Clinical Laboratories,06/07/2020,Percent Change in Weekly Positivity,-0.13,04/11/2021,1499
Colorado,5763976,Daily COVID-19 PCR Test Data From Clinical Laboratories,06/08/2020,Percent Positivity,0.033,04/11/2021,1500
Colorado,5763976,Daily COVID-19 PCR Test Data From Clinical Laboratories,06/08/2020,People Tested at CDPHE State Lab,388,04/11/2021,1501
Colorado,5763976,Daily COVID-19 PCR Test Data From Clinical Laboratories,06/08/2020,People Tested at Non-CDPHE (Commerical) Labs,4445,04/11/2021,1502
Colorado,5763976,Daily COVID-19 PCR Test Data From Clinical Laboratories,06/08/2020,Cumulative People Tested at CDPHE State Lab,62246,04/11/2021,1503
Colorado,5763976,Daily COVID-19 PCR Test Data From Clinical Laboratories,06/08/2020,Cumulative People Tested at Non-CDPHE (Commerical) Labs,204212,04/11/2021,1504
Colorado,5763976,Daily COVID-19 PCR Test Data From Clinical Laboratories,06/08/2020,7-Day Average Percent Positivity,0.046,04/11/2021,1505
Colorado,5763976,Daily COVID-19 PCR Test Data From Clinical Laboratories,06/08/2020,3-Day Average Percent Positivity,0.037,04/11/2021,1506
Colorado,5763976,Daily COVID-19 Antibody Test Data From Clinical Laboratories,06/08/2020,Antibody Tests Performed,1508,04/11/2021,1507
Colorado,5763976,Daily COVID-19 Antibody Test Data From Clinical Laboratories,06/08/2020,Number of negative tests,1437,04/11/2021,1508
Colorado,5763976,Daily COVID-19 Antibody Test Data From Clinical Laboratories,06/08/2020,Number of positive tests,71,04/11/2021,1509
Colorado,5763976,Daily COVID-19 Antibody Test Data From Clinical Laboratories,06/08/2020,Total Tests per 100K People,26.163,04/11/2021,1510
Colorado,5763976,Daily COVID-19 Antibody Test Data From Clinical Laboratories,06/08/2020,Percent Positivity,0.047,04/11/2021,1511
Colorado,5763976,Daily COVID-19 Antibody Test Data From Clinical Laboratories,06/08/2020,7-Day Average Percent Positivity,0.063,04/11/2021,1512
Colorado,5763976,Daily COVID-19 Antibody Test Data From Clinical Laboratories,06/27/2020,Antibody Tests Performed,960,04/11/2021,1513
Colorado,5763976,Daily COVID-19 PCR Test Data From Clinical Laboratories,06/15/2020,7-Day Average Percent Positivity,0.031,04/11/2021,1514
Colorado,5763976,Daily COVID-19 Antibody Test Data From Clinical Laboratories,06/27/2020,Number of negative tests,918,04/11/2021,1515
Colorado,5763976,Daily COVID-19 Antibody Test Data From Clinical Laboratories,06/27/2020,Number of positive tests,42,04/11/2021,1516
Colorado,5763976,Daily COVID-19 Antibody Test Data From Clinical Laboratories,06/27/2020,Total Tests per 100K People,16.655,04/11/2021,1517
Colorado,5763976,Daily COVID-19 Antibody Test Data From Clinical Laboratories,06/27/2020,Percent Positivity,0.044,04/11/2021,1518
Colorado,5763976,Daily COVID-19 Antibody Test Data From Clinical Laboratories,06/27/2020,7-Day Average Percent Positivity,0.048,04/11/2021,1519
Colorado,5763976,Daily COVID-19 Antibody Test Data From Clinical Laboratories,06/27/2020,3-Day Average Percent Positivity,0.045,04/11/2021,1520
Colorado,5763976,Daily COVID-19 Antibody Test Data From Clinical Laboratories,06/27/2020,Cumulative Antibody Tests Performed,103625,04/11/2021,1521
Colorado,5763976,Daily COVID-19 PCR Test Data From Clinical Laboratories,06/28/2020,Percent Positivity,0.034,04/11/2021,1522
Colorado,5763976,Daily COVID-19 PCR Test Data From Clinical Laboratories,06/28/2020,People Tested at CDPHE State Lab,1510,04/11/2021,1523
Colorado,5763976,Daily COVID-19 PCR Test Data From Clinical Laboratories,06/28/2020,People Tested at Non-CDPHE (Commerical) Labs,4019,04/11/2021,1524
Colorado,5763976,Daily COVID-19 PCR Test Data From Clinical Laboratories,06/28/2020,Cumulative People Tested at CDPHE State Lab,97644,04/11/2021,1525
Colorado,5763976,Daily COVID-19 PCR Test Data From Clinical Laboratories,06/28/2020,Cumulative People Tested at Non-CDPHE (Commerical) Labs,296274,04/11/2021,1526
Colorado,5763976,Daily COVID-19 PCR Test Data From Clinical Laboratories,06/28/2020,7-Day Average Percent Positivity,0.036,04/11/2021,1527
Colorado,5763976,Daily COVID-19 PCR Test Data From Clinical Laboratories,06/28/2020,3-Day Average Percent Positivity,0.035,04/11/2021,1528
Colorado,5763976,Daily COVID-19 Antibody Test Data From Clinical Laboratories,06/28/2020,Antibody Tests Performed,966,04/11/2021,1529
Colorado,5763976,Daily COVID-19 Antibody Test Data From Clinical Laboratories,06/28/2020,Number of negative tests,935,04/11/2021,1530
Colorado,5763976,Daily COVID-19 Antibody Test Data From Clinical Laboratories,06/28/2020,Number of positive tests,31,04/11/2021,1531
Colorado,5763976,Daily COVID-19 Antibody Test Data From Clinical Laboratories,06/28/2020,Total Tests per 100K People,16.759,04/11/2021,1532
Colorado,5763976,Daily COVID-19 Antibody Test Data From Clinical Laboratories,06/28/2020,Percent Positivity,0.032,04/11/2021,1533
Colorado,5763976,Daily COVID-19 Antibody Test Data From Clinical Laboratories,06/28/2020,7-Day Average Percent Positivity,0.046,04/11/2021,1534
Colorado,5763976,Daily COVID-19 Antibody Test Data From Clinical Laboratories,06/28/2020,3-Day Average Percent Positivity,0.039,04/11/2021,1535
Colorado,5763976,Daily COVID-19 Antibody Test Data From Clinical Laboratories,06/28/2020,Cumulative Antibody Tests Performed,104591,04/11/2021,1536
Colorado,5763976,Weekly COVID-19 PCR Test Data From Clinical Laboratories,06/28/2020,People Tested at CDPHE State Lab,14672,04/11/2021,1537
Colorado,5763976,Weekly COVID-19 PCR Test Data From Clinical Laboratories,06/28/2020,People Tested at Non-CDPHE (Commerical) Labs,34223,04/11/2021,1538
Colorado,5763976,Weekly COVID-19 PCR Test Data From Clinical Laboratories,06/28/2020,Weekly Percent Positivity,0.04,04/11/2021,1539
Colorado,5763976,Weekly COVID-19 PCR Test Data From Clinical Laboratories,06/28/2020,Cumulative People Tested at CDPHE State Lab,110806,04/11/2021,1540
Colorado,5763976,Weekly COVID-19 PCR Test Data From Clinical Laboratories,06/28/2020,Cumulative People Tested at Non-CDPHE (Commerical) Labs,326478,04/11/2021,1541
Colorado,5763976,Weekly COVID-19 PCR Test Data From Clinical Laboratories,06/28/2020,Percent Change in Weekly Positivity,0.13,04/11/2021,1542
Colorado,5763976,Weekly COVID-19 Antibody Test Data From Clinical Laboratories,06/28/2020,Antibody Tests Performed,7984,04/11/2021,1543
Colorado,5763976,Weekly COVID-19 Antibody Test Data From Clinical Laboratories,06/28/2020,Number of positive tests,341,04/11/2021,1544
Colorado,5763976,Weekly COVID-19 Antibody Test Data From Clinical Laboratories,06/28/2020,Number of negative tests,7643,04/11/2021,1545
Colorado,5763976,Weekly COVID-19 Antibody Test Data From Clinical Laboratories,06/28/2020,Weekly Percent Positivity,0.043,04/11/2021,1546
Colorado,5763976,Weekly COVID-19 Antibody Test Data From Clinical Laboratories,06/28/2020,Cumulative Antibody Tests Performed,111609,04/11/2021,1547
Colorado,5763976,Weekly COVID-19 Antibody Test Data From Clinical Laboratories,06/28/2020,Percent Change in Weekly Positivity,-0.1,04/11/2021,1548
Colorado,5763976,Daily COVID-19 PCR Test Data From Clinical Laboratories,06/29/2020,Percent Positivity,0.036,04/11/2021,1549
Colorado,5763976,Daily COVID-19 PCR Test Data From Clinical Laboratories,06/29/2020,People Tested at CDPHE State Lab,2844,04/11/2021,1550
Colorado,5763976,Daily COVID-19 PCR Test Data From Clinical Laboratories,06/29/2020,People Tested at Non-CDPHE (Commerical) Labs,3044,04/11/2021,1551
Colorado,5763976,Daily COVID-19 PCR Test Data From Clinical Laboratories,06/29/2020,Cumulative People Tested at CDPHE State Lab,100488,04/11/2021,1552
Colorado,5763976,Daily COVID-19 PCR Test Data From Clinical Laboratories,06/29/2020,Cumulative People Tested at Non-CDPHE (Commerical) Labs,299318,04/11/2021,1553
Colorado,5763976,Daily COVID-19 PCR Test Data From Clinical Laboratories,06/29/2020,7-Day Average Percent Positivity,0.035,04/11/2021,1554
Colorado,5763976,Daily COVID-19 PCR Test Data From Clinical Laboratories,06/29/2020,3-Day Average Percent Positivity,0.036,04/11/2021,1555
Colorado,5763976,Daily COVID-19 Antibody Test Data From Clinical Laboratories,06/29/2020,Antibody Tests Performed,847,04/11/2021,1556
Colorado,5763976,Daily COVID-19 Antibody Test Data From Clinical Laboratories,06/29/2020,Number of negative tests,801,04/11/2021,1557
Colorado,5763976,Daily COVID-19 Antibody Test Data From Clinical Laboratories,06/29/2020,Number of positive tests,46,04/11/2021,1558
Colorado,5763976,Daily COVID-19 Antibody Test Data From Clinical Laboratories,06/29/2020,Total Tests per 100K People,14.695,04/11/2021,1559
Colorado,5763976,Daily COVID-19 Antibody Test Data From Clinical Laboratories,06/29/2020,Percent Positivity,0.054,04/11/2021,1560
Colorado,5763976,Daily COVID-19 PCR Test Data From Clinical Laboratories,06/15/2020,3-Day Average Percent Positivity,0.032,04/11/2021,1561
Colorado,5763976,Daily COVID-19 Antibody Test Data From Clinical Laboratories,06/15/2020,Antibody Tests Performed,847,04/11/2021,1562
Colorado,5763976,Daily COVID-19 Antibody Test Data From Clinical Laboratories,06/15/2020,Number of negative tests,794,04/11/2021,1563
Colorado,5763976,Daily COVID-19 Antibody Test Data From Clinical Laboratories,06/15/2020,Number of positive tests,53,04/11/2021,1564
Colorado,5763976,Daily COVID-19 Antibody Test Data From Clinical Laboratories,06/15/2020,Total Tests per 100K People,14.695,04/11/2021,1565
Colorado,5763976,Daily COVID-19 Antibody Test Data From Clinical Laboratories,06/15/2020,Percent Positivity,0.063,04/11/2021,1566
Colorado,5763976,Daily COVID-19 Antibody Test Data From Clinical Laboratories,06/15/2020,7-Day Average Percent Positivity,0.059,04/11/2021,1567
Colorado,5763976,Daily COVID-19 Antibody Test Data From Clinical Laboratories,06/15/2020,3-Day Average Percent Positivity,0.06,04/11/2021,1568
Colorado,5763976,Daily COVID-19 Antibody Test Data From Clinical Laboratories,06/15/2020,Cumulative Antibody Tests Performed,89354,04/11/2021,1569
Colorado,5763976,Daily COVID-19 PCR Test Data From Clinical Laboratories,06/16/2020,Percent Positivity,0.029,04/11/2021,1570
Colorado,5763976,Daily COVID-19 PCR Test Data From Clinical Laboratories,06/16/2020,People Tested at CDPHE State Lab,1028,04/11/2021,1571
Colorado,5763976,Daily COVID-19 PCR Test Data From Clinical Laboratories,06/16/2020,People Tested at Non-CDPHE (Commerical) Labs,5855,04/11/2021,1572
Colorado,5763976,Daily COVID-19 PCR Test Data From Clinical Laboratories,06/16/2020,Cumulative People Tested at CDPHE State Lab,74872,04/11/2021,1573
Colorado,5763976,Daily COVID-19 PCR Test Data From Clinical Laboratories,06/16/2020,Cumulative People Tested at Non-CDPHE (Commerical) Labs,237902,04/11/2021,1574
Colorado,5763976,Daily COVID-19 PCR Test Data From Clinical Laboratories,06/16/2020,7-Day Average Percent Positivity,0.031,04/11/2021,1575
Colorado,5763976,Daily COVID-19 PCR Test Data From Clinical Laboratories,06/16/2020,3-Day Average Percent Positivity,0.031,04/11/2021,1576
Colorado,5763976,Daily COVID-19 Antibody Test Data From Clinical Laboratories,06/16/2020,Antibody Tests Performed,1036,04/11/2021,1577
Colorado,5763976,Daily COVID-19 Antibody Test Data From Clinical Laboratories,06/16/2020,Number of negative tests,980,04/11/2021,1578
Colorado,5763976,Daily COVID-19 Antibody Test Data From Clinical Laboratories,06/16/2020,Number of positive tests,56,04/11/2021,1579
Colorado,5763976,Daily COVID-19 Antibody Test Data From Clinical Laboratories,06/16/2020,Total Tests per 100K People,17.974,04/11/2021,1580
Colorado,5763976,Daily COVID-19 Antibody Test Data From Clinical Laboratories,06/16/2020,Percent Positivity,0.054,04/11/2021,1581
Colorado,5763976,Daily COVID-19 Antibody Test Data From Clinical Laboratories,06/16/2020,7-Day Average Percent Positivity,0.059,04/11/2021,1582
Colorado,5763976,Daily COVID-19 Antibody Test Data From Clinical Laboratories,06/16/2020,3-Day Average Percent Positivity,0.06,04/11/2021,1583
Colorado,5763976,Daily COVID-19 Antibody Test Data From Clinical Laboratories,06/16/2020,Cumulative Antibody Tests Performed,90390,04/11/2021,1584
Colorado,5763976,Daily COVID-19 PCR Test Data From Clinical Laboratories,06/17/2020,Percent Positivity,0.029,04/11/2021,1585
Colorado,5763976,Daily COVID-19 PCR Test Data From Clinical Laboratories,06/17/2020,People Tested at CDPHE State Lab,1531,04/11/2021,1586
Colorado,5763976,Daily COVID-19 PCR Test Data From Clinical Laboratories,06/17/2020,People Tested at Non-CDPHE (Commerical) Labs,5041,04/11/2021,1587
Colorado,5763976,Daily COVID-19 PCR Test Data From Clinical Laboratories,06/17/2020,Cumulative People Tested at CDPHE State Lab,76403,04/11/2021,1588
Colorado,5763976,Daily COVID-19 PCR Test Data From Clinical Laboratories,06/17/2020,Cumulative People Tested at Non-CDPHE (Commerical) Labs,242943,04/11/2021,1589
Colorado,5763976,Daily COVID-19 PCR Test Data From Clinical Laboratories,06/17/2020,7-Day Average Percent Positivity,0.031,04/11/2021,1590
Colorado,5763976,Daily COVID-19 PCR Test Data From Clinical Laboratories,06/17/2020,3-Day Average Percent Positivity,0.03,04/11/2021,1591
Colorado,5763976,Daily COVID-19 Antibody Test Data From Clinical Laboratories,06/17/2020,Antibody Tests Performed,1311,04/11/2021,1592
Colorado,5763976,Daily COVID-19 Antibody Test Data From Clinical Laboratories,06/17/2020,Number of negative tests,1252,04/11/2021,1593
Colorado,5763976,Daily COVID-19 Antibody Test Data From Clinical Laboratories,06/17/2020,Number of positive tests,59,04/11/2021,1594
Colorado,5763976,Daily COVID-19 Antibody Test Data From Clinical Laboratories,06/17/2020,Total Tests per 100K People,22.745,04/11/2021,1595
Colorado,5763976,Daily COVID-19 Antibody Test Data From Clinical Laboratories,06/17/2020,Percent Positivity,0.045,04/11/2021,1596
Colorado,5763976,Daily COVID-19 Antibody Test Data From Clinical Laboratories,06/17/2020,7-Day Average Percent Positivity,0.056,04/11/2021,1597
Colorado,5763976,Daily COVID-19 Antibody Test Data From Clinical Laboratories,06/17/2020,3-Day Average Percent Positivity,0.053,04/11/2021,1598
Colorado,5763976,Daily COVID-19 Antibody Test Data From Clinical Laboratories,06/17/2020,Cumulative Antibody Tests Performed,91701,04/11/2021,1599
Colorado,5763976,Daily COVID-19 PCR Test Data From Clinical Laboratories,06/18/2020,Percent Positivity,0.044,04/11/2021,1600
Colorado,5763976,Weekly COVID-19 Antibody Test Data From Clinical Laboratories,07/05/2020,Number of positive tests,317,04/11/2021,1601
Colorado,5763976,Weekly COVID-19 Antibody Test Data From Clinical Laboratories,07/05/2020,Number of negative tests,6180,04/11/2021,1602
Colorado,5763976,Weekly COVID-19 Antibody Test Data From Clinical Laboratories,07/05/2020,Weekly Percent Positivity,0.049,04/11/2021,1603
Colorado,5763976,Weekly COVID-19 Antibody Test Data From Clinical Laboratories,07/05/2020,Cumulative Antibody Tests Performed,118106,04/11/2021,1604
Colorado,5763976,Weekly COVID-19 Antibody Test Data From Clinical Laboratories,07/05/2020,Percent Change in Weekly Positivity,0.14,04/11/2021,1605
Colorado,5763976,Daily COVID-19 PCR Test Data From Clinical Laboratories,07/06/2020,Percent Positivity,0.052,04/11/2021,1606
Colorado,5763976,Daily COVID-19 PCR Test Data From Clinical Laboratories,07/06/2020,People Tested at CDPHE State Lab,2172,04/11/2021,1607
Colorado,5763976,Daily COVID-19 PCR Test Data From Clinical Laboratories,07/06/2020,People Tested at Non-CDPHE (Commerical) Labs,4318,04/11/2021,1608
Colorado,5763976,Daily COVID-19 PCR Test Data From Clinical Laboratories,07/06/2020,Cumulative People Tested at CDPHE State Lab,114908,04/11/2021,1609
Colorado,5763976,Daily COVID-19 PCR Test Data From Clinical Laboratories,07/06/2020,Cumulative People Tested at Non-CDPHE (Commerical) Labs,335583,04/11/2021,1610
Colorado,5763976,Daily COVID-19 PCR Test Data From Clinical Laboratories,07/06/2020,7-Day Average Percent Positivity,0.042,04/11/2021,1611
Colorado,5763976,Daily COVID-19 PCR Test Data From Clinical Laboratories,07/06/2020,3-Day Average Percent Positivity,0.041,04/11/2021,1612
Colorado,5763976,Daily COVID-19 Antibody Test Data From Clinical Laboratories,07/06/2020,Antibody Tests Performed,704,04/11/2021,1613
Colorado,5763976,Daily COVID-19 Antibody Test Data From Clinical Laboratories,07/06/2020,Number of negative tests,662,04/11/2021,1614
Colorado,5763976,Daily COVID-19 Antibody Test Data From Clinical Laboratories,07/06/2020,Number of positive tests,42,04/11/2021,1615
Colorado,5763976,Daily COVID-19 Antibody Test Data From Clinical Laboratories,07/06/2020,Total Tests per 100K People,12.214,04/11/2021,1616
Colorado,5763976,Daily COVID-19 Antibody Test Data From Clinical Laboratories,07/06/2020,Percent Positivity,0.06,04/11/2021,1617
Colorado,5763976,Daily COVID-19 Antibody Test Data From Clinical Laboratories,07/06/2020,7-Day Average Percent Positivity,0.044,04/11/2021,1618
Colorado,5763976,Daily COVID-19 Antibody Test Data From Clinical Laboratories,07/06/2020,3-Day Average Percent Positivity,0.043,04/11/2021,1619
Colorado,5763976,Daily COVID-19 Antibody Test Data From Clinical Laboratories,07/06/2020,Cumulative Antibody Tests Performed,112646,04/11/2021,1620
Colorado,5763976,Daily COVID-19 PCR Test Data From Clinical Laboratories,07/07/2020,Percent Positivity,0.053,04/11/2021,1621
Colorado,5763976,Daily COVID-19 PCR Test Data From Clinical Laboratories,07/07/2020,People Tested at CDPHE State Lab,1807,04/11/2021,1622
Colorado,5763976,Daily COVID-19 PCR Test Data From Clinical Laboratories,07/07/2020,People Tested at Non-CDPHE (Commerical) Labs,5367,04/11/2021,1623
Colorado,5763976,Daily COVID-19 PCR Test Data From Clinical Laboratories,07/07/2020,Cumulative People Tested at CDPHE State Lab,116715,04/11/2021,1624
Colorado,5763976,Daily COVID-19 PCR Test Data From Clinical Laboratories,07/07/2020,Cumulative People Tested at Non-CDPHE (Commerical) Labs,340950,04/11/2021,1625
Colorado,5763976,Daily COVID-19 PCR Test Data From Clinical Laboratories,07/07/2020,7-Day Average Percent Positivity,0.043,04/11/2021,1626
Colorado,5763976,Daily COVID-19 PCR Test Data From Clinical Laboratories,07/07/2020,3-Day Average Percent Positivity,0.047,04/11/2021,1627
Colorado,5763976,Daily COVID-19 Antibody Test Data From Clinical Laboratories,07/07/2020,Antibody Tests Performed,822,04/11/2021,1628
Colorado,5763976,Daily COVID-19 Antibody Test Data From Clinical Laboratories,07/07/2020,Number of negative tests,756,04/11/2021,1629
Colorado,5763976,Daily COVID-19 Antibody Test Data From Clinical Laboratories,07/07/2020,Number of positive tests,66,04/11/2021,1630
Colorado,5763976,Daily COVID-19 Antibody Test Data From Clinical Laboratories,07/07/2020,Total Tests per 100K People,14.261,04/11/2021,1631
Colorado,5763976,Daily COVID-19 Antibody Test Data From Clinical Laboratories,07/07/2020,Percent Positivity,0.08,04/11/2021,1632
Colorado,5763976,Daily COVID-19 Antibody Test Data From Clinical Laboratories,07/07/2020,7-Day Average Percent Positivity,0.048,04/11/2021,1633
Colorado,5763976,Daily COVID-19 Antibody Test Data From Clinical Laboratories,07/07/2020,3-Day Average Percent Positivity,0.066,04/11/2021,1634
Colorado,5763976,Daily COVID-19 Antibody Test Data From Clinical Laboratories,07/07/2020,Cumulative Antibody Tests Performed,113468,04/11/2021,1635
Colorado,5763976,Daily COVID-19 PCR Test Data From Clinical Laboratories,07/08/2020,Percent Positivity,0.043,04/11/2021,1636
Colorado,5763976,Daily COVID-19 PCR Test Data From Clinical Laboratories,07/08/2020,People Tested at CDPHE State Lab,1983,04/11/2021,1637
Colorado,5763976,Daily COVID-19 PCR Test Data From Clinical Laboratories,07/08/2020,People Tested at Non-CDPHE (Commerical) Labs,7395,04/11/2021,1638
Colorado,5763976,Daily COVID-19 PCR Test Data From Clinical Laboratories,07/08/2020,Cumulative People Tested at CDPHE State Lab,118698,04/11/2021,1639
Colorado,5763976,Daily COVID-19 PCR Test Data From Clinical Laboratories,07/08/2020,Cumulative People Tested at Non-CDPHE (Commerical) Labs,348345,04/11/2021,1640
Colorado,5763976,Daily COVID-19 PCR Test Data From Clinical Laboratories,07/08/2020,7-Day Average Percent Positivity,0.044,04/11/2021,1641
Colorado,5763976,Daily COVID-19 PCR Test Data From Clinical Laboratories,07/08/2020,3-Day Average Percent Positivity,0.049,04/11/2021,1642
Colorado,5763976,Daily COVID-19 Antibody Test Data From Clinical Laboratories,07/08/2020,Antibody Tests Performed,1251,04/11/2021,1643
Colorado,5763976,Daily COVID-19 Antibody Test Data From Clinical Laboratories,07/08/2020,Number of negative tests,1201,04/11/2021,1644
Colorado,5763976,Daily COVID-19 Antibody Test Data From Clinical Laboratories,07/08/2020,Number of positive tests,50,04/11/2021,1645
Colorado,5763976,Daily COVID-19 Antibody Test Data From Clinical Laboratories,07/08/2020,Total Tests per 100K People,21.704,04/11/2021,1646
Colorado,5763976,Daily COVID-19 Antibody Test Data From Clinical Laboratories,07/08/2020,Percent Positivity,0.04,04/11/2021,1647
Colorado,5763976,Daily COVID-19 Antibody Test Data From Clinical Laboratories,07/08/2020,7-Day Average Percent Positivity,0.046,04/11/2021,1648
Colorado,5763976,Daily COVID-19 Antibody Test Data From Clinical Laboratories,07/08/2020,3-Day Average Percent Positivity,0.057,04/11/2021,1649
Colorado,5763976,Daily COVID-19 Antibody Test Data From Clinical Laboratories,07/08/2020,Cumulative Antibody Tests Performed,114719,04/11/2021,1650
Colorado,5763976,Daily COVID-19 Antibody Test Data From Clinical Laboratories,07/20/2020,Percent Positivity,0.077,04/11/2021,1651
Colorado,5763976,Daily COVID-19 PCR Test Data From Clinical Laboratories,07/03/2020,People Tested at Non-CDPHE (Commerical) Labs,4289,04/11/2021,1652
Colorado,5763976,Daily COVID-19 PCR Test Data From Clinical Laboratories,07/18/2020,Cumulative People Tested at CDPHE State Lab,146903,04/11/2021,1653
Colorado,5763976,Daily COVID-19 PCR Test Data From Clinical Laboratories,07/12/2020,7-Day Average Percent Positivity,0.052,04/11/2021,1654
Colorado,5763976,Daily COVID-19 PCR Test Data From Clinical Laboratories,07/12/2020,3-Day Average Percent Positivity,0.055,04/11/2021,1655
Colorado,5763976,Daily COVID-19 Antibody Test Data From Clinical Laboratories,07/12/2020,Antibody Tests Performed,896,04/11/2021,1656
Colorado,5763976,Daily COVID-19 Antibody Test Data From Clinical Laboratories,07/12/2020,Number of negative tests,849,04/11/2021,1657
Colorado,5763976,Daily COVID-19 Antibody Test Data From Clinical Laboratories,07/12/2020,Number of positive tests,47,04/11/2021,1658
Colorado,5763976,Daily COVID-19 Antibody Test Data From Clinical Laboratories,07/12/2020,Total Tests per 100K People,15.545,04/11/2021,1659
Colorado,5763976,Daily COVID-19 Antibody Test Data From Clinical Laboratories,07/12/2020,Percent Positivity,0.052,04/11/2021,1660
Colorado,5763976,Daily COVID-19 Antibody Test Data From Clinical Laboratories,07/12/2020,7-Day Average Percent Positivity,0.049,04/11/2021,1661
Colorado,5763976,Daily COVID-19 Antibody Test Data From Clinical Laboratories,07/12/2020,3-Day Average Percent Positivity,0.045,04/11/2021,1662
Colorado,5763976,Daily COVID-19 Antibody Test Data From Clinical Laboratories,07/12/2020,Cumulative Antibody Tests Performed,119002,04/11/2021,1663
Colorado,5763976,Weekly COVID-19 PCR Test Data From Clinical Laboratories,07/12/2020,People Tested at CDPHE State Lab,20378,04/11/2021,1664
Colorado,5763976,Weekly COVID-19 PCR Test Data From Clinical Laboratories,07/12/2020,People Tested at Non-CDPHE (Commerical) Labs,42601,04/11/2021,1665
Colorado,5763976,Weekly COVID-19 PCR Test Data From Clinical Laboratories,07/12/2020,Weekly Percent Positivity,0.056,04/11/2021,1666
Colorado,5763976,Weekly COVID-19 PCR Test Data From Clinical Laboratories,07/12/2020,Cumulative People Tested at CDPHE State Lab,146903,04/11/2021,1667
Colorado,5763976,Weekly COVID-19 PCR Test Data From Clinical Laboratories,07/12/2020,Cumulative People Tested at Non-CDPHE (Commerical) Labs,413277,04/11/2021,1668
Colorado,5763976,Weekly COVID-19 PCR Test Data From Clinical Laboratories,07/12/2020,Percent Change in Weekly Positivity,0.09,04/11/2021,1669
Colorado,5763976,Weekly COVID-19 Antibody Test Data From Clinical Laboratories,07/12/2020,Antibody Tests Performed,8080,04/11/2021,1670
Colorado,5763976,Weekly COVID-19 Antibody Test Data From Clinical Laboratories,07/12/2020,Number of positive tests,850,04/11/2021,1671
Colorado,5763976,Weekly COVID-19 Antibody Test Data From Clinical Laboratories,07/12/2020,Number of negative tests,7230,04/11/2021,1672
Colorado,5763976,Weekly COVID-19 Antibody Test Data From Clinical Laboratories,07/12/2020,Weekly Percent Positivity,0.105,04/11/2021,1673
Colorado,5763976,Weekly COVID-19 Antibody Test Data From Clinical Laboratories,07/12/2020,Cumulative Antibody Tests Performed,126186,04/11/2021,1674
Colorado,5763976,Weekly COVID-19 Antibody Test Data From Clinical Laboratories,07/12/2020,Percent Change in Weekly Positivity,1.16,04/11/2021,1675
Colorado,5763976,Daily COVID-19 PCR Test Data From Clinical Laboratories,07/13/2020,Percent Positivity,0.055,04/11/2021,1676
Colorado,5763976,Daily COVID-19 PCR Test Data From Clinical Laboratories,07/13/2020,People Tested at CDPHE State Lab,2294,04/11/2021,1677
Colorado,5763976,Daily COVID-19 PCR Test Data From Clinical Laboratories,07/13/2020,People Tested at Non-CDPHE (Commerical) Labs,5100,04/11/2021,1678
Colorado,5763976,Daily COVID-19 PCR Test Data From Clinical Laboratories,07/13/2020,Cumulative People Tested at CDPHE State Lab,131961,04/11/2021,1679
Colorado,5763976,Daily COVID-19 PCR Test Data From Clinical Laboratories,07/13/2020,Cumulative People Tested at Non-CDPHE (Commerical) Labs,380840,04/11/2021,1680
Colorado,5763976,Daily COVID-19 PCR Test Data From Clinical Laboratories,07/13/2020,7-Day Average Percent Positivity,0.053,04/11/2021,1681
Colorado,5763976,Daily COVID-19 PCR Test Data From Clinical Laboratories,07/13/2020,3-Day Average Percent Positivity,0.051,04/11/2021,1682
Colorado,5763976,Daily COVID-19 Antibody Test Data From Clinical Laboratories,07/13/2020,Antibody Tests Performed,868,04/11/2021,1683
Colorado,5763976,Daily COVID-19 Antibody Test Data From Clinical Laboratories,07/13/2020,Number of negative tests,818,04/11/2021,1684
Colorado,5763976,Daily COVID-19 Antibody Test Data From Clinical Laboratories,07/13/2020,Number of positive tests,50,04/11/2021,1685
Colorado,5763976,Daily COVID-19 Antibody Test Data From Clinical Laboratories,07/13/2020,Total Tests per 100K People,15.059,04/11/2021,1686
Colorado,5763976,Daily COVID-19 Antibody Test Data From Clinical Laboratories,07/13/2020,Percent Positivity,0.058,04/11/2021,1687
Colorado,5763976,Daily COVID-19 Antibody Test Data From Clinical Laboratories,07/13/2020,7-Day Average Percent Positivity,0.049,04/11/2021,1688
Colorado,5763976,Daily COVID-19 Antibody Test Data From Clinical Laboratories,07/13/2020,3-Day Average Percent Positivity,0.054,04/11/2021,1689
Colorado,5763976,Daily COVID-19 Antibody Test Data From Clinical Laboratories,07/13/2020,Cumulative Antibody Tests Performed,119870,04/11/2021,1690
Colorado,5763976,Daily COVID-19 PCR Test Data From Clinical Laboratories,07/14/2020,Percent Positivity,0.047,04/11/2021,1691
Colorado,5763976,Daily COVID-19 PCR Test Data From Clinical Laboratories,07/14/2020,People Tested at CDPHE State Lab,2515,04/11/2021,1692
Colorado,5763976,Daily COVID-19 PCR Test Data From Clinical Laboratories,07/14/2020,People Tested at Non-CDPHE (Commerical) Labs,6254,04/11/2021,1693
Colorado,5763976,Daily COVID-19 PCR Test Data From Clinical Laboratories,07/14/2020,Cumulative People Tested at CDPHE State Lab,134476,04/11/2021,1694
Colorado,5763976,Daily COVID-19 PCR Test Data From Clinical Laboratories,07/14/2020,Cumulative People Tested at Non-CDPHE (Commerical) Labs,387094,04/11/2021,1695
Colorado,5763976,Daily COVID-19 PCR Test Data From Clinical Laboratories,07/14/2020,7-Day Average Percent Positivity,0.052,04/11/2021,1696
Colorado,5763976,Daily COVID-19 PCR Test Data From Clinical Laboratories,07/14/2020,3-Day Average Percent Positivity,0.05,04/11/2021,1697
Colorado,5763976,Daily COVID-19 Antibody Test Data From Clinical Laboratories,07/14/2020,Antibody Tests Performed,809,04/11/2021,1698
Colorado,5763976,Daily COVID-19 Antibody Test Data From Clinical Laboratories,07/14/2020,Number of negative tests,767,04/11/2021,1699
Colorado,5763976,Daily COVID-19 Antibody Test Data From Clinical Laboratories,07/14/2020,Number of positive tests,42,04/11/2021,1700
Colorado,5763976,Daily COVID-19 Antibody Test Data From Clinical Laboratories,07/14/2020,Total Tests per 100K People,14.036,04/11/2021,1701
Colorado,5763976,Daily COVID-19 Antibody Test Data From Clinical Laboratories,07/14/2020,Percent Positivity,0.052,04/11/2021,1702
Colorado,5763976,Daily COVID-19 Antibody Test Data From Clinical Laboratories,07/14/2020,7-Day Average Percent Positivity,0.046,04/11/2021,1703
Colorado,5763976,Daily COVID-19 Antibody Test Data From Clinical Laboratories,07/20/2020,7-Day Average Percent Positivity,0.11,04/11/2021,1704
Colorado,5763976,Daily COVID-19 PCR Test Data From Clinical Laboratories,07/18/2020,Cumulative People Tested at Non-CDPHE (Commerical) Labs,413277,04/11/2021,1705
Colorado,5763976,Daily COVID-19 PCR Test Data From Clinical Laboratories,07/03/2020,Cumulative People Tested at CDPHE State Lab,108043,04/11/2021,1706
Colorado,5763976,Daily COVID-19 PCR Test Data From Clinical Laboratories,07/03/2020,Cumulative People Tested at Non-CDPHE (Commerical) Labs,322340,04/11/2021,1707
Colorado,5763976,Daily COVID-19 PCR Test Data From Clinical Laboratories,07/03/2020,7-Day Average Percent Positivity,0.04,04/11/2021,1708
Colorado,5763976,Daily COVID-19 PCR Test Data From Clinical Laboratories,07/03/2020,3-Day Average Percent Positivity,0.041,04/11/2021,1709
Colorado,5763976,Daily COVID-19 Antibody Test Data From Clinical Laboratories,07/03/2020,Antibody Tests Performed,1260,04/11/2021,1710
Colorado,5763976,Daily COVID-19 Antibody Test Data From Clinical Laboratories,07/03/2020,Number of negative tests,1213,04/11/2021,1711
Colorado,5763976,Daily COVID-19 Antibody Test Data From Clinical Laboratories,07/03/2020,Number of positive tests,47,04/11/2021,1712
Colorado,5763976,Daily COVID-19 Antibody Test Data From Clinical Laboratories,07/03/2020,Total Tests per 100K People,21.86,04/11/2021,1713
Colorado,5763976,Daily COVID-19 Antibody Test Data From Clinical Laboratories,07/03/2020,Percent Positivity,0.037,04/11/2021,1714
Colorado,5763976,Daily COVID-19 Antibody Test Data From Clinical Laboratories,07/03/2020,7-Day Average Percent Positivity,0.044,04/11/2021,1715
Colorado,5763976,Daily COVID-19 Antibody Test Data From Clinical Laboratories,07/03/2020,3-Day Average Percent Positivity,0.044,04/11/2021,1716
Colorado,5763976,Daily COVID-19 Antibody Test Data From Clinical Laboratories,07/03/2020,Cumulative Antibody Tests Performed,110689,04/11/2021,1717
Colorado,5763976,Daily COVID-19 PCR Test Data From Clinical Laboratories,07/04/2020,Percent Positivity,0.037,04/11/2021,1718
Colorado,5763976,Daily COVID-19 PCR Test Data From Clinical Laboratories,07/04/2020,People Tested at CDPHE State Lab,2763,04/11/2021,1719
Colorado,5763976,Daily COVID-19 PCR Test Data From Clinical Laboratories,07/04/2020,People Tested at Non-CDPHE (Commerical) Labs,4138,04/11/2021,1720
Colorado,5763976,Daily COVID-19 PCR Test Data From Clinical Laboratories,07/04/2020,Cumulative People Tested at CDPHE State Lab,110806,04/11/2021,1721
Colorado,5763976,Daily COVID-19 PCR Test Data From Clinical Laboratories,07/04/2020,Cumulative People Tested at Non-CDPHE (Commerical) Labs,326478,04/11/2021,1722
Colorado,5763976,Daily COVID-19 PCR Test Data From Clinical Laboratories,07/04/2020,7-Day Average Percent Positivity,0.04,04/11/2021,1723
Colorado,5763976,Daily COVID-19 PCR Test Data From Clinical Laboratories,07/04/2020,3-Day Average Percent Positivity,0.041,04/11/2021,1724
Colorado,5763976,Daily COVID-19 Antibody Test Data From Clinical Laboratories,07/04/2020,Antibody Tests Performed,920,04/11/2021,1725
Colorado,5763976,Daily COVID-19 Antibody Test Data From Clinical Laboratories,07/04/2020,Number of negative tests,893,04/11/2021,1726
Colorado,5763976,Daily COVID-19 Antibody Test Data From Clinical Laboratories,07/04/2020,Number of positive tests,27,04/11/2021,1727
Colorado,5763976,Daily COVID-19 Antibody Test Data From Clinical Laboratories,07/04/2020,Total Tests per 100K People,15.961,04/11/2021,1728
Colorado,5763976,Daily COVID-19 Antibody Test Data From Clinical Laboratories,07/04/2020,Percent Positivity,0.029,04/11/2021,1729
Colorado,5763976,Daily COVID-19 Antibody Test Data From Clinical Laboratories,07/04/2020,7-Day Average Percent Positivity,0.043,04/11/2021,1730
Colorado,5763976,Daily COVID-19 Antibody Test Data From Clinical Laboratories,07/04/2020,3-Day Average Percent Positivity,0.039,04/11/2021,1731
Colorado,5763976,Daily COVID-19 Antibody Test Data From Clinical Laboratories,07/04/2020,Cumulative Antibody Tests Performed,111609,04/11/2021,1732
Colorado,5763976,Daily COVID-19 PCR Test Data From Clinical Laboratories,07/05/2020,Percent Positivity,0.035,04/11/2021,1733
Colorado,5763976,Daily COVID-19 PCR Test Data From Clinical Laboratories,07/05/2020,People Tested at CDPHE State Lab,1930,04/11/2021,1734
Colorado,5763976,Daily COVID-19 PCR Test Data From Clinical Laboratories,07/05/2020,People Tested at Non-CDPHE (Commerical) Labs,4787,04/11/2021,1735
Colorado,5763976,Daily COVID-19 PCR Test Data From Clinical Laboratories,07/05/2020,Cumulative People Tested at CDPHE State Lab,112736,04/11/2021,1736
Colorado,5763976,Daily COVID-19 PCR Test Data From Clinical Laboratories,07/05/2020,Cumulative People Tested at Non-CDPHE (Commerical) Labs,331265,04/11/2021,1737
Colorado,5763976,Daily COVID-19 PCR Test Data From Clinical Laboratories,07/05/2020,7-Day Average Percent Positivity,0.04,04/11/2021,1738
Colorado,5763976,Daily COVID-19 PCR Test Data From Clinical Laboratories,07/05/2020,3-Day Average Percent Positivity,0.04,04/11/2021,1739
Colorado,5763976,Daily COVID-19 Antibody Test Data From Clinical Laboratories,07/05/2020,Antibody Tests Performed,333,04/11/2021,1740
Colorado,5763976,Daily COVID-19 Antibody Test Data From Clinical Laboratories,07/05/2020,Number of negative tests,318,04/11/2021,1741
Colorado,5763976,Daily COVID-19 Antibody Test Data From Clinical Laboratories,07/05/2020,Number of positive tests,15,04/11/2021,1742
Colorado,5763976,Daily COVID-19 Antibody Test Data From Clinical Laboratories,07/05/2020,Total Tests per 100K People,5.777,04/11/2021,1743
Colorado,5763976,Daily COVID-19 Antibody Test Data From Clinical Laboratories,07/05/2020,Percent Positivity,0.045,04/11/2021,1744
Colorado,5763976,Daily COVID-19 Antibody Test Data From Clinical Laboratories,07/05/2020,7-Day Average Percent Positivity,0.044,04/11/2021,1745
Colorado,5763976,Daily COVID-19 Antibody Test Data From Clinical Laboratories,07/05/2020,3-Day Average Percent Positivity,0.035,04/11/2021,1746
Colorado,5763976,Daily COVID-19 Antibody Test Data From Clinical Laboratories,07/05/2020,Cumulative Antibody Tests Performed,111942,04/11/2021,1747
Colorado,5763976,Weekly COVID-19 PCR Test Data From Clinical Laboratories,07/05/2020,People Tested at CDPHE State Lab,15719,04/11/2021,1748
Colorado,5763976,Weekly COVID-19 PCR Test Data From Clinical Laboratories,07/05/2020,People Tested at Non-CDPHE (Commerical) Labs,44198,04/11/2021,1749
Colorado,5763976,Weekly COVID-19 PCR Test Data From Clinical Laboratories,07/05/2020,Weekly Percent Positivity,0.051,04/11/2021,1750
Colorado,5763976,Weekly COVID-19 PCR Test Data From Clinical Laboratories,07/05/2020,Cumulative People Tested at CDPHE State Lab,126525,04/11/2021,1751
Colorado,5763976,Weekly COVID-19 PCR Test Data From Clinical Laboratories,07/05/2020,Cumulative People Tested at Non-CDPHE (Commerical) Labs,370676,04/11/2021,1752
Colorado,5763976,Weekly COVID-19 PCR Test Data From Clinical Laboratories,07/05/2020,Percent Change in Weekly Positivity,0.28,04/11/2021,1753
Colorado,5763976,Weekly COVID-19 Antibody Test Data From Clinical Laboratories,07/05/2020,Antibody Tests Performed,6497,04/11/2021,1754
Colorado,5763976,Daily COVID-19 Antibody Test Data From Clinical Laboratories,07/20/2020,3-Day Average Percent Positivity,0.065,04/11/2021,1755
Colorado,5763976,Daily COVID-19 PCR Test Data From Clinical Laboratories,07/18/2020,7-Day Average Percent Positivity,0.056,04/11/2021,1756
Colorado,5763976,Daily COVID-19 Antibody Test Data From Clinical Laboratories,07/14/2020,3-Day Average Percent Positivity,0.054,04/11/2021,1757
Colorado,5763976,Daily COVID-19 Antibody Test Data From Clinical Laboratories,07/20/2020,Cumulative Antibody Tests Performed,127427,04/11/2021,1758
Colorado,5763976,Daily COVID-19 PCR Test Data From Clinical Laboratories,07/21/2020,Percent Positivity,0.052,04/11/2021,1759
Colorado,5763976,Daily COVID-19 PCR Test Data From Clinical Laboratories,07/21/2020,People Tested at CDPHE State Lab,3603,04/11/2021,1760
Colorado,5763976,Daily COVID-19 PCR Test Data From Clinical Laboratories,07/21/2020,People Tested at Non-CDPHE (Commerical) Labs,7846,04/11/2021,1761
Colorado,5763976,Daily COVID-19 PCR Test Data From Clinical Laboratories,07/21/2020,Cumulative People Tested at CDPHE State Lab,156881,04/11/2021,1762
Colorado,5763976,Daily COVID-19 PCR Test Data From Clinical Laboratories,07/21/2020,Cumulative People Tested at Non-CDPHE (Commerical) Labs,436098,04/11/2021,1763
Colorado,5763976,Daily COVID-19 PCR Test Data From Clinical Laboratories,07/21/2020,7-Day Average Percent Positivity,0.054,04/11/2021,1764
Colorado,5763976,Daily COVID-19 PCR Test Data From Clinical Laboratories,07/21/2020,3-Day Average Percent Positivity,0.049,04/11/2021,1765
Colorado,5763976,Daily COVID-19 Antibody Test Data From Clinical Laboratories,07/21/2020,Antibody Tests Performed,797,04/11/2021,1766
Colorado,5763976,Daily COVID-19 Antibody Test Data From Clinical Laboratories,07/21/2020,Number of negative tests,737,04/11/2021,1767
Colorado,5763976,Daily COVID-19 Antibody Test Data From Clinical Laboratories,07/21/2020,Number of positive tests,60,04/11/2021,1768
Colorado,5763976,Daily COVID-19 Antibody Test Data From Clinical Laboratories,07/21/2020,Total Tests per 100K People,13.827,04/11/2021,1769
Colorado,5763976,Daily COVID-19 Antibody Test Data From Clinical Laboratories,07/21/2020,Percent Positivity,0.075,04/11/2021,1770
Colorado,5763976,Daily COVID-19 Antibody Test Data From Clinical Laboratories,07/21/2020,7-Day Average Percent Positivity,0.113,04/11/2021,1771
Colorado,5763976,Daily COVID-19 Antibody Test Data From Clinical Laboratories,07/21/2020,3-Day Average Percent Positivity,0.069,04/11/2021,1772
Colorado,5763976,Daily COVID-19 Antibody Test Data From Clinical Laboratories,07/21/2020,Cumulative Antibody Tests Performed,128224,04/11/2021,1773
Colorado,5763976,Daily COVID-19 PCR Test Data From Clinical Laboratories,07/22/2020,Percent Positivity,0.059,04/11/2021,1774
Colorado,5763976,Daily COVID-19 PCR Test Data From Clinical Laboratories,07/22/2020,People Tested at CDPHE State Lab,1820,04/11/2021,1775
Colorado,5763976,Daily COVID-19 PCR Test Data From Clinical Laboratories,07/22/2020,People Tested at Non-CDPHE (Commerical) Labs,7434,04/11/2021,1776
Colorado,5763976,Daily COVID-19 PCR Test Data From Clinical Laboratories,07/22/2020,Cumulative People Tested at CDPHE State Lab,158701,04/11/2021,1777
Colorado,5763976,Daily COVID-19 PCR Test Data From Clinical Laboratories,07/22/2020,Cumulative People Tested at Non-CDPHE (Commerical) Labs,443532,04/11/2021,1778
Colorado,5763976,Daily COVID-19 PCR Test Data From Clinical Laboratories,07/22/2020,7-Day Average Percent Positivity,0.055,04/11/2021,1779
Colorado,5763976,Daily COVID-19 PCR Test Data From Clinical Laboratories,07/22/2020,3-Day Average Percent Positivity,0.054,04/11/2021,1780
Colorado,5763976,Daily COVID-19 Antibody Test Data From Clinical Laboratories,07/22/2020,Antibody Tests Performed,976,04/11/2021,1781
Colorado,5763976,Daily COVID-19 Antibody Test Data From Clinical Laboratories,07/22/2020,Number of negative tests,911,04/11/2021,1782
Colorado,5763976,Daily COVID-19 Antibody Test Data From Clinical Laboratories,07/22/2020,Number of positive tests,65,04/11/2021,1783
Colorado,5763976,Daily COVID-19 Antibody Test Data From Clinical Laboratories,07/22/2020,Total Tests per 100K People,16.933,04/11/2021,1784
Colorado,5763976,Daily COVID-19 Antibody Test Data From Clinical Laboratories,07/22/2020,Percent Positivity,0.067,04/11/2021,1785
Colorado,5763976,Daily COVID-19 Antibody Test Data From Clinical Laboratories,07/22/2020,7-Day Average Percent Positivity,0.114,04/11/2021,1786
Colorado,5763976,Daily COVID-19 Antibody Test Data From Clinical Laboratories,07/22/2020,3-Day Average Percent Positivity,0.072,04/11/2021,1787
Colorado,5763976,Daily COVID-19 Antibody Test Data From Clinical Laboratories,07/22/2020,Cumulative Antibody Tests Performed,129200,04/11/2021,1788
Colorado,5763976,Daily COVID-19 PCR Test Data From Clinical Laboratories,07/23/2020,Percent Positivity,0.05,04/11/2021,1789
Colorado,5763976,Daily COVID-19 PCR Test Data From Clinical Laboratories,07/23/2020,People Tested at CDPHE State Lab,4087,04/11/2021,1790
Colorado,5763976,Daily COVID-19 PCR Test Data From Clinical Laboratories,07/23/2020,People Tested at Non-CDPHE (Commerical) Labs,9371,04/11/2021,1791
Colorado,5763976,Daily COVID-19 PCR Test Data From Clinical Laboratories,07/23/2020,Cumulative People Tested at CDPHE State Lab,162788,04/11/2021,1792
Colorado,5763976,Daily COVID-19 PCR Test Data From Clinical Laboratories,07/23/2020,Cumulative People Tested at Non-CDPHE (Commerical) Labs,452903,04/11/2021,1793
Colorado,5763976,Daily COVID-19 PCR Test Data From Clinical Laboratories,07/23/2020,7-Day Average Percent Positivity,0.052,04/11/2021,1794
Colorado,5763976,Daily COVID-19 PCR Test Data From Clinical Laboratories,07/23/2020,3-Day Average Percent Positivity,0.053,04/11/2021,1795
Colorado,5763976,Daily COVID-19 Antibody Test Data From Clinical Laboratories,07/23/2020,Antibody Tests Performed,1247,04/11/2021,1796
Colorado,5763976,Daily COVID-19 Antibody Test Data From Clinical Laboratories,07/23/2020,Number of negative tests,1161,04/11/2021,1797
Colorado,5763976,Daily COVID-19 Antibody Test Data From Clinical Laboratories,07/23/2020,Number of positive tests,86,04/11/2021,1798
Colorado,5763976,Daily COVID-19 Antibody Test Data From Clinical Laboratories,07/23/2020,Total Tests per 100K People,21.634,04/11/2021,1799
Colorado,5763976,Daily COVID-19 Antibody Test Data From Clinical Laboratories,07/23/2020,Percent Positivity,0.069,04/11/2021,1800
Colorado,5763976,Daily COVID-19 Antibody Test Data From Clinical Laboratories,07/23/2020,7-Day Average Percent Positivity,0.118,04/11/2021,1801
Colorado,5763976,Daily COVID-19 Antibody Test Data From Clinical Laboratories,07/23/2020,3-Day Average Percent Positivity,0.07,04/11/2021,1802
Colorado,5763976,Daily COVID-19 Antibody Test Data From Clinical Laboratories,07/23/2020,Cumulative Antibody Tests Performed,130447,04/11/2021,1803
Colorado,5763976,Daily COVID-19 PCR Test Data From Clinical Laboratories,07/24/2020,Percent Positivity,0.051,04/11/2021,1804
Colorado,5763976,Daily COVID-19 Antibody Test Data From Clinical Laboratories,07/14/2020,Cumulative Antibody Tests Performed,120679,04/11/2021,1805
Colorado,5763976,Daily COVID-19 PCR Test Data From Clinical Laboratories,07/15/2020,Percent Positivity,0.056,04/11/2021,1806
Colorado,5763976,Daily COVID-19 PCR Test Data From Clinical Laboratories,07/15/2020,People Tested at CDPHE State Lab,2836,04/11/2021,1807
Colorado,5763976,Daily COVID-19 PCR Test Data From Clinical Laboratories,07/15/2020,People Tested at Non-CDPHE (Commerical) Labs,8222,04/11/2021,1808
Colorado,5763976,Daily COVID-19 PCR Test Data From Clinical Laboratories,07/15/2020,Cumulative People Tested at CDPHE State Lab,137312,04/11/2021,1809
Colorado,5763976,Daily COVID-19 PCR Test Data From Clinical Laboratories,07/15/2020,Cumulative People Tested at Non-CDPHE (Commerical) Labs,395316,04/11/2021,1810
Colorado,5763976,Daily COVID-19 PCR Test Data From Clinical Laboratories,07/15/2020,7-Day Average Percent Positivity,0.054,04/11/2021,1811
Colorado,5763976,Daily COVID-19 PCR Test Data From Clinical Laboratories,07/15/2020,3-Day Average Percent Positivity,0.053,04/11/2021,1812
Colorado,5763976,Daily COVID-19 Antibody Test Data From Clinical Laboratories,07/15/2020,Antibody Tests Performed,1655,04/11/2021,1813
Colorado,5763976,Daily COVID-19 Antibody Test Data From Clinical Laboratories,07/15/2020,Number of negative tests,1524,04/11/2021,1814
Colorado,5763976,Daily COVID-19 Antibody Test Data From Clinical Laboratories,07/15/2020,Number of positive tests,131,04/11/2021,1815
Colorado,5763976,Daily COVID-19 Antibody Test Data From Clinical Laboratories,07/15/2020,Total Tests per 100K People,28.713,04/11/2021,1816
Colorado,5763976,Daily COVID-19 Antibody Test Data From Clinical Laboratories,07/15/2020,Percent Positivity,0.079,04/11/2021,1817
Colorado,5763976,Daily COVID-19 Antibody Test Data From Clinical Laboratories,07/15/2020,7-Day Average Percent Positivity,0.054,04/11/2021,1818
Colorado,5763976,Daily COVID-19 Antibody Test Data From Clinical Laboratories,07/15/2020,3-Day Average Percent Positivity,0.067,04/11/2021,1819
Colorado,5763976,Daily COVID-19 Antibody Test Data From Clinical Laboratories,07/15/2020,Cumulative Antibody Tests Performed,122334,04/11/2021,1820
Colorado,5763976,Daily COVID-19 PCR Test Data From Clinical Laboratories,07/16/2020,Percent Positivity,0.065,04/11/2021,1821
Colorado,5763976,Daily COVID-19 PCR Test Data From Clinical Laboratories,07/16/2020,People Tested at CDPHE State Lab,2761,04/11/2021,1822
Colorado,5763976,Daily COVID-19 PCR Test Data From Clinical Laboratories,07/16/2020,People Tested at Non-CDPHE (Commerical) Labs,6311,04/11/2021,1823
Colorado,5763976,Daily COVID-19 PCR Test Data From Clinical Laboratories,07/16/2020,Cumulative People Tested at CDPHE State Lab,140073,04/11/2021,1824
Colorado,5763976,Daily COVID-19 PCR Test Data From Clinical Laboratories,07/16/2020,Cumulative People Tested at Non-CDPHE (Commerical) Labs,401627,04/11/2021,1825
Colorado,5763976,Daily COVID-19 PCR Test Data From Clinical Laboratories,07/16/2020,7-Day Average Percent Positivity,0.056,04/11/2021,1826
Colorado,5763976,Daily COVID-19 PCR Test Data From Clinical Laboratories,07/16/2020,3-Day Average Percent Positivity,0.056,04/11/2021,1827
Colorado,5763976,Daily COVID-19 Antibody Test Data From Clinical Laboratories,07/16/2020,Antibody Tests Performed,1387,04/11/2021,1828
Colorado,5763976,Daily COVID-19 Antibody Test Data From Clinical Laboratories,07/16/2020,Number of negative tests,1312,04/11/2021,1829
Colorado,5763976,Daily COVID-19 Antibody Test Data From Clinical Laboratories,07/16/2020,Number of positive tests,75,04/11/2021,1830
Colorado,5763976,Daily COVID-19 Antibody Test Data From Clinical Laboratories,07/16/2020,Total Tests per 100K People,24.063,04/11/2021,1831
Colorado,5763976,Daily COVID-19 Antibody Test Data From Clinical Laboratories,07/16/2020,Percent Positivity,0.054,04/11/2021,1832
Colorado,5763976,Daily COVID-19 Antibody Test Data From Clinical Laboratories,07/16/2020,7-Day Average Percent Positivity,0.056,04/11/2021,1833
Colorado,5763976,Daily COVID-19 Antibody Test Data From Clinical Laboratories,07/16/2020,3-Day Average Percent Positivity,0.064,04/11/2021,1834
Colorado,5763976,Daily COVID-19 Antibody Test Data From Clinical Laboratories,07/16/2020,Cumulative Antibody Tests Performed,123721,04/11/2021,1835
Colorado,5763976,Daily COVID-19 PCR Test Data From Clinical Laboratories,07/17/2020,Percent Positivity,0.064,04/11/2021,1836
Colorado,5763976,Daily COVID-19 PCR Test Data From Clinical Laboratories,07/17/2020,People Tested at CDPHE State Lab,3491,04/11/2021,1837
Colorado,5763976,Daily COVID-19 PCR Test Data From Clinical Laboratories,07/17/2020,People Tested at Non-CDPHE (Commerical) Labs,5675,04/11/2021,1838
Colorado,5763976,Daily COVID-19 PCR Test Data From Clinical Laboratories,07/17/2020,Cumulative People Tested at CDPHE State Lab,143564,04/11/2021,1839
Colorado,5763976,Daily COVID-19 PCR Test Data From Clinical Laboratories,07/17/2020,Cumulative People Tested at Non-CDPHE (Commerical) Labs,407302,04/11/2021,1840
Colorado,5763976,Daily COVID-19 PCR Test Data From Clinical Laboratories,07/17/2020,7-Day Average Percent Positivity,0.055,04/11/2021,1841
Colorado,5763976,Daily COVID-19 PCR Test Data From Clinical Laboratories,07/17/2020,3-Day Average Percent Positivity,0.061,04/11/2021,1842
Colorado,5763976,Daily COVID-19 Antibody Test Data From Clinical Laboratories,07/17/2020,Antibody Tests Performed,1638,04/11/2021,1843
Colorado,5763976,Daily COVID-19 Antibody Test Data From Clinical Laboratories,07/17/2020,Number of negative tests,1188,04/11/2021,1844
Colorado,5763976,Daily COVID-19 Antibody Test Data From Clinical Laboratories,07/17/2020,Number of positive tests,450,04/11/2021,1845
Colorado,5763976,Daily COVID-19 Antibody Test Data From Clinical Laboratories,07/17/2020,Total Tests per 100K People,28.418,04/11/2021,1846
Colorado,5763976,Daily COVID-19 Antibody Test Data From Clinical Laboratories,07/17/2020,Percent Positivity,0.275,04/11/2021,1847
Colorado,5763976,Daily COVID-19 Antibody Test Data From Clinical Laboratories,07/17/2020,7-Day Average Percent Positivity,0.104,04/11/2021,1848
Colorado,5763976,Daily COVID-19 Antibody Test Data From Clinical Laboratories,07/17/2020,3-Day Average Percent Positivity,0.14,04/11/2021,1849
Colorado,5763976,Daily COVID-19 Antibody Test Data From Clinical Laboratories,07/17/2020,Cumulative Antibody Tests Performed,125359,04/11/2021,1850
Colorado,5763976,Daily COVID-19 PCR Test Data From Clinical Laboratories,07/18/2020,Percent Positivity,0.051,04/11/2021,1851
Colorado,5763976,Daily COVID-19 PCR Test Data From Clinical Laboratories,07/18/2020,People Tested at CDPHE State Lab,3339,04/11/2021,1852
Colorado,5763976,Daily COVID-19 PCR Test Data From Clinical Laboratories,07/18/2020,People Tested at Non-CDPHE (Commerical) Labs,5975,04/11/2021,1853
Colorado,5763976,Daily COVID-19 Antibody Test Data From Clinical Laboratories,06/29/2020,7-Day Average Percent Positivity,0.046,04/11/2021,1854
Colorado,5763976,Daily COVID-19 PCR Test Data From Clinical Laboratories,07/18/2020,3-Day Average Percent Positivity,0.06,04/11/2021,1855
Colorado,5763976,Daily COVID-19 Antibody Test Data From Clinical Laboratories,06/29/2020,3-Day Average Percent Positivity,0.043,04/11/2021,1856
Colorado,5763976,Daily COVID-19 Antibody Test Data From Clinical Laboratories,06/29/2020,Cumulative Antibody Tests Performed,105438,04/11/2021,1857
Colorado,5763976,Daily COVID-19 PCR Test Data From Clinical Laboratories,06/30/2020,Percent Positivity,0.043,04/11/2021,1858
Colorado,5763976,Daily COVID-19 PCR Test Data From Clinical Laboratories,06/30/2020,People Tested at CDPHE State Lab,1269,04/11/2021,1859
Colorado,5763976,Daily COVID-19 PCR Test Data From Clinical Laboratories,06/30/2020,People Tested at Non-CDPHE (Commerical) Labs,5815,04/11/2021,1860
Colorado,5763976,Daily COVID-19 PCR Test Data From Clinical Laboratories,06/30/2020,Cumulative People Tested at CDPHE State Lab,101757,04/11/2021,1861
Colorado,5763976,Daily COVID-19 PCR Test Data From Clinical Laboratories,06/30/2020,Cumulative People Tested at Non-CDPHE (Commerical) Labs,305133,04/11/2021,1862
Colorado,5763976,Daily COVID-19 PCR Test Data From Clinical Laboratories,06/30/2020,7-Day Average Percent Positivity,0.037,04/11/2021,1863
Colorado,5763976,Daily COVID-19 PCR Test Data From Clinical Laboratories,06/30/2020,3-Day Average Percent Positivity,0.038,04/11/2021,1864
Colorado,5763976,Daily COVID-19 Antibody Test Data From Clinical Laboratories,06/30/2020,Antibody Tests Performed,818,04/11/2021,1865
Colorado,5763976,Daily COVID-19 Antibody Test Data From Clinical Laboratories,06/30/2020,Number of negative tests,777,04/11/2021,1866
Colorado,5763976,Daily COVID-19 Antibody Test Data From Clinical Laboratories,06/30/2020,Number of positive tests,41,04/11/2021,1867
Colorado,5763976,Daily COVID-19 Antibody Test Data From Clinical Laboratories,06/30/2020,Total Tests per 100K People,14.192,04/11/2021,1868
Colorado,5763976,Daily COVID-19 Antibody Test Data From Clinical Laboratories,06/30/2020,Percent Positivity,0.05,04/11/2021,1869
Colorado,5763976,Daily COVID-19 Antibody Test Data From Clinical Laboratories,06/30/2020,7-Day Average Percent Positivity,0.045,04/11/2021,1870
Colorado,5763976,Daily COVID-19 Antibody Test Data From Clinical Laboratories,06/30/2020,3-Day Average Percent Positivity,0.045,04/11/2021,1871
Colorado,5763976,Daily COVID-19 Antibody Test Data From Clinical Laboratories,06/30/2020,Cumulative Antibody Tests Performed,106256,04/11/2021,1872
Colorado,5763976,Daily COVID-19 PCR Test Data From Clinical Laboratories,07/01/2020,Percent Positivity,0.039,04/11/2021,1873
Colorado,5763976,Daily COVID-19 PCR Test Data From Clinical Laboratories,07/01/2020,People Tested at CDPHE State Lab,1019,04/11/2021,1874
Colorado,5763976,Daily COVID-19 PCR Test Data From Clinical Laboratories,07/01/2020,People Tested at Non-CDPHE (Commerical) Labs,7765,04/11/2021,1875
Colorado,5763976,Daily COVID-19 PCR Test Data From Clinical Laboratories,07/01/2020,Cumulative People Tested at CDPHE State Lab,102776,04/11/2021,1876
Colorado,5763976,Daily COVID-19 PCR Test Data From Clinical Laboratories,07/01/2020,Cumulative People Tested at Non-CDPHE (Commerical) Labs,312898,04/11/2021,1877
Colorado,5763976,Daily COVID-19 PCR Test Data From Clinical Laboratories,07/01/2020,7-Day Average Percent Positivity,0.038,04/11/2021,1878
Colorado,5763976,Daily COVID-19 PCR Test Data From Clinical Laboratories,07/01/2020,3-Day Average Percent Positivity,0.039,04/11/2021,1879
Colorado,5763976,Daily COVID-19 Antibody Test Data From Clinical Laboratories,07/01/2020,Antibody Tests Performed,1462,04/11/2021,1880
Colorado,5763976,Daily COVID-19 Antibody Test Data From Clinical Laboratories,07/01/2020,Number of negative tests,1391,04/11/2021,1881
Colorado,5763976,Daily COVID-19 Antibody Test Data From Clinical Laboratories,07/01/2020,Number of positive tests,71,04/11/2021,1882
Colorado,5763976,Daily COVID-19 Antibody Test Data From Clinical Laboratories,07/01/2020,Total Tests per 100K People,25.364,04/11/2021,1883
Colorado,5763976,Daily COVID-19 Antibody Test Data From Clinical Laboratories,07/01/2020,Percent Positivity,0.049,04/11/2021,1884
Colorado,5763976,Daily COVID-19 Antibody Test Data From Clinical Laboratories,07/01/2020,7-Day Average Percent Positivity,0.045,04/11/2021,1885
Colorado,5763976,Daily COVID-19 Antibody Test Data From Clinical Laboratories,07/01/2020,3-Day Average Percent Positivity,0.051,04/11/2021,1886
Colorado,5763976,Daily COVID-19 Antibody Test Data From Clinical Laboratories,07/01/2020,Cumulative Antibody Tests Performed,107718,04/11/2021,1887
Colorado,5763976,Daily COVID-19 PCR Test Data From Clinical Laboratories,07/02/2020,Percent Positivity,0.04,04/11/2021,1888
Colorado,5763976,Daily COVID-19 PCR Test Data From Clinical Laboratories,07/02/2020,People Tested at CDPHE State Lab,2828,04/11/2021,1889
Colorado,5763976,Daily COVID-19 PCR Test Data From Clinical Laboratories,07/02/2020,People Tested at Non-CDPHE (Commerical) Labs,5153,04/11/2021,1890
Colorado,5763976,Daily COVID-19 PCR Test Data From Clinical Laboratories,07/02/2020,Cumulative People Tested at CDPHE State Lab,105604,04/11/2021,1891
Colorado,5763976,Daily COVID-19 PCR Test Data From Clinical Laboratories,07/02/2020,Cumulative People Tested at Non-CDPHE (Commerical) Labs,318051,04/11/2021,1892
Colorado,5763976,Daily COVID-19 PCR Test Data From Clinical Laboratories,07/02/2020,7-Day Average Percent Positivity,0.038,04/11/2021,1893
Colorado,5763976,Daily COVID-19 PCR Test Data From Clinical Laboratories,07/02/2020,3-Day Average Percent Positivity,0.04,04/11/2021,1894
Colorado,5763976,Daily COVID-19 Antibody Test Data From Clinical Laboratories,07/02/2020,Antibody Tests Performed,1711,04/11/2021,1895
Colorado,5763976,Daily COVID-19 Antibody Test Data From Clinical Laboratories,07/02/2020,Number of negative tests,1633,04/11/2021,1896
Colorado,5763976,Daily COVID-19 Antibody Test Data From Clinical Laboratories,07/02/2020,Number of positive tests,78,04/11/2021,1897
Colorado,5763976,Daily COVID-19 Antibody Test Data From Clinical Laboratories,07/02/2020,Total Tests per 100K People,29.684,04/11/2021,1898
Colorado,5763976,Daily COVID-19 Antibody Test Data From Clinical Laboratories,07/02/2020,Percent Positivity,0.046,04/11/2021,1899
Colorado,5763976,Daily COVID-19 Antibody Test Data From Clinical Laboratories,07/02/2020,7-Day Average Percent Positivity,0.045,04/11/2021,1900
Colorado,5763976,Daily COVID-19 Antibody Test Data From Clinical Laboratories,07/02/2020,3-Day Average Percent Positivity,0.048,04/11/2021,1901
Colorado,5763976,Daily COVID-19 Antibody Test Data From Clinical Laboratories,07/02/2020,Cumulative Antibody Tests Performed,109429,04/11/2021,1902
Colorado,5763976,Daily COVID-19 PCR Test Data From Clinical Laboratories,07/03/2020,Percent Positivity,0.047,04/11/2021,1903
Colorado,5763976,Daily COVID-19 PCR Test Data From Clinical Laboratories,07/03/2020,People Tested at CDPHE State Lab,2439,04/11/2021,1904
Colorado,5763976,Daily COVID-19 Antibody Test Data From Clinical Laboratories,07/18/2020,Antibody Tests Performed,827,04/11/2021,1905
Colorado,5763976,Daily COVID-19 PCR Test Data From Clinical Laboratories,07/09/2020,Percent Positivity,0.054,04/11/2021,1906
Colorado,5763976,Daily COVID-19 PCR Test Data From Clinical Laboratories,07/09/2020,People Tested at CDPHE State Lab,1600,04/11/2021,1907
Colorado,5763976,Daily COVID-19 PCR Test Data From Clinical Laboratories,07/09/2020,People Tested at Non-CDPHE (Commerical) Labs,9842,04/11/2021,1908
Colorado,5763976,Daily COVID-19 PCR Test Data From Clinical Laboratories,07/09/2020,Cumulative People Tested at CDPHE State Lab,120298,04/11/2021,1909
Colorado,5763976,Daily COVID-19 PCR Test Data From Clinical Laboratories,07/09/2020,Cumulative People Tested at Non-CDPHE (Commerical) Labs,358187,04/11/2021,1910
Colorado,5763976,Daily COVID-19 PCR Test Data From Clinical Laboratories,07/09/2020,7-Day Average Percent Positivity,0.046,04/11/2021,1911
Colorado,5763976,Daily COVID-19 PCR Test Data From Clinical Laboratories,07/09/2020,3-Day Average Percent Positivity,0.05,04/11/2021,1912
Colorado,5763976,Daily COVID-19 Antibody Test Data From Clinical Laboratories,07/09/2020,Antibody Tests Performed,1530,04/11/2021,1913
Colorado,5763976,Daily COVID-19 Antibody Test Data From Clinical Laboratories,07/09/2020,Number of negative tests,1462,04/11/2021,1914
Colorado,5763976,Daily COVID-19 Antibody Test Data From Clinical Laboratories,07/09/2020,Number of positive tests,68,04/11/2021,1915
Colorado,5763976,Daily COVID-19 Antibody Test Data From Clinical Laboratories,07/09/2020,Total Tests per 100K People,26.544,04/11/2021,1916
Colorado,5763976,Daily COVID-19 Antibody Test Data From Clinical Laboratories,07/09/2020,Percent Positivity,0.044,04/11/2021,1917
Colorado,5763976,Daily COVID-19 Antibody Test Data From Clinical Laboratories,07/09/2020,7-Day Average Percent Positivity,0.046,04/11/2021,1918
Colorado,5763976,Daily COVID-19 Antibody Test Data From Clinical Laboratories,07/09/2020,3-Day Average Percent Positivity,0.051,04/11/2021,1919
Colorado,5763976,Daily COVID-19 Antibody Test Data From Clinical Laboratories,07/09/2020,Cumulative Antibody Tests Performed,116249,04/11/2021,1920
Colorado,5763976,Daily COVID-19 PCR Test Data From Clinical Laboratories,07/10/2020,Percent Positivity,0.065,04/11/2021,1921
Colorado,5763976,Daily COVID-19 PCR Test Data From Clinical Laboratories,07/10/2020,People Tested at CDPHE State Lab,2887,04/11/2021,1922
Colorado,5763976,Daily COVID-19 PCR Test Data From Clinical Laboratories,07/10/2020,People Tested at Non-CDPHE (Commerical) Labs,6389,04/11/2021,1923
Colorado,5763976,Daily COVID-19 PCR Test Data From Clinical Laboratories,07/10/2020,Cumulative People Tested at CDPHE State Lab,123185,04/11/2021,1924
Colorado,5763976,Daily COVID-19 PCR Test Data From Clinical Laboratories,07/10/2020,Cumulative People Tested at Non-CDPHE (Commerical) Labs,364576,04/11/2021,1925
Colorado,5763976,Daily COVID-19 PCR Test Data From Clinical Laboratories,07/10/2020,7-Day Average Percent Positivity,0.05,04/11/2021,1926
Colorado,5763976,Daily COVID-19 PCR Test Data From Clinical Laboratories,07/10/2020,3-Day Average Percent Positivity,0.054,04/11/2021,1927
Colorado,5763976,Daily COVID-19 Antibody Test Data From Clinical Laboratories,07/10/2020,Antibody Tests Performed,1127,04/11/2021,1928
Colorado,5763976,Daily COVID-19 Antibody Test Data From Clinical Laboratories,07/10/2020,Number of negative tests,1090,04/11/2021,1929
Colorado,5763976,Daily COVID-19 Antibody Test Data From Clinical Laboratories,07/10/2020,Number of positive tests,37,04/11/2021,1930
Colorado,5763976,Daily COVID-19 Antibody Test Data From Clinical Laboratories,07/10/2020,Total Tests per 100K People,19.552,04/11/2021,1931
Colorado,5763976,Daily COVID-19 Antibody Test Data From Clinical Laboratories,07/10/2020,Percent Positivity,0.033,04/11/2021,1932
Colorado,5763976,Daily COVID-19 Antibody Test Data From Clinical Laboratories,07/10/2020,7-Day Average Percent Positivity,0.046,04/11/2021,1933
Colorado,5763976,Daily COVID-19 Antibody Test Data From Clinical Laboratories,07/10/2020,3-Day Average Percent Positivity,0.04,04/11/2021,1934
Colorado,5763976,Daily COVID-19 Antibody Test Data From Clinical Laboratories,07/10/2020,Cumulative Antibody Tests Performed,117376,04/11/2021,1935
Colorado,5763976,Daily COVID-19 PCR Test Data From Clinical Laboratories,07/11/2020,Percent Positivity,0.049,04/11/2021,1936
Colorado,5763976,Daily COVID-19 PCR Test Data From Clinical Laboratories,07/11/2020,People Tested at CDPHE State Lab,3340,04/11/2021,1937
Colorado,5763976,Daily COVID-19 PCR Test Data From Clinical Laboratories,07/11/2020,People Tested at Non-CDPHE (Commerical) Labs,6100,04/11/2021,1938
Colorado,5763976,Daily COVID-19 PCR Test Data From Clinical Laboratories,07/11/2020,Cumulative People Tested at CDPHE State Lab,126525,04/11/2021,1939
Colorado,5763976,Daily COVID-19 PCR Test Data From Clinical Laboratories,07/11/2020,Cumulative People Tested at Non-CDPHE (Commerical) Labs,370676,04/11/2021,1940
Colorado,5763976,Daily COVID-19 PCR Test Data From Clinical Laboratories,07/11/2020,7-Day Average Percent Positivity,0.051,04/11/2021,1941
Colorado,5763976,Daily COVID-19 PCR Test Data From Clinical Laboratories,07/11/2020,3-Day Average Percent Positivity,0.056,04/11/2021,1942
Colorado,5763976,Daily COVID-19 Antibody Test Data From Clinical Laboratories,07/11/2020,Antibody Tests Performed,730,04/11/2021,1943
Colorado,5763976,Daily COVID-19 Antibody Test Data From Clinical Laboratories,07/11/2020,Number of negative tests,691,04/11/2021,1944
Colorado,5763976,Daily COVID-19 Antibody Test Data From Clinical Laboratories,07/11/2020,Number of positive tests,39,04/11/2021,1945
Colorado,5763976,Daily COVID-19 Antibody Test Data From Clinical Laboratories,07/11/2020,Total Tests per 100K People,12.665,04/11/2021,1946
Colorado,5763976,Daily COVID-19 Antibody Test Data From Clinical Laboratories,07/11/2020,Percent Positivity,0.053,04/11/2021,1947
Colorado,5763976,Daily COVID-19 Antibody Test Data From Clinical Laboratories,07/11/2020,7-Day Average Percent Positivity,0.049,04/11/2021,1948
Colorado,5763976,Daily COVID-19 Antibody Test Data From Clinical Laboratories,07/11/2020,3-Day Average Percent Positivity,0.043,04/11/2021,1949
Colorado,5763976,Daily COVID-19 Antibody Test Data From Clinical Laboratories,07/11/2020,Cumulative Antibody Tests Performed,118106,04/11/2021,1950
Colorado,5763976,Daily COVID-19 PCR Test Data From Clinical Laboratories,07/12/2020,Percent Positivity,0.05,04/11/2021,1951
Colorado,5763976,Daily COVID-19 PCR Test Data From Clinical Laboratories,07/12/2020,People Tested at CDPHE State Lab,3142,04/11/2021,1952
Colorado,5763976,Daily COVID-19 PCR Test Data From Clinical Laboratories,07/12/2020,People Tested at Non-CDPHE (Commerical) Labs,5064,04/11/2021,1953
Colorado,5763976,Daily COVID-19 PCR Test Data From Clinical Laboratories,07/12/2020,Cumulative People Tested at CDPHE State Lab,129667,04/11/2021,1954
Colorado,5763976,Daily COVID-19 PCR Test Data From Clinical Laboratories,07/12/2020,Cumulative People Tested at Non-CDPHE (Commerical) Labs,375740,04/11/2021,1955
Colorado,5763976,Daily COVID-19 Antibody Test Data From Clinical Laboratories,07/18/2020,Number of negative tests,772,04/11/2021,1956
Colorado,5763976,Daily COVID-19 Antibody Test Data From Clinical Laboratories,07/18/2020,Number of positive tests,55,04/11/2021,1957
Colorado,5763976,Daily COVID-19 Antibody Test Data From Clinical Laboratories,07/18/2020,Total Tests per 100K People,14.348,04/11/2021,1958
Colorado,5763976,Daily COVID-19 Antibody Test Data From Clinical Laboratories,07/18/2020,Percent Positivity,0.067,04/11/2021,1959
Colorado,5763976,Daily COVID-19 Antibody Test Data From Clinical Laboratories,07/18/2020,7-Day Average Percent Positivity,0.105,04/11/2021,1960
Colorado,5763976,Daily COVID-19 Antibody Test Data From Clinical Laboratories,07/18/2020,3-Day Average Percent Positivity,0.151,04/11/2021,1961
Colorado,5763976,Daily COVID-19 Antibody Test Data From Clinical Laboratories,07/18/2020,Cumulative Antibody Tests Performed,126186,04/11/2021,1962
Colorado,5763976,Daily COVID-19 PCR Test Data From Clinical Laboratories,07/19/2020,Percent Positivity,0.044,04/11/2021,1963
Colorado,5763976,Daily COVID-19 PCR Test Data From Clinical Laboratories,07/19/2020,People Tested at CDPHE State Lab,4107,04/11/2021,1964
Colorado,5763976,Daily COVID-19 PCR Test Data From Clinical Laboratories,07/19/2020,People Tested at Non-CDPHE (Commerical) Labs,8322,04/11/2021,1965
Colorado,5763976,Daily COVID-19 PCR Test Data From Clinical Laboratories,07/19/2020,Cumulative People Tested at CDPHE State Lab,151010,04/11/2021,1966
Colorado,5763976,Daily COVID-19 PCR Test Data From Clinical Laboratories,07/19/2020,Cumulative People Tested at Non-CDPHE (Commerical) Labs,421599,04/11/2021,1967
Colorado,5763976,Daily COVID-19 PCR Test Data From Clinical Laboratories,07/19/2020,7-Day Average Percent Positivity,0.054,04/11/2021,1968
Colorado,5763976,Daily COVID-19 PCR Test Data From Clinical Laboratories,07/19/2020,3-Day Average Percent Positivity,0.052,04/11/2021,1969
Colorado,5763976,Daily COVID-19 Antibody Test Data From Clinical Laboratories,07/19/2020,Antibody Tests Performed,732,04/11/2021,1970
Colorado,5763976,Daily COVID-19 Antibody Test Data From Clinical Laboratories,07/19/2020,Number of negative tests,691,04/11/2021,1971
Colorado,5763976,Daily COVID-19 Antibody Test Data From Clinical Laboratories,07/19/2020,Number of positive tests,41,04/11/2021,1972
Colorado,5763976,Daily COVID-19 Antibody Test Data From Clinical Laboratories,07/19/2020,Total Tests per 100K People,12.7,04/11/2021,1973
Colorado,5763976,Daily COVID-19 Antibody Test Data From Clinical Laboratories,07/19/2020,Percent Positivity,0.056,04/11/2021,1974
Colorado,5763976,Daily COVID-19 Antibody Test Data From Clinical Laboratories,07/19/2020,7-Day Average Percent Positivity,0.107,04/11/2021,1975
Colorado,5763976,Daily COVID-19 Antibody Test Data From Clinical Laboratories,07/19/2020,3-Day Average Percent Positivity,0.171,04/11/2021,1976
Colorado,5763976,Daily COVID-19 Antibody Test Data From Clinical Laboratories,07/19/2020,Cumulative Antibody Tests Performed,126918,04/11/2021,1977
Colorado,5763976,Weekly COVID-19 PCR Test Data From Clinical Laboratories,07/19/2020,People Tested at CDPHE State Lab,25016,04/11/2021,1978
Colorado,5763976,Weekly COVID-19 PCR Test Data From Clinical Laboratories,07/19/2020,People Tested at Non-CDPHE (Commerical) Labs,58203,04/11/2021,1979
Colorado,5763976,Weekly COVID-19 PCR Test Data From Clinical Laboratories,07/19/2020,Weekly Percent Positivity,0.051,04/11/2021,1980
Colorado,5763976,Weekly COVID-19 PCR Test Data From Clinical Laboratories,07/19/2020,Cumulative People Tested at CDPHE State Lab,171919,04/11/2021,1981
Colorado,5763976,Weekly COVID-19 PCR Test Data From Clinical Laboratories,07/19/2020,Cumulative People Tested at Non-CDPHE (Commerical) Labs,471480,04/11/2021,1982
Colorado,5763976,Weekly COVID-19 PCR Test Data From Clinical Laboratories,07/19/2020,Percent Change in Weekly Positivity,-0.07,04/11/2021,1983
Colorado,5763976,Weekly COVID-19 Antibody Test Data From Clinical Laboratories,07/19/2020,Antibody Tests Performed,6195,04/11/2021,1984
Colorado,5763976,Weekly COVID-19 Antibody Test Data From Clinical Laboratories,07/19/2020,Number of positive tests,384,04/11/2021,1985
Colorado,5763976,Weekly COVID-19 Antibody Test Data From Clinical Laboratories,07/19/2020,Number of negative tests,5811,04/11/2021,1986
Colorado,5763976,Weekly COVID-19 Antibody Test Data From Clinical Laboratories,07/19/2020,Weekly Percent Positivity,0.062,04/11/2021,1987
Colorado,5763976,Weekly COVID-19 Antibody Test Data From Clinical Laboratories,07/19/2020,Cumulative Antibody Tests Performed,132381,04/11/2021,1988
Colorado,5763976,Weekly COVID-19 Antibody Test Data From Clinical Laboratories,07/19/2020,Percent Change in Weekly Positivity,-0.41,04/11/2021,1989
Colorado,5763976,Daily COVID-19 PCR Test Data From Clinical Laboratories,07/20/2020,Percent Positivity,0.052,04/11/2021,1990
Colorado,5763976,Daily COVID-19 PCR Test Data From Clinical Laboratories,07/20/2020,People Tested at CDPHE State Lab,2268,04/11/2021,1991
Colorado,5763976,Daily COVID-19 PCR Test Data From Clinical Laboratories,07/20/2020,People Tested at Non-CDPHE (Commerical) Labs,6653,04/11/2021,1992
Colorado,5763976,Daily COVID-19 PCR Test Data From Clinical Laboratories,07/20/2020,Cumulative People Tested at CDPHE State Lab,153278,04/11/2021,1993
Colorado,5763976,Daily COVID-19 PCR Test Data From Clinical Laboratories,07/20/2020,Cumulative People Tested at Non-CDPHE (Commerical) Labs,428252,04/11/2021,1994
Colorado,5763976,Daily COVID-19 PCR Test Data From Clinical Laboratories,07/20/2020,7-Day Average Percent Positivity,0.054,04/11/2021,1995
Colorado,5763976,Daily COVID-19 PCR Test Data From Clinical Laboratories,07/20/2020,3-Day Average Percent Positivity,0.048,04/11/2021,1996
Colorado,5763976,Daily COVID-19 Antibody Test Data From Clinical Laboratories,07/20/2020,Antibody Tests Performed,509,04/11/2021,1997
Colorado,5763976,Daily COVID-19 Antibody Test Data From Clinical Laboratories,07/20/2020,Number of negative tests,470,04/11/2021,1998
Colorado,5763976,Daily COVID-19 Antibody Test Data From Clinical Laboratories,07/20/2020,Number of positive tests,39,04/11/2021,1999
Colorado,5763976,Daily COVID-19 Antibody Test Data From Clinical Laboratories,07/20/2020,Total Tests per 100K People,8.831,04/11/2021,2000
Colorado,5763976,Daily COVID-19 PCR Test Data From Clinical Laboratories,08/14/2020,Percent Positivity,0.032,04/11/2021,2001
Colorado,5763976,Daily COVID-19 PCR Test Data From Clinical Laboratories,08/14/2020,People Tested at CDPHE State Lab,4200,04/11/2021,2002
Colorado,5763976,Daily COVID-19 PCR Test Data From Clinical Laboratories,08/14/2020,People Tested at Non-CDPHE (Commerical) Labs,6891,04/11/2021,2003
Colorado,5763976,Daily COVID-19 PCR Test Data From Clinical Laboratories,08/14/2020,Cumulative People Tested at CDPHE State Lab,244984,04/11/2021,2004
Colorado,5763976,Daily COVID-19 PCR Test Data From Clinical Laboratories,08/14/2020,Cumulative People Tested at Non-CDPHE (Commerical) Labs,612411,04/11/2021,2005
Colorado,5763976,Daily COVID-19 PCR Test Data From Clinical Laboratories,08/14/2020,7-Day Average Percent Positivity,0.034,04/11/2021,2006
Colorado,5763976,Daily COVID-19 PCR Test Data From Clinical Laboratories,08/14/2020,3-Day Average Percent Positivity,0.032,04/11/2021,2007
Colorado,5763976,Daily COVID-19 Antibody Test Data From Clinical Laboratories,08/14/2020,Antibody Tests Performed,438,04/11/2021,2008
Colorado,5763976,Daily COVID-19 Antibody Test Data From Clinical Laboratories,08/14/2020,Number of negative tests,405,04/11/2021,2009
Colorado,5763976,Daily COVID-19 Antibody Test Data From Clinical Laboratories,08/14/2020,Number of positive tests,33,04/11/2021,2010
Colorado,5763976,Daily COVID-19 Antibody Test Data From Clinical Laboratories,08/14/2020,Total Tests per 100K People,7.599,04/11/2021,2011
Colorado,5763976,Daily COVID-19 Antibody Test Data From Clinical Laboratories,08/14/2020,Percent Positivity,0.075,04/11/2021,2012
Colorado,5763976,Daily COVID-19 Antibody Test Data From Clinical Laboratories,07/29/2020,Cumulative Antibody Tests Performed,135371,04/11/2021,2013
Colorado,5763976,Daily COVID-19 Antibody Test Data From Clinical Laboratories,08/14/2020,7-Day Average Percent Positivity,0.073,04/11/2021,2014
Colorado,5763976,Daily COVID-19 Antibody Test Data From Clinical Laboratories,08/14/2020,3-Day Average Percent Positivity,0.08,04/11/2021,2015
Colorado,5763976,Daily COVID-19 Antibody Test Data From Clinical Laboratories,08/14/2020,Cumulative Antibody Tests Performed,147155,04/11/2021,2016
Colorado,5763976,Daily COVID-19 PCR Test Data From Clinical Laboratories,08/15/2020,Percent Positivity,0.032,04/11/2021,2017
Colorado,5763976,Daily COVID-19 PCR Test Data From Clinical Laboratories,08/15/2020,People Tested at CDPHE State Lab,3638,04/11/2021,2018
Colorado,5763976,Daily COVID-19 PCR Test Data From Clinical Laboratories,08/15/2020,People Tested at Non-CDPHE (Commerical) Labs,9752,04/11/2021,2019
Colorado,5763976,Daily COVID-19 PCR Test Data From Clinical Laboratories,08/15/2020,Cumulative People Tested at CDPHE State Lab,248622,04/11/2021,2020
Colorado,5763976,Daily COVID-19 PCR Test Data From Clinical Laboratories,08/15/2020,Cumulative People Tested at Non-CDPHE (Commerical) Labs,622163,04/11/2021,2021
Colorado,5763976,Daily COVID-19 PCR Test Data From Clinical Laboratories,08/15/2020,7-Day Average Percent Positivity,0.034,04/11/2021,2022
Colorado,5763976,Daily COVID-19 PCR Test Data From Clinical Laboratories,08/15/2020,3-Day Average Percent Positivity,0.032,04/11/2021,2023
Colorado,5763976,Daily COVID-19 Antibody Test Data From Clinical Laboratories,08/15/2020,Antibody Tests Performed,1006,04/11/2021,2024
Colorado,5763976,Daily COVID-19 Antibody Test Data From Clinical Laboratories,08/15/2020,Number of negative tests,924,04/11/2021,2025
Colorado,5763976,Daily COVID-19 Antibody Test Data From Clinical Laboratories,08/15/2020,Number of positive tests,82,04/11/2021,2026
Colorado,5763976,Daily COVID-19 Antibody Test Data From Clinical Laboratories,08/15/2020,Total Tests per 100K People,17.453,04/11/2021,2027
Colorado,5763976,Daily COVID-19 Antibody Test Data From Clinical Laboratories,08/15/2020,Percent Positivity,0.082,04/11/2021,2028
Colorado,5763976,Daily COVID-19 Antibody Test Data From Clinical Laboratories,08/15/2020,7-Day Average Percent Positivity,0.076,04/11/2021,2029
Colorado,5763976,Daily COVID-19 Antibody Test Data From Clinical Laboratories,08/15/2020,3-Day Average Percent Positivity,0.086,04/11/2021,2030
Colorado,5763976,Daily COVID-19 Antibody Test Data From Clinical Laboratories,08/15/2020,Cumulative Antibody Tests Performed,148161,04/11/2021,2031
Colorado,5763976,Daily COVID-19 PCR Test Data From Clinical Laboratories,08/16/2020,Percent Positivity,0.026,04/11/2021,2032
Colorado,5763976,Daily COVID-19 PCR Test Data From Clinical Laboratories,08/16/2020,People Tested at CDPHE State Lab,2748,04/11/2021,2033
Colorado,5763976,Daily COVID-19 PCR Test Data From Clinical Laboratories,08/16/2020,People Tested at Non-CDPHE (Commerical) Labs,5547,04/11/2021,2034
Colorado,5763976,Daily COVID-19 PCR Test Data From Clinical Laboratories,08/16/2020,Cumulative People Tested at CDPHE State Lab,251370,04/11/2021,2035
Colorado,5763976,Daily COVID-19 PCR Test Data From Clinical Laboratories,08/16/2020,Cumulative People Tested at Non-CDPHE (Commerical) Labs,627710,04/11/2021,2036
Colorado,5763976,Daily COVID-19 PCR Test Data From Clinical Laboratories,08/16/2020,7-Day Average Percent Positivity,0.032,04/11/2021,2037
Colorado,5763976,Daily COVID-19 PCR Test Data From Clinical Laboratories,08/16/2020,3-Day Average Percent Positivity,0.03,04/11/2021,2038
Colorado,5763976,Daily COVID-19 Antibody Test Data From Clinical Laboratories,08/16/2020,Antibody Tests Performed,509,04/11/2021,2039
Colorado,5763976,Daily COVID-19 Antibody Test Data From Clinical Laboratories,08/16/2020,Number of negative tests,464,04/11/2021,2040
Colorado,5763976,Daily COVID-19 Antibody Test Data From Clinical Laboratories,08/16/2020,Number of positive tests,45,04/11/2021,2041
Colorado,5763976,Weekly COVID-19 Antibody Test Data From Clinical Laboratories,07/26/2020,Antibody Tests Performed,5820,04/11/2021,2042
Colorado,5763976,Daily COVID-19 PCR Test Data From Clinical Laboratories,08/02/2020,Cumulative People Tested at Non-CDPHE (Commerical) Labs,526960,04/11/2021,2043
Colorado,5763976,Daily COVID-19 Antibody Test Data From Clinical Laboratories,08/10/2020,Total Tests per 100K People,8.918,04/11/2021,2044
Colorado,5763976,Daily COVID-19 Antibody Test Data From Clinical Laboratories,08/16/2020,Total Tests per 100K People,8.831,04/11/2021,2045
Colorado,5763976,Daily COVID-19 Antibody Test Data From Clinical Laboratories,08/16/2020,Percent Positivity,0.088,04/11/2021,2046
Colorado,5763976,Daily COVID-19 Antibody Test Data From Clinical Laboratories,08/16/2020,7-Day Average Percent Positivity,0.08,04/11/2021,2047
Colorado,5763976,Daily COVID-19 Antibody Test Data From Clinical Laboratories,08/16/2020,3-Day Average Percent Positivity,0.082,04/11/2021,2048
Colorado,5763976,Daily COVID-19 Antibody Test Data From Clinical Laboratories,08/16/2020,Cumulative Antibody Tests Performed,148670,04/11/2021,2049
Colorado,5763976,Weekly COVID-19 PCR Test Data From Clinical Laboratories,08/16/2020,People Tested at CDPHE State Lab,19216,04/11/2021,2050
Colorado,5763976,Weekly COVID-19 PCR Test Data From Clinical Laboratories,08/16/2020,People Tested at Non-CDPHE (Commerical) Labs,46798,04/11/2021,2051
Colorado,5763976,Weekly COVID-19 PCR Test Data From Clinical Laboratories,08/16/2020,Weekly Percent Positivity,0.031,04/11/2021,2052
Colorado,5763976,Weekly COVID-19 PCR Test Data From Clinical Laboratories,08/16/2020,Cumulative People Tested at CDPHE State Lab,267838,04/11/2021,2053
Colorado,5763976,Weekly COVID-19 PCR Test Data From Clinical Laboratories,08/16/2020,Cumulative People Tested at Non-CDPHE (Commerical) Labs,668961,04/11/2021,2054
Colorado,5763976,Daily COVID-19 Antibody Test Data From Clinical Laboratories,08/04/2020,7-Day Average Percent Positivity,0.078,04/11/2021,2055
Colorado,5763976,Daily COVID-19 PCR Test Data From Clinical Laboratories,07/24/2020,People Tested at CDPHE State Lab,5774,04/11/2021,2056
Colorado,5763976,Daily COVID-19 PCR Test Data From Clinical Laboratories,08/08/2020,People Tested at Non-CDPHE (Commerical) Labs,6591,04/11/2021,2057
Colorado,5763976,Daily COVID-19 Antibody Test Data From Clinical Laboratories,08/10/2020,Percent Positivity,0.07,04/11/2021,2058
Colorado,5763976,Daily COVID-19 Antibody Test Data From Clinical Laboratories,08/10/2020,7-Day Average Percent Positivity,0.075,04/11/2021,2059
Colorado,5763976,Daily COVID-19 Antibody Test Data From Clinical Laboratories,08/10/2020,3-Day Average Percent Positivity,0.063,04/11/2021,2060
Colorado,5763976,Daily COVID-19 Antibody Test Data From Clinical Laboratories,08/10/2020,Cumulative Antibody Tests Performed,144292,04/11/2021,2061
Colorado,5763976,Daily COVID-19 PCR Test Data From Clinical Laboratories,08/11/2020,Percent Positivity,0.035,04/11/2021,2062
Colorado,5763976,Daily COVID-19 PCR Test Data From Clinical Laboratories,08/11/2020,People Tested at CDPHE State Lab,1594,04/11/2021,2063
Colorado,5763976,Daily COVID-19 PCR Test Data From Clinical Laboratories,08/11/2020,People Tested at Non-CDPHE (Commerical) Labs,6046,04/11/2021,2064
Colorado,5763976,Daily COVID-19 PCR Test Data From Clinical Laboratories,08/11/2020,Cumulative People Tested at CDPHE State Lab,234833,04/11/2021,2065
Colorado,5763976,Daily COVID-19 PCR Test Data From Clinical Laboratories,08/11/2020,Cumulative People Tested at Non-CDPHE (Commerical) Labs,587710,04/11/2021,2066
Colorado,5763976,Weekly COVID-19 Antibody Test Data From Clinical Laboratories,07/26/2020,Number of positive tests,439,04/11/2021,2067
Colorado,5763976,Daily COVID-19 PCR Test Data From Clinical Laboratories,08/11/2020,7-Day Average Percent Positivity,0.035,04/11/2021,2068
Colorado,5763976,Daily COVID-19 PCR Test Data From Clinical Laboratories,07/30/2020,Percent Positivity,0.048,04/11/2021,2069
Colorado,5763976,Daily COVID-19 PCR Test Data From Clinical Laboratories,07/30/2020,People Tested at CDPHE State Lab,5122,04/11/2021,2070
Colorado,5763976,Daily COVID-19 PCR Test Data From Clinical Laboratories,07/30/2020,People Tested at Non-CDPHE (Commerical) Labs,7720,04/11/2021,2071
Colorado,5763976,Daily COVID-19 PCR Test Data From Clinical Laboratories,07/30/2020,Cumulative People Tested at CDPHE State Lab,193048,04/11/2021,2072
Colorado,5763976,Daily COVID-19 PCR Test Data From Clinical Laboratories,07/30/2020,Cumulative People Tested at Non-CDPHE (Commerical) Labs,506778,04/11/2021,2073
Colorado,5763976,Daily COVID-19 PCR Test Data From Clinical Laboratories,08/02/2020,7-Day Average Percent Positivity,0.046,04/11/2021,2074
Colorado,5763976,Daily COVID-19 PCR Test Data From Clinical Laboratories,07/30/2020,7-Day Average Percent Positivity,0.049,04/11/2021,2075
Colorado,5763976,Weekly COVID-19 Antibody Test Data From Clinical Laboratories,07/26/2020,Number of negative tests,5381,04/11/2021,2076
Colorado,5763976,Daily COVID-19 PCR Test Data From Clinical Laboratories,08/02/2020,3-Day Average Percent Positivity,0.045,04/11/2021,2077
Colorado,5763976,Daily COVID-19 PCR Test Data From Clinical Laboratories,07/30/2020,3-Day Average Percent Positivity,0.045,04/11/2021,2078
Colorado,5763976,Daily COVID-19 Antibody Test Data From Clinical Laboratories,08/04/2020,3-Day Average Percent Positivity,0.079,04/11/2021,2079
Colorado,5763976,Daily COVID-19 PCR Test Data From Clinical Laboratories,08/08/2020,Cumulative People Tested at CDPHE State Lab,228039,04/11/2021,2080
Colorado,5763976,Daily COVID-19 PCR Test Data From Clinical Laboratories,08/11/2020,3-Day Average Percent Positivity,0.036,04/11/2021,2081
Colorado,5763976,Daily COVID-19 PCR Test Data From Clinical Laboratories,07/24/2020,People Tested at Non-CDPHE (Commerical) Labs,10636,04/11/2021,2082
Colorado,5763976,Daily COVID-19 Antibody Test Data From Clinical Laboratories,08/11/2020,Antibody Tests Performed,777,04/11/2021,2083
Colorado,5763976,Daily COVID-19 PCR Test Data From Clinical Laboratories,07/24/2020,Cumulative People Tested at CDPHE State Lab,168562,04/11/2021,2084
Colorado,5763976,Daily COVID-19 Antibody Test Data From Clinical Laboratories,08/11/2020,Number of negative tests,717,04/11/2021,2085
Colorado,5763976,Daily COVID-19 Antibody Test Data From Clinical Laboratories,07/30/2020,Antibody Tests Performed,1052,04/11/2021,2086
Colorado,5763976,Daily COVID-19 PCR Test Data From Clinical Laboratories,07/24/2020,Cumulative People Tested at Non-CDPHE (Commerical) Labs,463539,04/11/2021,2087
Colorado,5763976,Daily COVID-19 PCR Test Data From Clinical Laboratories,08/08/2020,Cumulative People Tested at Non-CDPHE (Commerical) Labs,571157,04/11/2021,2088
Colorado,5763976,Daily COVID-19 Antibody Test Data From Clinical Laboratories,08/11/2020,Number of positive tests,60,04/11/2021,2089
Colorado,5763976,Weekly COVID-19 Antibody Test Data From Clinical Laboratories,07/26/2020,Weekly Percent Positivity,0.075,04/11/2021,2090
Colorado,5763976,Daily COVID-19 Antibody Test Data From Clinical Laboratories,08/04/2020,Cumulative Antibody Tests Performed,139931,04/11/2021,2091
Colorado,5763976,Daily COVID-19 Antibody Test Data From Clinical Laboratories,08/02/2020,Antibody Tests Performed,384,04/11/2021,2092
Colorado,5763976,Daily COVID-19 Antibody Test Data From Clinical Laboratories,07/30/2020,Number of negative tests,962,04/11/2021,2093
Colorado,5763976,Daily COVID-19 Antibody Test Data From Clinical Laboratories,07/30/2020,Number of positive tests,90,04/11/2021,2094
Colorado,5763976,Daily COVID-19 Antibody Test Data From Clinical Laboratories,07/30/2020,Total Tests per 100K People,18.251,04/11/2021,2095
Colorado,5763976,Daily COVID-19 Antibody Test Data From Clinical Laboratories,07/30/2020,Percent Positivity,0.086,04/11/2021,2096
Colorado,5763976,Daily COVID-19 Antibody Test Data From Clinical Laboratories,07/30/2020,7-Day Average Percent Positivity,0.066,04/11/2021,2097
Colorado,5763976,Daily COVID-19 Antibody Test Data From Clinical Laboratories,07/30/2020,3-Day Average Percent Positivity,0.077,04/11/2021,2098
Colorado,5763976,Daily COVID-19 Antibody Test Data From Clinical Laboratories,07/30/2020,Cumulative Antibody Tests Performed,136423,04/11/2021,2099
Colorado,5763976,Daily COVID-19 PCR Test Data From Clinical Laboratories,07/31/2020,Percent Positivity,0.044,04/11/2021,2100
Colorado,5763976,Daily COVID-19 PCR Test Data From Clinical Laboratories,07/31/2020,People Tested at CDPHE State Lab,4822,04/11/2021,2101
Colorado,5763976,Daily COVID-19 PCR Test Data From Clinical Laboratories,07/31/2020,People Tested at Non-CDPHE (Commerical) Labs,7867,04/11/2021,2102
Colorado,5763976,Weekly COVID-19 Antibody Test Data From Clinical Laboratories,07/26/2020,Cumulative Antibody Tests Performed,138201,04/11/2021,2103
Colorado,5763976,Daily COVID-19 PCR Test Data From Clinical Laboratories,07/31/2020,Cumulative People Tested at CDPHE State Lab,197870,04/11/2021,2104
Colorado,5763976,Daily COVID-19 Antibody Test Data From Clinical Laboratories,08/11/2020,Total Tests per 100K People,13.48,04/11/2021,2105
Colorado,5763976,Daily COVID-19 Antibody Test Data From Clinical Laboratories,08/02/2020,Number of negative tests,356,04/11/2021,2106
Colorado,5763976,Daily COVID-19 PCR Test Data From Clinical Laboratories,08/05/2020,Percent Positivity,0.033,04/11/2021,2107
Colorado,5763976,Daily COVID-19 PCR Test Data From Clinical Laboratories,08/08/2020,7-Day Average Percent Positivity,0.038,04/11/2021,2108
Colorado,5763976,Daily COVID-19 PCR Test Data From Clinical Laboratories,07/24/2020,7-Day Average Percent Positivity,0.051,04/11/2021,2109
Colorado,5763976,Daily COVID-19 PCR Test Data From Clinical Laboratories,07/24/2020,3-Day Average Percent Positivity,0.053,04/11/2021,2110
Colorado,5763976,Daily COVID-19 Antibody Test Data From Clinical Laboratories,07/24/2020,Antibody Tests Performed,1209,04/11/2021,2111
Colorado,5763976,Daily COVID-19 Antibody Test Data From Clinical Laboratories,07/24/2020,Number of negative tests,1156,04/11/2021,2112
Colorado,5763976,Daily COVID-19 Antibody Test Data From Clinical Laboratories,07/24/2020,Number of positive tests,53,04/11/2021,2113
Colorado,5763976,Daily COVID-19 Antibody Test Data From Clinical Laboratories,07/24/2020,Total Tests per 100K People,20.975,04/11/2021,2114
Colorado,5763976,Daily COVID-19 Antibody Test Data From Clinical Laboratories,07/24/2020,Percent Positivity,0.044,04/11/2021,2115
Colorado,5763976,Weekly COVID-19 Antibody Test Data From Clinical Laboratories,07/26/2020,Percent Change in Weekly Positivity,0.22,04/11/2021,2116
Colorado,5763976,Daily COVID-19 Antibody Test Data From Clinical Laboratories,07/24/2020,7-Day Average Percent Positivity,0.063,04/11/2021,2117
Colorado,5763976,Daily COVID-19 PCR Test Data From Clinical Laboratories,08/08/2020,3-Day Average Percent Positivity,0.035,04/11/2021,2118
Colorado,5763976,Daily COVID-19 PCR Test Data From Clinical Laboratories,08/05/2020,People Tested at CDPHE State Lab,5063,04/11/2021,2119
Colorado,5763976,Daily COVID-19 Antibody Test Data From Clinical Laboratories,08/02/2020,Number of positive tests,28,04/11/2021,2120
Colorado,5763976,Daily COVID-19 PCR Test Data From Clinical Laboratories,07/27/2020,Percent Positivity,0.05,04/11/2021,2121
Colorado,5763976,Daily COVID-19 Antibody Test Data From Clinical Laboratories,07/24/2020,3-Day Average Percent Positivity,0.059,04/11/2021,2122
Colorado,5763976,Daily COVID-19 Antibody Test Data From Clinical Laboratories,08/11/2020,Percent Positivity,0.077,04/11/2021,2123
Colorado,5763976,Daily COVID-19 PCR Test Data From Clinical Laboratories,07/31/2020,Cumulative People Tested at Non-CDPHE (Commerical) Labs,514645,04/11/2021,2124
Colorado,5763976,Daily COVID-19 Antibody Test Data From Clinical Laboratories,08/08/2020,Antibody Tests Performed,744,04/11/2021,2125
Colorado,5763976,Daily COVID-19 PCR Test Data From Clinical Laboratories,07/27/2020,People Tested at CDPHE State Lab,5583,04/11/2021,2126
Colorado,5763976,Daily COVID-19 Antibody Test Data From Clinical Laboratories,08/08/2020,Number of negative tests,693,04/11/2021,2127
Colorado,5763976,Daily COVID-19 Antibody Test Data From Clinical Laboratories,08/11/2020,7-Day Average Percent Positivity,0.075,04/11/2021,2128
Colorado,5763976,Daily COVID-19 PCR Test Data From Clinical Laboratories,07/31/2020,7-Day Average Percent Positivity,0.048,04/11/2021,2129
Colorado,5763976,Daily COVID-19 Antibody Test Data From Clinical Laboratories,07/24/2020,Cumulative Antibody Tests Performed,131656,04/11/2021,2130
Colorado,5763976,Daily COVID-19 Antibody Test Data From Clinical Laboratories,08/02/2020,Total Tests per 100K People,6.662,04/11/2021,2131
Colorado,5763976,Daily COVID-19 PCR Test Data From Clinical Laboratories,08/05/2020,People Tested at Non-CDPHE (Commerical) Labs,6717,04/11/2021,2132
Colorado,5763976,Daily COVID-19 PCR Test Data From Clinical Laboratories,07/27/2020,People Tested at Non-CDPHE (Commerical) Labs,11838,04/11/2021,2133
Colorado,5763976,Daily COVID-19 PCR Test Data From Clinical Laboratories,08/05/2020,Cumulative People Tested at CDPHE State Lab,215664,04/11/2021,2134
Colorado,5763976,Daily COVID-19 Antibody Test Data From Clinical Laboratories,08/02/2020,Percent Positivity,0.073,04/11/2021,2135
Colorado,5763976,Daily COVID-19 PCR Test Data From Clinical Laboratories,07/27/2020,Cumulative People Tested at CDPHE State Lab,177548,04/11/2021,2136
Colorado,5763976,Daily COVID-19 PCR Test Data From Clinical Laboratories,08/05/2020,Cumulative People Tested at Non-CDPHE (Commerical) Labs,548213,04/11/2021,2137
Colorado,5763976,Daily COVID-19 PCR Test Data From Clinical Laboratories,07/31/2020,3-Day Average Percent Positivity,0.046,04/11/2021,2138
Colorado,5763976,Daily COVID-19 Antibody Test Data From Clinical Laboratories,08/11/2020,3-Day Average Percent Positivity,0.067,04/11/2021,2139
Colorado,5763976,Daily COVID-19 Antibody Test Data From Clinical Laboratories,08/11/2020,Cumulative Antibody Tests Performed,145069,04/11/2021,2140
Colorado,5763976,Daily COVID-19 PCR Test Data From Clinical Laboratories,08/12/2020,Percent Positivity,0.033,04/11/2021,2141
Colorado,5763976,Daily COVID-19 PCR Test Data From Clinical Laboratories,08/12/2020,People Tested at CDPHE State Lab,3160,04/11/2021,2142
Colorado,5763976,Daily COVID-19 Antibody Test Data From Clinical Laboratories,08/02/2020,7-Day Average Percent Positivity,0.076,04/11/2021,2143
Colorado,5763976,Daily COVID-19 PCR Test Data From Clinical Laboratories,08/12/2020,People Tested at Non-CDPHE (Commerical) Labs,9033,04/11/2021,2144
Colorado,5763976,Daily COVID-19 PCR Test Data From Clinical Laboratories,07/25/2020,Percent Positivity,0.056,04/11/2021,2145
Colorado,5763976,Daily COVID-19 PCR Test Data From Clinical Laboratories,08/05/2020,7-Day Average Percent Positivity,0.043,04/11/2021,2146
Colorado,5763976,Daily COVID-19 Antibody Test Data From Clinical Laboratories,07/31/2020,Antibody Tests Performed,1061,04/11/2021,2147
Colorado,5763976,Daily COVID-19 Antibody Test Data From Clinical Laboratories,08/08/2020,Number of positive tests,51,04/11/2021,2148
Colorado,5763976,Daily COVID-19 PCR Test Data From Clinical Laboratories,07/27/2020,Cumulative People Tested at Non-CDPHE (Commerical) Labs,486676,04/11/2021,2149
Colorado,5763976,Daily COVID-19 Antibody Test Data From Clinical Laboratories,08/08/2020,Total Tests per 100K People,12.908,04/11/2021,2150
Colorado,5763976,Daily COVID-19 PCR Test Data From Clinical Laboratories,07/27/2020,7-Day Average Percent Positivity,0.052,04/11/2021,2151
Colorado,5763976,Daily COVID-19 Antibody Test Data From Clinical Laboratories,08/08/2020,Percent Positivity,0.069,04/11/2021,2152
Colorado,5763976,Daily COVID-19 PCR Test Data From Clinical Laboratories,08/05/2020,3-Day Average Percent Positivity,0.039,04/11/2021,2153
Colorado,5763976,Daily COVID-19 PCR Test Data From Clinical Laboratories,07/27/2020,3-Day Average Percent Positivity,0.053,04/11/2021,2154
Colorado,5763976,Daily COVID-19 Antibody Test Data From Clinical Laboratories,07/31/2020,Number of negative tests,975,04/11/2021,2155
Colorado,5763976,Daily COVID-19 PCR Test Data From Clinical Laboratories,08/12/2020,Cumulative People Tested at CDPHE State Lab,237993,04/11/2021,2156
Colorado,5763976,Daily COVID-19 Antibody Test Data From Clinical Laboratories,08/08/2020,7-Day Average Percent Positivity,0.079,04/11/2021,2157
Colorado,5763976,Daily COVID-19 Antibody Test Data From Clinical Laboratories,08/05/2020,Antibody Tests Performed,793,04/11/2021,2158
Colorado,5763976,Daily COVID-19 PCR Test Data From Clinical Laboratories,07/25/2020,People Tested at CDPHE State Lab,3357,04/11/2021,2159
Colorado,5763976,Daily COVID-19 Antibody Test Data From Clinical Laboratories,08/02/2020,3-Day Average Percent Positivity,0.076,04/11/2021,2160
Colorado,5763976,Daily COVID-19 Antibody Test Data From Clinical Laboratories,07/27/2020,Antibody Tests Performed,869,04/11/2021,2161
Colorado,5763976,Daily COVID-19 Antibody Test Data From Clinical Laboratories,07/31/2020,Number of positive tests,86,04/11/2021,2162
Colorado,5763976,Daily COVID-19 PCR Test Data From Clinical Laboratories,08/12/2020,Cumulative People Tested at Non-CDPHE (Commerical) Labs,596743,04/11/2021,2163
Colorado,5763976,Daily COVID-19 Antibody Test Data From Clinical Laboratories,07/31/2020,Total Tests per 100K People,18.407,04/11/2021,2164
Colorado,5763976,Daily COVID-19 Antibody Test Data From Clinical Laboratories,07/27/2020,Number of negative tests,803,04/11/2021,2165
Colorado,5763976,Daily COVID-19 Antibody Test Data From Clinical Laboratories,08/08/2020,3-Day Average Percent Positivity,0.08,04/11/2021,2166
Colorado,5763976,Daily COVID-19 Antibody Test Data From Clinical Laboratories,08/05/2020,Number of negative tests,731,04/11/2021,2167
Colorado,5763976,Daily COVID-19 PCR Test Data From Clinical Laboratories,07/25/2020,People Tested at Non-CDPHE (Commerical) Labs,7941,04/11/2021,2168
Colorado,5763976,Daily COVID-19 Antibody Test Data From Clinical Laboratories,08/02/2020,Cumulative Antibody Tests Performed,138585,04/11/2021,2169
Colorado,5763976,Weekly COVID-19 PCR Test Data From Clinical Laboratories,08/02/2020,People Tested at CDPHE State Lab,27113,04/11/2021,2170
Colorado,5763976,Weekly COVID-19 PCR Test Data From Clinical Laboratories,08/02/2020,People Tested at Non-CDPHE (Commerical) Labs,48888,04/11/2021,2171
Colorado,5763976,Weekly COVID-19 PCR Test Data From Clinical Laboratories,08/02/2020,Weekly Percent Positivity,0.038,04/11/2021,2172
Colorado,5763976,Daily COVID-19 Antibody Test Data From Clinical Laboratories,07/31/2020,Percent Positivity,0.081,04/11/2021,2173
Colorado,5763976,Daily COVID-19 PCR Test Data From Clinical Laboratories,08/12/2020,7-Day Average Percent Positivity,0.035,04/11/2021,2174
Colorado,5763976,Weekly COVID-19 PCR Test Data From Clinical Laboratories,08/02/2020,Cumulative People Tested at CDPHE State Lab,228039,04/11/2021,2175
Colorado,5763976,Daily COVID-19 Antibody Test Data From Clinical Laboratories,07/27/2020,Number of positive tests,66,04/11/2021,2176
Colorado,5763976,Daily COVID-19 Antibody Test Data From Clinical Laboratories,07/31/2020,7-Day Average Percent Positivity,0.073,04/11/2021,2177
Colorado,5763976,Daily COVID-19 Antibody Test Data From Clinical Laboratories,08/08/2020,Cumulative Antibody Tests Performed,143409,04/11/2021,2178
Colorado,5763976,Daily COVID-19 PCR Test Data From Clinical Laboratories,08/12/2020,3-Day Average Percent Positivity,0.035,04/11/2021,2179
Colorado,5763976,Daily COVID-19 Antibody Test Data From Clinical Laboratories,08/05/2020,Number of positive tests,62,04/11/2021,2180
Colorado,5763976,Daily COVID-19 PCR Test Data From Clinical Laboratories,07/25/2020,Cumulative People Tested at CDPHE State Lab,171919,04/11/2021,2181
Colorado,5763976,Daily COVID-19 PCR Test Data From Clinical Laboratories,07/25/2020,Cumulative People Tested at Non-CDPHE (Commerical) Labs,471480,04/11/2021,2182
Colorado,5763976,Daily COVID-19 PCR Test Data From Clinical Laboratories,07/25/2020,7-Day Average Percent Positivity,0.051,04/11/2021,2183
Colorado,5763976,Daily COVID-19 PCR Test Data From Clinical Laboratories,07/25/2020,3-Day Average Percent Positivity,0.052,04/11/2021,2184
Colorado,5763976,Daily COVID-19 Antibody Test Data From Clinical Laboratories,07/25/2020,Antibody Tests Performed,725,04/11/2021,2185
Colorado,5763976,Daily COVID-19 Antibody Test Data From Clinical Laboratories,07/25/2020,Number of negative tests,685,04/11/2021,2186
Colorado,5763976,Daily COVID-19 Antibody Test Data From Clinical Laboratories,07/25/2020,Number of positive tests,40,04/11/2021,2187
Colorado,5763976,Daily COVID-19 Antibody Test Data From Clinical Laboratories,07/25/2020,Total Tests per 100K People,12.578,04/11/2021,2188
Colorado,5763976,Daily COVID-19 Antibody Test Data From Clinical Laboratories,07/25/2020,Percent Positivity,0.055,04/11/2021,2189
Colorado,5763976,Daily COVID-19 Antibody Test Data From Clinical Laboratories,07/25/2020,7-Day Average Percent Positivity,0.062,04/11/2021,2190
Colorado,5763976,Daily COVID-19 Antibody Test Data From Clinical Laboratories,07/25/2020,3-Day Average Percent Positivity,0.056,04/11/2021,2191
Colorado,5763976,Daily COVID-19 Antibody Test Data From Clinical Laboratories,07/25/2020,Cumulative Antibody Tests Performed,132381,04/11/2021,2192
Colorado,5763976,Daily COVID-19 PCR Test Data From Clinical Laboratories,07/26/2020,Percent Positivity,0.056,04/11/2021,2193
Colorado,5763976,Daily COVID-19 PCR Test Data From Clinical Laboratories,07/26/2020,People Tested at CDPHE State Lab,46,04/11/2021,2194
Colorado,5763976,Daily COVID-19 PCR Test Data From Clinical Laboratories,07/26/2020,People Tested at Non-CDPHE (Commerical) Labs,3358,04/11/2021,2195
Colorado,5763976,Daily COVID-19 PCR Test Data From Clinical Laboratories,07/26/2020,Cumulative People Tested at CDPHE State Lab,171965,04/11/2021,2196
Colorado,5763976,Daily COVID-19 PCR Test Data From Clinical Laboratories,07/26/2020,Cumulative People Tested at Non-CDPHE (Commerical) Labs,474838,04/11/2021,2197
Colorado,5763976,Daily COVID-19 PCR Test Data From Clinical Laboratories,07/26/2020,7-Day Average Percent Positivity,0.053,04/11/2021,2198
Colorado,5763976,Daily COVID-19 PCR Test Data From Clinical Laboratories,07/26/2020,3-Day Average Percent Positivity,0.053,04/11/2021,2199
Colorado,5763976,Daily COVID-19 Antibody Test Data From Clinical Laboratories,07/26/2020,Antibody Tests Performed,305,04/11/2021,2200
Colorado,5763976,Daily COVID-19 Antibody Test Data From Clinical Laboratories,07/26/2020,Number of negative tests,289,04/11/2021,2201
Colorado,5763976,Daily COVID-19 Antibody Test Data From Clinical Laboratories,07/26/2020,Number of positive tests,16,04/11/2021,2202
Colorado,5763976,Daily COVID-19 Antibody Test Data From Clinical Laboratories,07/26/2020,Total Tests per 100K People,5.292,04/11/2021,2203
Colorado,5763976,Daily COVID-19 Antibody Test Data From Clinical Laboratories,07/26/2020,Percent Positivity,0.052,04/11/2021,2204
Colorado,5763976,Daily COVID-19 Antibody Test Data From Clinical Laboratories,07/26/2020,7-Day Average Percent Positivity,0.062,04/11/2021,2205
Colorado,5763976,Daily COVID-19 Antibody Test Data From Clinical Laboratories,07/26/2020,3-Day Average Percent Positivity,0.049,04/11/2021,2206
Colorado,5763976,Daily COVID-19 Antibody Test Data From Clinical Laboratories,07/26/2020,Cumulative Antibody Tests Performed,132686,04/11/2021,2207
Colorado,5763976,Weekly COVID-19 PCR Test Data From Clinical Laboratories,07/26/2020,People Tested at CDPHE State Lab,29007,04/11/2021,2208
Colorado,5763976,Weekly COVID-19 PCR Test Data From Clinical Laboratories,07/26/2020,People Tested at Non-CDPHE (Commerical) Labs,50789,04/11/2021,2209
Colorado,5763976,Weekly COVID-19 PCR Test Data From Clinical Laboratories,07/26/2020,Weekly Percent Positivity,0.047,04/11/2021,2210
Colorado,5763976,Weekly COVID-19 PCR Test Data From Clinical Laboratories,07/26/2020,Cumulative People Tested at CDPHE State Lab,200926,04/11/2021,2211
Colorado,5763976,Weekly COVID-19 PCR Test Data From Clinical Laboratories,07/26/2020,Cumulative People Tested at Non-CDPHE (Commerical) Labs,522269,04/11/2021,2212
Colorado,5763976,Weekly COVID-19 PCR Test Data From Clinical Laboratories,07/26/2020,Percent Change in Weekly Positivity,-0.09,04/11/2021,2213
Colorado,5763976,Weekly COVID-19 PCR Test Data From Clinical Laboratories,08/02/2020,Cumulative People Tested at Non-CDPHE (Commerical) Labs,571157,04/11/2021,2214
Colorado,5763976,Daily COVID-19 PCR Test Data From Clinical Laboratories,08/09/2020,Percent Positivity,0.036,04/11/2021,2215
Colorado,5763976,Daily COVID-19 Antibody Test Data From Clinical Laboratories,08/05/2020,Total Tests per 100K People,13.758,04/11/2021,2216
Colorado,5763976,Daily COVID-19 Antibody Test Data From Clinical Laboratories,07/27/2020,Total Tests per 100K People,15.076,04/11/2021,2217
Colorado,5763976,Daily COVID-19 Antibody Test Data From Clinical Laboratories,08/12/2020,Antibody Tests Performed,861,04/11/2021,2218
Colorado,5763976,Daily COVID-19 Antibody Test Data From Clinical Laboratories,07/31/2020,3-Day Average Percent Positivity,0.079,04/11/2021,2219
Colorado,5763976,Weekly COVID-19 PCR Test Data From Clinical Laboratories,08/02/2020,Percent Change in Weekly Positivity,-0.19,04/11/2021,2220
Colorado,5763976,Weekly COVID-19 Antibody Test Data From Clinical Laboratories,08/02/2020,Antibody Tests Performed,5208,04/11/2021,2221
Colorado,5763976,Weekly COVID-19 Antibody Test Data From Clinical Laboratories,08/02/2020,Number of positive tests,412,04/11/2021,2222
Colorado,5763976,Weekly COVID-19 Antibody Test Data From Clinical Laboratories,08/02/2020,Number of negative tests,4796,04/11/2021,2223
Colorado,5763976,Weekly COVID-19 Antibody Test Data From Clinical Laboratories,08/02/2020,Weekly Percent Positivity,0.079,04/11/2021,2224
Colorado,5763976,Weekly COVID-19 Antibody Test Data From Clinical Laboratories,08/02/2020,Cumulative Antibody Tests Performed,143409,04/11/2021,2225
Colorado,5763976,Weekly COVID-19 Antibody Test Data From Clinical Laboratories,08/02/2020,Percent Change in Weekly Positivity,0.05,04/11/2021,2226
Colorado,5763976,Daily COVID-19 PCR Test Data From Clinical Laboratories,08/03/2020,Percent Positivity,0.068,04/11/2021,2227
Colorado,5763976,Daily COVID-19 PCR Test Data From Clinical Laboratories,08/03/2020,People Tested at CDPHE State Lab,1555,04/11/2021,2228
Colorado,5763976,Daily COVID-19 PCR Test Data From Clinical Laboratories,08/03/2020,People Tested at Non-CDPHE (Commerical) Labs,3609,04/11/2021,2229
Colorado,5763976,Daily COVID-19 PCR Test Data From Clinical Laboratories,08/03/2020,Cumulative People Tested at CDPHE State Lab,205365,04/11/2021,2230
Colorado,5763976,Daily COVID-19 PCR Test Data From Clinical Laboratories,08/03/2020,Cumulative People Tested at Non-CDPHE (Commerical) Labs,530569,04/11/2021,2231
Colorado,5763976,Daily COVID-19 PCR Test Data From Clinical Laboratories,08/03/2020,7-Day Average Percent Positivity,0.047,04/11/2021,2232
Colorado,5763976,Daily COVID-19 PCR Test Data From Clinical Laboratories,08/03/2020,3-Day Average Percent Positivity,0.05,04/11/2021,2233
Colorado,5763976,Daily COVID-19 Antibody Test Data From Clinical Laboratories,08/03/2020,Antibody Tests Performed,308,04/11/2021,2234
Colorado,5763976,Daily COVID-19 Antibody Test Data From Clinical Laboratories,08/03/2020,Number of negative tests,277,04/11/2021,2235
Colorado,5763976,Daily COVID-19 Antibody Test Data From Clinical Laboratories,08/03/2020,Number of positive tests,31,04/11/2021,2236
Colorado,5763976,Daily COVID-19 Antibody Test Data From Clinical Laboratories,08/03/2020,Total Tests per 100K People,5.343,04/11/2021,2237
Colorado,5763976,Daily COVID-19 Antibody Test Data From Clinical Laboratories,08/03/2020,Percent Positivity,0.101,04/11/2021,2238
Colorado,5763976,Daily COVID-19 Antibody Test Data From Clinical Laboratories,08/03/2020,7-Day Average Percent Positivity,0.078,04/11/2021,2239
Colorado,5763976,Daily COVID-19 Antibody Test Data From Clinical Laboratories,08/03/2020,3-Day Average Percent Positivity,0.078,04/11/2021,2240
Colorado,5763976,Daily COVID-19 Antibody Test Data From Clinical Laboratories,08/03/2020,Cumulative Antibody Tests Performed,138893,04/11/2021,2241
Colorado,5763976,Daily COVID-19 PCR Test Data From Clinical Laboratories,08/04/2020,Percent Positivity,0.035,04/11/2021,2242
Colorado,5763976,Daily COVID-19 PCR Test Data From Clinical Laboratories,08/04/2020,People Tested at CDPHE State Lab,5236,04/11/2021,2243
Colorado,5763976,Daily COVID-19 PCR Test Data From Clinical Laboratories,08/04/2020,People Tested at Non-CDPHE (Commerical) Labs,10927,04/11/2021,2244
Colorado,5763976,Daily COVID-19 PCR Test Data From Clinical Laboratories,08/04/2020,Cumulative People Tested at CDPHE State Lab,210601,04/11/2021,2245
Colorado,5763976,Daily COVID-19 PCR Test Data From Clinical Laboratories,08/04/2020,Cumulative People Tested at Non-CDPHE (Commerical) Labs,541496,04/11/2021,2246
Colorado,5763976,Daily COVID-19 PCR Test Data From Clinical Laboratories,08/04/2020,7-Day Average Percent Positivity,0.045,04/11/2021,2247
Colorado,5763976,Daily COVID-19 PCR Test Data From Clinical Laboratories,08/04/2020,3-Day Average Percent Positivity,0.043,04/11/2021,2248
Colorado,5763976,Daily COVID-19 Antibody Test Data From Clinical Laboratories,08/04/2020,Antibody Tests Performed,1038,04/11/2021,2249
Colorado,5763976,Daily COVID-19 Antibody Test Data From Clinical Laboratories,08/04/2020,Number of negative tests,961,04/11/2021,2250
Colorado,5763976,Daily COVID-19 Antibody Test Data From Clinical Laboratories,08/04/2020,Number of positive tests,77,04/11/2021,2251
Colorado,5763976,Daily COVID-19 Antibody Test Data From Clinical Laboratories,08/04/2020,Total Tests per 100K People,18.008,04/11/2021,2252
Colorado,5763976,Daily COVID-19 Antibody Test Data From Clinical Laboratories,08/04/2020,Percent Positivity,0.074,04/11/2021,2253
Colorado,5763976,Daily COVID-19 Antibody Test Data From Clinical Laboratories,08/05/2020,Percent Positivity,0.078,04/11/2021,2254
Colorado,5763976,Daily COVID-19 Antibody Test Data From Clinical Laboratories,08/05/2020,7-Day Average Percent Positivity,0.079,04/11/2021,2255
Colorado,5763976,Daily COVID-19 Antibody Test Data From Clinical Laboratories,08/05/2020,3-Day Average Percent Positivity,0.08,04/11/2021,2256
Colorado,5763976,Daily COVID-19 Antibody Test Data From Clinical Laboratories,08/05/2020,Cumulative Antibody Tests Performed,140724,04/11/2021,2257
Colorado,5763976,Daily COVID-19 PCR Test Data From Clinical Laboratories,08/06/2020,Percent Positivity,0.033,04/11/2021,2258
Colorado,5763976,Daily COVID-19 PCR Test Data From Clinical Laboratories,08/06/2020,People Tested at CDPHE State Lab,4493,04/11/2021,2259
Colorado,5763976,Daily COVID-19 PCR Test Data From Clinical Laboratories,08/06/2020,People Tested at Non-CDPHE (Commerical) Labs,8764,04/11/2021,2260
Colorado,5763976,Daily COVID-19 PCR Test Data From Clinical Laboratories,08/06/2020,Cumulative People Tested at CDPHE State Lab,220157,04/11/2021,2261
Colorado,5763976,Daily COVID-19 PCR Test Data From Clinical Laboratories,08/06/2020,Cumulative People Tested at Non-CDPHE (Commerical) Labs,556977,04/11/2021,2262
Colorado,5763976,Daily COVID-19 PCR Test Data From Clinical Laboratories,08/06/2020,7-Day Average Percent Positivity,0.04,04/11/2021,2263
Colorado,5763976,Daily COVID-19 PCR Test Data From Clinical Laboratories,08/06/2020,3-Day Average Percent Positivity,0.034,04/11/2021,2264
Colorado,5763976,Daily COVID-19 Antibody Test Data From Clinical Laboratories,08/06/2020,Antibody Tests Performed,954,04/11/2021,2265
Colorado,5763976,Daily COVID-19 Antibody Test Data From Clinical Laboratories,08/06/2020,Number of negative tests,885,04/11/2021,2266
Colorado,5763976,Daily COVID-19 Antibody Test Data From Clinical Laboratories,08/06/2020,Number of positive tests,69,04/11/2021,2267
Colorado,5763976,Daily COVID-19 Antibody Test Data From Clinical Laboratories,08/06/2020,Total Tests per 100K People,16.551,04/11/2021,2268
Colorado,5763976,Daily COVID-19 Antibody Test Data From Clinical Laboratories,08/06/2020,Percent Positivity,0.072,04/11/2021,2269
Colorado,5763976,Daily COVID-19 Antibody Test Data From Clinical Laboratories,08/06/2020,7-Day Average Percent Positivity,0.077,04/11/2021,2270
Colorado,5763976,Daily COVID-19 Antibody Test Data From Clinical Laboratories,08/06/2020,3-Day Average Percent Positivity,0.075,04/11/2021,2271
Colorado,5763976,Daily COVID-19 Antibody Test Data From Clinical Laboratories,08/06/2020,Cumulative Antibody Tests Performed,141678,04/11/2021,2272
Colorado,5763976,Daily COVID-19 PCR Test Data From Clinical Laboratories,08/07/2020,Percent Positivity,0.042,04/11/2021,2273
Colorado,5763976,Daily COVID-19 PCR Test Data From Clinical Laboratories,08/07/2020,People Tested at CDPHE State Lab,3776,04/11/2021,2274
Colorado,5763976,Daily COVID-19 PCR Test Data From Clinical Laboratories,08/07/2020,People Tested at Non-CDPHE (Commerical) Labs,7589,04/11/2021,2275
Colorado,5763976,Daily COVID-19 PCR Test Data From Clinical Laboratories,08/07/2020,Cumulative People Tested at CDPHE State Lab,223933,04/11/2021,2276
Colorado,5763976,Daily COVID-19 PCR Test Data From Clinical Laboratories,08/07/2020,Cumulative People Tested at Non-CDPHE (Commerical) Labs,564566,04/11/2021,2277
Colorado,5763976,Daily COVID-19 PCR Test Data From Clinical Laboratories,08/07/2020,7-Day Average Percent Positivity,0.04,04/11/2021,2278
Colorado,5763976,Daily COVID-19 PCR Test Data From Clinical Laboratories,08/07/2020,3-Day Average Percent Positivity,0.036,04/11/2021,2279
Colorado,5763976,Daily COVID-19 Antibody Test Data From Clinical Laboratories,08/07/2020,Antibody Tests Performed,987,04/11/2021,2280
Colorado,5763976,Daily COVID-19 Antibody Test Data From Clinical Laboratories,08/07/2020,Number of negative tests,893,04/11/2021,2281
Colorado,5763976,Daily COVID-19 Antibody Test Data From Clinical Laboratories,08/07/2020,Number of positive tests,94,04/11/2021,2282
Colorado,5763976,Daily COVID-19 Antibody Test Data From Clinical Laboratories,08/07/2020,Total Tests per 100K People,17.124,04/11/2021,2283
Colorado,5763976,Daily COVID-19 Antibody Test Data From Clinical Laboratories,08/07/2020,Percent Positivity,0.095,04/11/2021,2284
Colorado,5763976,Daily COVID-19 Antibody Test Data From Clinical Laboratories,08/07/2020,7-Day Average Percent Positivity,0.08,04/11/2021,2285
Colorado,5763976,Daily COVID-19 Antibody Test Data From Clinical Laboratories,08/07/2020,3-Day Average Percent Positivity,0.082,04/11/2021,2286
Colorado,5763976,Daily COVID-19 Antibody Test Data From Clinical Laboratories,08/07/2020,Cumulative Antibody Tests Performed,142665,04/11/2021,2287
Colorado,5763976,Daily COVID-19 PCR Test Data From Clinical Laboratories,08/08/2020,Percent Positivity,0.031,04/11/2021,2288
Colorado,5763976,Daily COVID-19 PCR Test Data From Clinical Laboratories,08/08/2020,People Tested at CDPHE State Lab,4106,04/11/2021,2289
Colorado,5763976,Daily COVID-19 PCR Test Data From Clinical Laboratories,08/09/2020,People Tested at CDPHE State Lab,3052,04/11/2021,2290
Colorado,5763976,Daily COVID-19 Antibody Test Data From Clinical Laboratories,07/31/2020,Cumulative Antibody Tests Performed,137484,04/11/2021,2291
Colorado,5763976,Daily COVID-19 Antibody Test Data From Clinical Laboratories,08/12/2020,Number of negative tests,804,04/11/2021,2292
Colorado,5763976,Daily COVID-19 Antibody Test Data From Clinical Laboratories,07/27/2020,Percent Positivity,0.076,04/11/2021,2293
Colorado,5763976,Daily COVID-19 PCR Test Data From Clinical Laboratories,08/09/2020,People Tested at Non-CDPHE (Commerical) Labs,5462,04/11/2021,2294
Colorado,5763976,Daily COVID-19 PCR Test Data From Clinical Laboratories,08/09/2020,Cumulative People Tested at CDPHE State Lab,231091,04/11/2021,2295
Colorado,5763976,Daily COVID-19 PCR Test Data From Clinical Laboratories,08/09/2020,Cumulative People Tested at Non-CDPHE (Commerical) Labs,576619,04/11/2021,2296
Colorado,5763976,Daily COVID-19 PCR Test Data From Clinical Laboratories,08/09/2020,7-Day Average Percent Positivity,0.037,04/11/2021,2297
Colorado,5763976,Daily COVID-19 PCR Test Data From Clinical Laboratories,08/09/2020,3-Day Average Percent Positivity,0.036,04/11/2021,2298
Colorado,5763976,Daily COVID-19 Antibody Test Data From Clinical Laboratories,08/09/2020,Antibody Tests Performed,369,04/11/2021,2299
Colorado,5763976,Daily COVID-19 Antibody Test Data From Clinical Laboratories,08/09/2020,Number of negative tests,354,04/11/2021,2300
Colorado,5763976,Daily COVID-19 Antibody Test Data From Clinical Laboratories,08/09/2020,Number of positive tests,15,04/11/2021,2301
Colorado,5763976,Daily COVID-19 Antibody Test Data From Clinical Laboratories,08/09/2020,Total Tests per 100K People,6.402,04/11/2021,2302
Colorado,5763976,Daily COVID-19 Antibody Test Data From Clinical Laboratories,08/09/2020,Percent Positivity,0.041,04/11/2021,2303
Colorado,5763976,Daily COVID-19 Antibody Test Data From Clinical Laboratories,08/09/2020,7-Day Average Percent Positivity,0.077,04/11/2021,2304
Colorado,5763976,Daily COVID-19 Antibody Test Data From Clinical Laboratories,08/09/2020,3-Day Average Percent Positivity,0.076,04/11/2021,2305
Colorado,5763976,Daily COVID-19 Antibody Test Data From Clinical Laboratories,08/09/2020,Cumulative Antibody Tests Performed,143778,04/11/2021,2306
Colorado,5763976,Weekly COVID-19 PCR Test Data From Clinical Laboratories,08/09/2020,People Tested at CDPHE State Lab,20583,04/11/2021,2307
Colorado,5763976,Weekly COVID-19 PCR Test Data From Clinical Laboratories,08/09/2020,People Tested at Non-CDPHE (Commerical) Labs,51006,04/11/2021,2308
Colorado,5763976,Weekly COVID-19 PCR Test Data From Clinical Laboratories,08/09/2020,Weekly Percent Positivity,0.034,04/11/2021,2309
Colorado,5763976,Weekly COVID-19 PCR Test Data From Clinical Laboratories,08/09/2020,Cumulative People Tested at CDPHE State Lab,248622,04/11/2021,2310
Colorado,5763976,Weekly COVID-19 PCR Test Data From Clinical Laboratories,08/09/2020,Cumulative People Tested at Non-CDPHE (Commerical) Labs,622163,04/11/2021,2311
Colorado,5763976,Weekly COVID-19 PCR Test Data From Clinical Laboratories,08/09/2020,Percent Change in Weekly Positivity,-0.11,04/11/2021,2312
Colorado,5763976,Weekly COVID-19 Antibody Test Data From Clinical Laboratories,08/09/2020,Antibody Tests Performed,4752,04/11/2021,2313
Colorado,5763976,Weekly COVID-19 Antibody Test Data From Clinical Laboratories,08/09/2020,Number of positive tests,360,04/11/2021,2314
Colorado,5763976,Weekly COVID-19 Antibody Test Data From Clinical Laboratories,08/09/2020,Number of negative tests,4392,04/11/2021,2315
Colorado,5763976,Weekly COVID-19 Antibody Test Data From Clinical Laboratories,08/09/2020,Weekly Percent Positivity,0.076,04/11/2021,2316
Colorado,5763976,Weekly COVID-19 Antibody Test Data From Clinical Laboratories,08/09/2020,Cumulative Antibody Tests Performed,148161,04/11/2021,2317
Colorado,5763976,Weekly COVID-19 Antibody Test Data From Clinical Laboratories,08/09/2020,Percent Change in Weekly Positivity,-0.04,04/11/2021,2318
Colorado,5763976,Daily COVID-19 PCR Test Data From Clinical Laboratories,08/10/2020,Percent Positivity,0.038,04/11/2021,2319
Colorado,5763976,Daily COVID-19 PCR Test Data From Clinical Laboratories,08/10/2020,People Tested at CDPHE State Lab,2148,04/11/2021,2320
Colorado,5763976,Daily COVID-19 PCR Test Data From Clinical Laboratories,08/10/2020,People Tested at Non-CDPHE (Commerical) Labs,5045,04/11/2021,2321
Colorado,5763976,Daily COVID-19 PCR Test Data From Clinical Laboratories,08/10/2020,Cumulative People Tested at CDPHE State Lab,233239,04/11/2021,2322
Colorado,5763976,Daily COVID-19 PCR Test Data From Clinical Laboratories,08/10/2020,Cumulative People Tested at Non-CDPHE (Commerical) Labs,581664,04/11/2021,2323
Colorado,5763976,Daily COVID-19 PCR Test Data From Clinical Laboratories,08/10/2020,7-Day Average Percent Positivity,0.035,04/11/2021,2324
Colorado,5763976,Daily COVID-19 PCR Test Data From Clinical Laboratories,08/10/2020,3-Day Average Percent Positivity,0.035,04/11/2021,2325
Colorado,5763976,Daily COVID-19 Antibody Test Data From Clinical Laboratories,08/10/2020,Antibody Tests Performed,514,04/11/2021,2326
Colorado,5763976,Daily COVID-19 Antibody Test Data From Clinical Laboratories,08/10/2020,Number of negative tests,478,04/11/2021,2327
Colorado,5763976,Daily COVID-19 Antibody Test Data From Clinical Laboratories,08/10/2020,Number of positive tests,36,04/11/2021,2328
Colorado,5763976,Daily COVID-19 Antibody Test Data From Clinical Laboratories,08/12/2020,Number of positive tests,57,04/11/2021,2329
Colorado,5763976,Daily COVID-19 PCR Test Data From Clinical Laboratories,08/01/2020,Percent Positivity,0.048,04/11/2021,2330
Colorado,5763976,Daily COVID-19 Antibody Test Data From Clinical Laboratories,07/27/2020,7-Day Average Percent Positivity,0.063,04/11/2021,2331
Colorado,5763976,Daily COVID-19 PCR Test Data From Clinical Laboratories,08/01/2020,People Tested at CDPHE State Lab,3056,04/11/2021,2332
Colorado,5763976,Daily COVID-19 PCR Test Data From Clinical Laboratories,08/01/2020,People Tested at Non-CDPHE (Commerical) Labs,7624,04/11/2021,2333
Colorado,5763976,Daily COVID-19 PCR Test Data From Clinical Laboratories,08/01/2020,Cumulative People Tested at CDPHE State Lab,200926,04/11/2021,2334
Colorado,5763976,Daily COVID-19 PCR Test Data From Clinical Laboratories,08/01/2020,Cumulative People Tested at Non-CDPHE (Commerical) Labs,522269,04/11/2021,2335
Colorado,5763976,Daily COVID-19 PCR Test Data From Clinical Laboratories,08/01/2020,7-Day Average Percent Positivity,0.047,04/11/2021,2336
Colorado,5763976,Daily COVID-19 PCR Test Data From Clinical Laboratories,08/01/2020,3-Day Average Percent Positivity,0.046,04/11/2021,2337
Colorado,5763976,Daily COVID-19 Antibody Test Data From Clinical Laboratories,08/01/2020,Antibody Tests Performed,717,04/11/2021,2338
Colorado,5763976,Daily COVID-19 Antibody Test Data From Clinical Laboratories,08/01/2020,Number of negative tests,666,04/11/2021,2339
Colorado,5763976,Daily COVID-19 Antibody Test Data From Clinical Laboratories,08/01/2020,Number of positive tests,51,04/11/2021,2340
Colorado,5763976,Daily COVID-19 Antibody Test Data From Clinical Laboratories,08/01/2020,Total Tests per 100K People,12.439,04/11/2021,2341
Colorado,5763976,Daily COVID-19 Antibody Test Data From Clinical Laboratories,08/01/2020,Percent Positivity,0.071,04/11/2021,2342
Colorado,5763976,Daily COVID-19 Antibody Test Data From Clinical Laboratories,08/01/2020,7-Day Average Percent Positivity,0.075,04/11/2021,2343
Colorado,5763976,Daily COVID-19 Antibody Test Data From Clinical Laboratories,08/01/2020,3-Day Average Percent Positivity,0.08,04/11/2021,2344
Colorado,5763976,Daily COVID-19 Antibody Test Data From Clinical Laboratories,08/01/2020,Cumulative Antibody Tests Performed,138201,04/11/2021,2345
Colorado,5763976,Daily COVID-19 PCR Test Data From Clinical Laboratories,08/02/2020,Percent Positivity,0.042,04/11/2021,2346
Colorado,5763976,Daily COVID-19 PCR Test Data From Clinical Laboratories,08/02/2020,People Tested at CDPHE State Lab,2884,04/11/2021,2347
Colorado,5763976,Daily COVID-19 PCR Test Data From Clinical Laboratories,08/02/2020,People Tested at Non-CDPHE (Commerical) Labs,4691,04/11/2021,2348
Colorado,5763976,Daily COVID-19 PCR Test Data From Clinical Laboratories,08/02/2020,Cumulative People Tested at CDPHE State Lab,203810,04/11/2021,2349
Colorado,5763976,Daily COVID-19 Antibody Test Data From Clinical Laboratories,08/12/2020,Total Tests per 100K People,14.938,04/11/2021,2350
Colorado,5763976,Daily COVID-19 Antibody Test Data From Clinical Laboratories,07/27/2020,3-Day Average Percent Positivity,0.064,04/11/2021,2351
Colorado,5763976,Daily COVID-19 Antibody Test Data From Clinical Laboratories,08/12/2020,Percent Positivity,0.066,04/11/2021,2352
Colorado,5763976,Daily COVID-19 Antibody Test Data From Clinical Laboratories,08/12/2020,7-Day Average Percent Positivity,0.073,04/11/2021,2353
Colorado,5763976,Daily COVID-19 Antibody Test Data From Clinical Laboratories,08/12/2020,3-Day Average Percent Positivity,0.071,04/11/2021,2354
Colorado,5763976,Daily COVID-19 Antibody Test Data From Clinical Laboratories,08/12/2020,Cumulative Antibody Tests Performed,145930,04/11/2021,2355
Colorado,5763976,Daily COVID-19 PCR Test Data From Clinical Laboratories,08/13/2020,Percent Positivity,0.033,04/11/2021,2356
Colorado,5763976,Daily COVID-19 PCR Test Data From Clinical Laboratories,08/13/2020,People Tested at CDPHE State Lab,2791,04/11/2021,2357
Colorado,5763976,Daily COVID-19 PCR Test Data From Clinical Laboratories,08/13/2020,People Tested at Non-CDPHE (Commerical) Labs,8777,04/11/2021,2358
Colorado,5763976,Daily COVID-19 PCR Test Data From Clinical Laboratories,08/13/2020,Cumulative People Tested at CDPHE State Lab,240784,04/11/2021,2359
Colorado,5763976,Daily COVID-19 PCR Test Data From Clinical Laboratories,08/13/2020,Cumulative People Tested at Non-CDPHE (Commerical) Labs,605520,04/11/2021,2360
Colorado,5763976,Daily COVID-19 PCR Test Data From Clinical Laboratories,08/13/2020,7-Day Average Percent Positivity,0.035,04/11/2021,2361
Colorado,5763976,Daily COVID-19 PCR Test Data From Clinical Laboratories,08/13/2020,3-Day Average Percent Positivity,0.033,04/11/2021,2362
Colorado,5763976,Daily COVID-19 Antibody Test Data From Clinical Laboratories,08/13/2020,Antibody Tests Performed,787,04/11/2021,2363
Colorado,5763976,Daily COVID-19 Antibody Test Data From Clinical Laboratories,08/13/2020,Number of negative tests,710,04/11/2021,2364
Colorado,5763976,Daily COVID-19 Antibody Test Data From Clinical Laboratories,08/13/2020,Number of positive tests,77,04/11/2021,2365
Colorado,5763976,Daily COVID-19 Antibody Test Data From Clinical Laboratories,08/13/2020,Total Tests per 100K People,13.654,04/11/2021,2366
Colorado,5763976,Daily COVID-19 Antibody Test Data From Clinical Laboratories,08/13/2020,Percent Positivity,0.098,04/11/2021,2367
Colorado,5763976,Daily COVID-19 Antibody Test Data From Clinical Laboratories,08/13/2020,7-Day Average Percent Positivity,0.077,04/11/2021,2368
Colorado,5763976,Daily COVID-19 Antibody Test Data From Clinical Laboratories,08/13/2020,3-Day Average Percent Positivity,0.08,04/11/2021,2369
Colorado,5763976,Daily COVID-19 Antibody Test Data From Clinical Laboratories,08/13/2020,Cumulative Antibody Tests Performed,146717,04/11/2021,2370
Colorado,5763976,Daily COVID-19 Antibody Test Data From Clinical Laboratories,07/27/2020,Cumulative Antibody Tests Performed,133555,04/11/2021,2371
Colorado,5763976,Daily COVID-19 PCR Test Data From Clinical Laboratories,07/28/2020,Percent Positivity,0.042,04/11/2021,2372
Colorado,5763976,Daily COVID-19 PCR Test Data From Clinical Laboratories,07/28/2020,People Tested at CDPHE State Lab,5357,04/11/2021,2373
Colorado,5763976,Daily COVID-19 PCR Test Data From Clinical Laboratories,07/28/2020,People Tested at Non-CDPHE (Commerical) Labs,6699,04/11/2021,2374
Colorado,5763976,Daily COVID-19 PCR Test Data From Clinical Laboratories,07/28/2020,Cumulative People Tested at CDPHE State Lab,182905,04/11/2021,2375
Colorado,5763976,Daily COVID-19 PCR Test Data From Clinical Laboratories,07/28/2020,Cumulative People Tested at Non-CDPHE (Commerical) Labs,493375,04/11/2021,2376
Colorado,5763976,Daily COVID-19 PCR Test Data From Clinical Laboratories,07/28/2020,7-Day Average Percent Positivity,0.051,04/11/2021,2377
Colorado,5763976,Daily COVID-19 PCR Test Data From Clinical Laboratories,07/28/2020,3-Day Average Percent Positivity,0.048,04/11/2021,2378
Colorado,5763976,Daily COVID-19 Antibody Test Data From Clinical Laboratories,07/28/2020,Antibody Tests Performed,819,04/11/2021,2379
Colorado,5763976,Daily COVID-19 Antibody Test Data From Clinical Laboratories,07/28/2020,Number of negative tests,758,04/11/2021,2380
Colorado,5763976,Daily COVID-19 Antibody Test Data From Clinical Laboratories,07/28/2020,Number of positive tests,61,04/11/2021,2381
Colorado,5763976,Daily COVID-19 Antibody Test Data From Clinical Laboratories,07/28/2020,Total Tests per 100K People,14.209,04/11/2021,2382
Colorado,5763976,Daily COVID-19 Antibody Test Data From Clinical Laboratories,07/28/2020,Percent Positivity,0.074,04/11/2021,2383
Colorado,5763976,Daily COVID-19 Antibody Test Data From Clinical Laboratories,07/28/2020,7-Day Average Percent Positivity,0.063,04/11/2021,2384
Colorado,5763976,Daily COVID-19 Antibody Test Data From Clinical Laboratories,07/28/2020,3-Day Average Percent Positivity,0.072,04/11/2021,2385
Colorado,5763976,Daily COVID-19 Antibody Test Data From Clinical Laboratories,07/28/2020,Cumulative Antibody Tests Performed,134374,04/11/2021,2386
Colorado,5763976,Daily COVID-19 PCR Test Data From Clinical Laboratories,07/29/2020,Percent Positivity,0.046,04/11/2021,2387
Colorado,5763976,Daily COVID-19 PCR Test Data From Clinical Laboratories,07/29/2020,People Tested at CDPHE State Lab,5021,04/11/2021,2388
Colorado,5763976,Daily COVID-19 PCR Test Data From Clinical Laboratories,07/29/2020,People Tested at Non-CDPHE (Commerical) Labs,5683,04/11/2021,2389
Colorado,5763976,Daily COVID-19 PCR Test Data From Clinical Laboratories,07/29/2020,Cumulative People Tested at CDPHE State Lab,187926,04/11/2021,2390
Colorado,5763976,Daily COVID-19 PCR Test Data From Clinical Laboratories,07/29/2020,Cumulative People Tested at Non-CDPHE (Commerical) Labs,499058,04/11/2021,2391
Colorado,5763976,Daily COVID-19 PCR Test Data From Clinical Laboratories,07/29/2020,7-Day Average Percent Positivity,0.05,04/11/2021,2392
Colorado,5763976,Daily COVID-19 PCR Test Data From Clinical Laboratories,07/29/2020,3-Day Average Percent Positivity,0.046,04/11/2021,2393
Colorado,5763976,Daily COVID-19 Antibody Test Data From Clinical Laboratories,07/29/2020,Antibody Tests Performed,997,04/11/2021,2394
Colorado,5763976,Daily COVID-19 Antibody Test Data From Clinical Laboratories,07/29/2020,Number of negative tests,928,04/11/2021,2395
Colorado,5763976,Daily COVID-19 Antibody Test Data From Clinical Laboratories,07/29/2020,Number of positive tests,69,04/11/2021,2396
Colorado,5763976,Daily COVID-19 Antibody Test Data From Clinical Laboratories,07/29/2020,Total Tests per 100K People,17.297,04/11/2021,2397
Colorado,5763976,Daily COVID-19 Antibody Test Data From Clinical Laboratories,07/29/2020,Percent Positivity,0.069,04/11/2021,2398
Colorado,5763976,Daily COVID-19 Antibody Test Data From Clinical Laboratories,07/29/2020,7-Day Average Percent Positivity,0.063,04/11/2021,2399
Colorado,5763976,Daily COVID-19 Antibody Test Data From Clinical Laboratories,07/29/2020,3-Day Average Percent Positivity,0.073,04/11/2021,2400
Colorado,5763976,Weekly COVID-19 PCR Test Data From Clinical Laboratories,08/16/2020,Percent Change in Weekly Positivity,-0.07,04/11/2021,2401
Colorado,5763976,Weekly COVID-19 Antibody Test Data From Clinical Laboratories,08/16/2020,Antibody Tests Performed,4079,04/11/2021,2402
Colorado,5763976,Weekly COVID-19 Antibody Test Data From Clinical Laboratories,08/16/2020,Number of positive tests,306,04/11/2021,2403
Colorado,5763976,Weekly COVID-19 Antibody Test Data From Clinical Laboratories,08/16/2020,Number of negative tests,3773,04/11/2021,2404
Colorado,5763976,Weekly COVID-19 Antibody Test Data From Clinical Laboratories,08/16/2020,Weekly Percent Positivity,0.075,04/11/2021,2405
Colorado,5763976,Weekly COVID-19 Antibody Test Data From Clinical Laboratories,08/16/2020,Cumulative Antibody Tests Performed,152240,04/11/2021,2406
Colorado,5763976,Weekly COVID-19 Antibody Test Data From Clinical Laboratories,08/16/2020,Percent Change in Weekly Positivity,-0.01,04/11/2021,2407
Colorado,5763976,Daily COVID-19 PCR Test Data From Clinical Laboratories,08/17/2020,Percent Positivity,0.029,04/11/2021,2408
Colorado,5763976,Daily COVID-19 PCR Test Data From Clinical Laboratories,08/17/2020,People Tested at CDPHE State Lab,1405,04/11/2021,2409
Colorado,5763976,Daily COVID-19 PCR Test Data From Clinical Laboratories,08/17/2020,People Tested at Non-CDPHE (Commerical) Labs,5189,04/11/2021,2410
Colorado,5763976,Daily COVID-19 PCR Test Data From Clinical Laboratories,08/17/2020,Cumulative People Tested at CDPHE State Lab,252775,04/11/2021,2411
Colorado,5763976,Daily COVID-19 PCR Test Data From Clinical Laboratories,08/17/2020,Cumulative People Tested at Non-CDPHE (Commerical) Labs,632899,04/11/2021,2412
Colorado,5763976,Daily COVID-19 PCR Test Data From Clinical Laboratories,08/17/2020,7-Day Average Percent Positivity,0.032,04/11/2021,2413
Colorado,5763976,Daily COVID-19 PCR Test Data From Clinical Laboratories,08/17/2020,3-Day Average Percent Positivity,0.029,04/11/2021,2414
Colorado,5763976,Daily COVID-19 Antibody Test Data From Clinical Laboratories,08/17/2020,Antibody Tests Performed,442,04/11/2021,2415
Colorado,5763976,Daily COVID-19 Antibody Test Data From Clinical Laboratories,08/17/2020,Number of negative tests,419,04/11/2021,2416
Colorado,5763976,Daily COVID-19 Antibody Test Data From Clinical Laboratories,08/17/2020,Number of positive tests,23,04/11/2021,2417
Colorado,5763976,Daily COVID-19 Antibody Test Data From Clinical Laboratories,08/17/2020,Total Tests per 100K People,7.668,04/11/2021,2418
Colorado,5763976,Daily COVID-19 Antibody Test Data From Clinical Laboratories,08/17/2020,Percent Positivity,0.052,04/11/2021,2419
Colorado,5763976,Daily COVID-19 Antibody Test Data From Clinical Laboratories,08/17/2020,7-Day Average Percent Positivity,0.078,04/11/2021,2420
Colorado,5763976,Daily COVID-19 Antibody Test Data From Clinical Laboratories,08/17/2020,3-Day Average Percent Positivity,0.077,04/11/2021,2421
Colorado,5763976,Daily COVID-19 Antibody Test Data From Clinical Laboratories,08/17/2020,Cumulative Antibody Tests Performed,149112,04/11/2021,2422
Colorado,5763976,Daily COVID-19 PCR Test Data From Clinical Laboratories,08/18/2020,Percent Positivity,0.03,04/11/2021,2423
Colorado,5763976,Daily COVID-19 PCR Test Data From Clinical Laboratories,08/18/2020,People Tested at CDPHE State Lab,1377,04/11/2021,2424
Colorado,5763976,Daily COVID-19 PCR Test Data From Clinical Laboratories,08/18/2020,People Tested at Non-CDPHE (Commerical) Labs,5943,04/11/2021,2425
Colorado,5763976,Daily COVID-19 PCR Test Data From Clinical Laboratories,08/18/2020,Cumulative People Tested at CDPHE State Lab,254152,04/11/2021,2426
Colorado,5763976,Daily COVID-19 PCR Test Data From Clinical Laboratories,08/18/2020,Cumulative People Tested at Non-CDPHE (Commerical) Labs,638842,04/11/2021,2427
Colorado,5763976,Daily COVID-19 PCR Test Data From Clinical Laboratories,08/18/2020,7-Day Average Percent Positivity,0.031,04/11/2021,2428
Colorado,5763976,Daily COVID-19 PCR Test Data From Clinical Laboratories,08/18/2020,3-Day Average Percent Positivity,0.029,04/11/2021,2429
Colorado,5763976,Daily COVID-19 Antibody Test Data From Clinical Laboratories,08/18/2020,Antibody Tests Performed,412,04/11/2021,2430
Colorado,5763976,Daily COVID-19 Antibody Test Data From Clinical Laboratories,08/18/2020,Number of negative tests,378,04/11/2021,2431
Colorado,5763976,Daily COVID-19 Antibody Test Data From Clinical Laboratories,08/18/2020,Number of positive tests,34,04/11/2021,2432
Colorado,5763976,Daily COVID-19 Antibody Test Data From Clinical Laboratories,08/18/2020,Total Tests per 100K People,7.148,04/11/2021,2433
Colorado,5763976,Daily COVID-19 Antibody Test Data From Clinical Laboratories,08/18/2020,Percent Positivity,0.083,04/11/2021,2434
Colorado,5763976,Daily COVID-19 Antibody Test Data From Clinical Laboratories,08/18/2020,7-Day Average Percent Positivity,0.079,04/11/2021,2435
Colorado,5763976,Daily COVID-19 Antibody Test Data From Clinical Laboratories,08/18/2020,3-Day Average Percent Positivity,0.075,04/11/2021,2436
Colorado,5763976,Daily COVID-19 Antibody Test Data From Clinical Laboratories,08/18/2020,Cumulative Antibody Tests Performed,149524,04/11/2021,2437
Colorado,5763976,Daily COVID-19 PCR Test Data From Clinical Laboratories,08/19/2020,Percent Positivity,0.04,04/11/2021,2438
Colorado,5763976,Daily COVID-19 PCR Test Data From Clinical Laboratories,08/19/2020,People Tested at CDPHE State Lab,4086,04/11/2021,2439
Colorado,5763976,Daily COVID-19 PCR Test Data From Clinical Laboratories,08/19/2020,People Tested at Non-CDPHE (Commerical) Labs,7688,04/11/2021,2440
Colorado,5763976,Daily COVID-19 PCR Test Data From Clinical Laboratories,08/19/2020,Cumulative People Tested at CDPHE State Lab,258238,04/11/2021,2441
Colorado,5763976,Daily COVID-19 PCR Test Data From Clinical Laboratories,08/19/2020,Cumulative People Tested at Non-CDPHE (Commerical) Labs,646530,04/11/2021,2442
Colorado,5763976,Daily COVID-19 PCR Test Data From Clinical Laboratories,08/19/2020,7-Day Average Percent Positivity,0.032,04/11/2021,2443
Colorado,5763976,Daily COVID-19 PCR Test Data From Clinical Laboratories,08/19/2020,3-Day Average Percent Positivity,0.034,04/11/2021,2444
Colorado,5763976,Daily COVID-19 Antibody Test Data From Clinical Laboratories,08/19/2020,Antibody Tests Performed,717,04/11/2021,2445
Colorado,5763976,Daily COVID-19 Antibody Test Data From Clinical Laboratories,08/19/2020,Number of negative tests,669,04/11/2021,2446
Colorado,5763976,Daily COVID-19 Antibody Test Data From Clinical Laboratories,08/19/2020,Number of positive tests,48,04/11/2021,2447
Colorado,5763976,Daily COVID-19 Antibody Test Data From Clinical Laboratories,08/19/2020,Total Tests per 100K People,12.439,04/11/2021,2448
Colorado,5763976,Daily COVID-19 Antibody Test Data From Clinical Laboratories,08/19/2020,Percent Positivity,0.067,04/11/2021,2449
Colorado,5763976,Daily COVID-19 Antibody Test Data From Clinical Laboratories,08/19/2020,7-Day Average Percent Positivity,0.079,04/11/2021,2450
Colorado,5763976,Weekly COVID-19 PCR Test Data From Clinical Laboratories,09/06/2020,Cumulative People Tested at Non-CDPHE (Commerical) Labs,808413,04/11/2021,2451
Colorado,5763976,Weekly COVID-19 PCR Test Data From Clinical Laboratories,09/06/2020,Percent Change in Weekly Positivity,-0.05,04/11/2021,2452
Colorado,5763976,Weekly COVID-19 Antibody Test Data From Clinical Laboratories,09/06/2020,Antibody Tests Performed,2464,04/11/2021,2453
Colorado,5763976,Weekly COVID-19 Antibody Test Data From Clinical Laboratories,09/06/2020,Number of positive tests,189,04/11/2021,2454
Colorado,5763976,Weekly COVID-19 Antibody Test Data From Clinical Laboratories,09/06/2020,Number of negative tests,2275,04/11/2021,2455
Colorado,5763976,Weekly COVID-19 Antibody Test Data From Clinical Laboratories,09/06/2020,Weekly Percent Positivity,0.077,04/11/2021,2456
Colorado,5763976,Weekly COVID-19 Antibody Test Data From Clinical Laboratories,09/06/2020,Cumulative Antibody Tests Performed,161848,04/11/2021,2457
Colorado,5763976,Weekly COVID-19 Antibody Test Data From Clinical Laboratories,09/06/2020,Percent Change in Weekly Positivity,0.12,04/11/2021,2458
Colorado,5763976,Daily COVID-19 PCR Test Data From Clinical Laboratories,09/07/2020,Percent Positivity,0.037,04/11/2021,2459
Colorado,5763976,Daily COVID-19 PCR Test Data From Clinical Laboratories,09/07/2020,People Tested at CDPHE State Lab,2088,04/11/2021,2460
Colorado,5763976,Daily COVID-19 PCR Test Data From Clinical Laboratories,09/07/2020,People Tested at Non-CDPHE (Commerical) Labs,2957,04/11/2021,2461
Colorado,5763976,Daily COVID-19 PCR Test Data From Clinical Laboratories,09/07/2020,Cumulative People Tested at CDPHE State Lab,317189,04/11/2021,2462
Colorado,5763976,Daily COVID-19 PCR Test Data From Clinical Laboratories,09/07/2020,Cumulative People Tested at Non-CDPHE (Commerical) Labs,771230,04/11/2021,2463
Colorado,5763976,Daily COVID-19 PCR Test Data From Clinical Laboratories,09/07/2020,7-Day Average Percent Positivity,0.027,04/11/2021,2464
Colorado,5763976,Daily COVID-19 PCR Test Data From Clinical Laboratories,09/07/2020,3-Day Average Percent Positivity,0.027,04/11/2021,2465
Colorado,5763976,Daily COVID-19 Antibody Test Data From Clinical Laboratories,09/07/2020,Antibody Tests Performed,171,04/11/2021,2466
Colorado,5763976,Daily COVID-19 Antibody Test Data From Clinical Laboratories,09/07/2020,Number of negative tests,162,04/11/2021,2467
Colorado,5763976,Daily COVID-19 Antibody Test Data From Clinical Laboratories,09/07/2020,Number of positive tests,9,04/11/2021,2468
Colorado,5763976,Daily COVID-19 Antibody Test Data From Clinical Laboratories,09/07/2020,Total Tests per 100K People,2.967,04/11/2021,2469
Colorado,5763976,Daily COVID-19 Antibody Test Data From Clinical Laboratories,09/07/2020,Percent Positivity,0.053,04/11/2021,2470
Colorado,5763976,Daily COVID-19 Antibody Test Data From Clinical Laboratories,09/07/2020,7-Day Average Percent Positivity,0.068,04/11/2021,2471
Colorado,5763976,Daily COVID-19 Antibody Test Data From Clinical Laboratories,09/07/2020,3-Day Average Percent Positivity,0.063,04/11/2021,2472
Colorado,5763976,Daily COVID-19 Antibody Test Data From Clinical Laboratories,09/07/2020,Cumulative Antibody Tests Performed,159850,04/11/2021,2473
Colorado,5763976,Daily COVID-19 PCR Test Data From Clinical Laboratories,09/08/2020,Percent Positivity,0.026,04/11/2021,2474
Colorado,5763976,Daily COVID-19 PCR Test Data From Clinical Laboratories,09/08/2020,People Tested at CDPHE State Lab,573,04/11/2021,2475
Colorado,5763976,Daily COVID-19 PCR Test Data From Clinical Laboratories,09/08/2020,People Tested at Non-CDPHE (Commerical) Labs,4989,04/11/2021,2476
Colorado,5763976,Daily COVID-19 PCR Test Data From Clinical Laboratories,09/08/2020,Cumulative People Tested at CDPHE State Lab,317762,04/11/2021,2477
Colorado,5763976,Daily COVID-19 PCR Test Data From Clinical Laboratories,09/08/2020,Cumulative People Tested at Non-CDPHE (Commerical) Labs,776219,04/11/2021,2478
Colorado,5763976,Daily COVID-19 PCR Test Data From Clinical Laboratories,09/08/2020,7-Day Average Percent Positivity,0.026,04/11/2021,2479
Colorado,5763976,Daily COVID-19 PCR Test Data From Clinical Laboratories,09/08/2020,3-Day Average Percent Positivity,0.027,04/11/2021,2480
Colorado,5763976,Daily COVID-19 Antibody Test Data From Clinical Laboratories,09/08/2020,Antibody Tests Performed,241,04/11/2021,2481
Colorado,5763976,Daily COVID-19 Antibody Test Data From Clinical Laboratories,09/08/2020,Number of negative tests,217,04/11/2021,2482
Colorado,5763976,Daily COVID-19 Antibody Test Data From Clinical Laboratories,09/08/2020,Number of positive tests,24,04/11/2021,2483
Colorado,5763976,Daily COVID-19 Antibody Test Data From Clinical Laboratories,09/08/2020,Total Tests per 100K People,4.181,04/11/2021,2484
Colorado,5763976,Daily COVID-19 Antibody Test Data From Clinical Laboratories,09/08/2020,Percent Positivity,0.1,04/11/2021,2485
Colorado,5763976,Daily COVID-19 Antibody Test Data From Clinical Laboratories,09/08/2020,7-Day Average Percent Positivity,0.069,04/11/2021,2486
Colorado,5763976,Daily COVID-19 Antibody Test Data From Clinical Laboratories,09/08/2020,3-Day Average Percent Positivity,0.088,04/11/2021,2487
Colorado,5763976,Daily COVID-19 Antibody Test Data From Clinical Laboratories,09/08/2020,Cumulative Antibody Tests Performed,160091,04/11/2021,2488
Colorado,5763976,Daily COVID-19 PCR Test Data From Clinical Laboratories,09/09/2020,Percent Positivity,0.025,04/11/2021,2489
Colorado,5763976,Daily COVID-19 PCR Test Data From Clinical Laboratories,09/09/2020,People Tested at CDPHE State Lab,2233,04/11/2021,2490
Colorado,5763976,Daily COVID-19 PCR Test Data From Clinical Laboratories,09/09/2020,People Tested at Non-CDPHE (Commerical) Labs,5950,04/11/2021,2491
Colorado,5763976,Daily COVID-19 PCR Test Data From Clinical Laboratories,09/09/2020,Cumulative People Tested at CDPHE State Lab,319995,04/11/2021,2492
Colorado,5763976,Daily COVID-19 PCR Test Data From Clinical Laboratories,09/09/2020,Cumulative People Tested at Non-CDPHE (Commerical) Labs,782169,04/11/2021,2493
Colorado,5763976,Daily COVID-19 PCR Test Data From Clinical Laboratories,09/09/2020,7-Day Average Percent Positivity,0.026,04/11/2021,2494
Colorado,5763976,Daily COVID-19 PCR Test Data From Clinical Laboratories,09/09/2020,3-Day Average Percent Positivity,0.028,04/11/2021,2495
Colorado,5763976,Daily COVID-19 Antibody Test Data From Clinical Laboratories,09/09/2020,Antibody Tests Performed,388,04/11/2021,2496
Colorado,5763976,Daily COVID-19 Antibody Test Data From Clinical Laboratories,09/09/2020,Number of negative tests,360,04/11/2021,2497
Colorado,5763976,Daily COVID-19 Antibody Test Data From Clinical Laboratories,09/09/2020,Number of positive tests,28,04/11/2021,2498
Colorado,5763976,Daily COVID-19 Antibody Test Data From Clinical Laboratories,09/09/2020,Total Tests per 100K People,6.731,04/11/2021,2499
Colorado,5763976,Daily COVID-19 Antibody Test Data From Clinical Laboratories,09/09/2020,Percent Positivity,0.072,04/11/2021,2500
Colorado,5763976,Daily COVID-19 Antibody Test Data From Clinical Laboratories,08/25/2020,Percent Positivity,0.064,04/11/2021,2501
Colorado,5763976,Daily COVID-19 Antibody Test Data From Clinical Laboratories,08/31/2020,Number of positive tests,34,04/11/2021,2502
Colorado,5763976,Daily COVID-19 Antibody Test Data From Clinical Laboratories,08/31/2020,Total Tests per 100K People,6.731,04/11/2021,2503
Colorado,5763976,Daily COVID-19 Antibody Test Data From Clinical Laboratories,08/31/2020,Percent Positivity,0.088,04/11/2021,2504
Colorado,5763976,Daily COVID-19 Antibody Test Data From Clinical Laboratories,08/31/2020,7-Day Average Percent Positivity,0.079,04/11/2021,2505
Colorado,5763976,Daily COVID-19 Antibody Test Data From Clinical Laboratories,08/31/2020,3-Day Average Percent Positivity,0.075,04/11/2021,2506
Colorado,5763976,Daily COVID-19 Antibody Test Data From Clinical Laboratories,08/31/2020,Cumulative Antibody Tests Performed,156785,04/11/2021,2507
Colorado,5763976,Daily COVID-19 PCR Test Data From Clinical Laboratories,09/01/2020,Percent Positivity,0.029,04/11/2021,2508
Colorado,5763976,Daily COVID-19 PCR Test Data From Clinical Laboratories,09/01/2020,People Tested at CDPHE State Lab,2561,04/11/2021,2509
Colorado,5763976,Daily COVID-19 PCR Test Data From Clinical Laboratories,09/01/2020,People Tested at Non-CDPHE (Commerical) Labs,6732,04/11/2021,2510
Colorado,5763976,Daily COVID-19 PCR Test Data From Clinical Laboratories,09/01/2020,Cumulative People Tested at CDPHE State Lab,297418,04/11/2021,2511
Colorado,5763976,Daily COVID-19 PCR Test Data From Clinical Laboratories,09/01/2020,Cumulative People Tested at Non-CDPHE (Commerical) Labs,731152,04/11/2021,2512
Colorado,5763976,Daily COVID-19 PCR Test Data From Clinical Laboratories,09/01/2020,7-Day Average Percent Positivity,0.031,04/11/2021,2513
Colorado,5763976,Daily COVID-19 PCR Test Data From Clinical Laboratories,09/01/2020,3-Day Average Percent Positivity,0.031,04/11/2021,2514
Colorado,5763976,Daily COVID-19 Antibody Test Data From Clinical Laboratories,09/01/2020,Antibody Tests Performed,380,04/11/2021,2515
Colorado,5763976,Daily COVID-19 Antibody Test Data From Clinical Laboratories,09/01/2020,Number of negative tests,348,04/11/2021,2516
Colorado,5763976,Daily COVID-19 Antibody Test Data From Clinical Laboratories,09/01/2020,Number of positive tests,32,04/11/2021,2517
Colorado,5763976,Daily COVID-19 Antibody Test Data From Clinical Laboratories,09/01/2020,Total Tests per 100K People,6.593,04/11/2021,2518
Colorado,5763976,Daily COVID-19 Antibody Test Data From Clinical Laboratories,09/01/2020,Percent Positivity,0.084,04/11/2021,2519
Colorado,5763976,Daily COVID-19 Antibody Test Data From Clinical Laboratories,09/01/2020,7-Day Average Percent Positivity,0.082,04/11/2021,2520
Colorado,5763976,Daily COVID-19 Antibody Test Data From Clinical Laboratories,09/01/2020,3-Day Average Percent Positivity,0.08,04/11/2021,2521
Colorado,5763976,Daily COVID-19 Antibody Test Data From Clinical Laboratories,09/01/2020,Cumulative Antibody Tests Performed,157165,04/11/2021,2522
Colorado,5763976,Daily COVID-19 PCR Test Data From Clinical Laboratories,09/02/2020,Percent Positivity,0.028,04/11/2021,2523
Colorado,5763976,Daily COVID-19 PCR Test Data From Clinical Laboratories,09/02/2020,People Tested at CDPHE State Lab,1718,04/11/2021,2524
Colorado,5763976,Daily COVID-19 PCR Test Data From Clinical Laboratories,09/02/2020,People Tested at Non-CDPHE (Commerical) Labs,7699,04/11/2021,2525
Colorado,5763976,Daily COVID-19 PCR Test Data From Clinical Laboratories,09/02/2020,Cumulative People Tested at CDPHE State Lab,299136,04/11/2021,2526
Colorado,5763976,Daily COVID-19 PCR Test Data From Clinical Laboratories,09/02/2020,Cumulative People Tested at Non-CDPHE (Commerical) Labs,738851,04/11/2021,2527
Colorado,5763976,Daily COVID-19 PCR Test Data From Clinical Laboratories,09/02/2020,7-Day Average Percent Positivity,0.03,04/11/2021,2528
Colorado,5763976,Daily COVID-19 PCR Test Data From Clinical Laboratories,09/02/2020,3-Day Average Percent Positivity,0.032,04/11/2021,2529
Colorado,5763976,Daily COVID-19 Antibody Test Data From Clinical Laboratories,09/02/2020,Antibody Tests Performed,499,04/11/2021,2530
Colorado,5763976,Daily COVID-19 Antibody Test Data From Clinical Laboratories,09/02/2020,Number of negative tests,469,04/11/2021,2531
Colorado,5763976,Daily COVID-19 Antibody Test Data From Clinical Laboratories,09/02/2020,Number of positive tests,30,04/11/2021,2532
Colorado,5763976,Daily COVID-19 Antibody Test Data From Clinical Laboratories,09/02/2020,Total Tests per 100K People,8.657,04/11/2021,2533
Colorado,5763976,Daily COVID-19 Antibody Test Data From Clinical Laboratories,09/02/2020,Percent Positivity,0.06,04/11/2021,2534
Colorado,5763976,Daily COVID-19 Antibody Test Data From Clinical Laboratories,09/02/2020,7-Day Average Percent Positivity,0.076,04/11/2021,2535
Colorado,5763976,Daily COVID-19 Antibody Test Data From Clinical Laboratories,09/02/2020,3-Day Average Percent Positivity,0.076,04/11/2021,2536
Colorado,5763976,Daily COVID-19 Antibody Test Data From Clinical Laboratories,09/02/2020,Cumulative Antibody Tests Performed,157664,04/11/2021,2537
Colorado,5763976,Daily COVID-19 PCR Test Data From Clinical Laboratories,09/03/2020,Percent Positivity,0.025,04/11/2021,2538
Colorado,5763976,Daily COVID-19 PCR Test Data From Clinical Laboratories,09/03/2020,People Tested at CDPHE State Lab,4522,04/11/2021,2539
Colorado,5763976,Daily COVID-19 PCR Test Data From Clinical Laboratories,09/03/2020,People Tested at Non-CDPHE (Commerical) Labs,8522,04/11/2021,2540
Colorado,5763976,Daily COVID-19 PCR Test Data From Clinical Laboratories,09/03/2020,Cumulative People Tested at CDPHE State Lab,303658,04/11/2021,2541
Colorado,5763976,Daily COVID-19 PCR Test Data From Clinical Laboratories,09/03/2020,Cumulative People Tested at Non-CDPHE (Commerical) Labs,747373,04/11/2021,2542
Colorado,5763976,Daily COVID-19 PCR Test Data From Clinical Laboratories,09/03/2020,7-Day Average Percent Positivity,0.029,04/11/2021,2543
Colorado,5763976,Daily COVID-19 PCR Test Data From Clinical Laboratories,09/03/2020,3-Day Average Percent Positivity,0.027,04/11/2021,2544
Colorado,5763976,Daily COVID-19 Antibody Test Data From Clinical Laboratories,09/03/2020,Antibody Tests Performed,646,04/11/2021,2545
Colorado,5763976,Daily COVID-19 Antibody Test Data From Clinical Laboratories,09/03/2020,Number of negative tests,598,04/11/2021,2546
Colorado,5763976,Daily COVID-19 Antibody Test Data From Clinical Laboratories,09/03/2020,Number of positive tests,48,04/11/2021,2547
Colorado,5763976,Daily COVID-19 Antibody Test Data From Clinical Laboratories,09/03/2020,Total Tests per 100K People,11.207,04/11/2021,2548
Colorado,5763976,Daily COVID-19 Antibody Test Data From Clinical Laboratories,09/03/2020,Percent Positivity,0.074,04/11/2021,2549
Colorado,5763976,Daily COVID-19 Antibody Test Data From Clinical Laboratories,09/03/2020,7-Day Average Percent Positivity,0.074,04/11/2021,2550
Colorado,5763976,Daily COVID-19 Antibody Test Data From Clinical Laboratories,09/03/2020,3-Day Average Percent Positivity,0.072,04/11/2021,2551
Colorado,5763976,Daily COVID-19 Antibody Test Data From Clinical Laboratories,08/25/2020,7-Day Average Percent Positivity,0.073,04/11/2021,2552
Colorado,5763976,Daily COVID-19 PCR Test Data From Clinical Laboratories,08/23/2020,Cumulative People Tested at CDPHE State Lab,272088,04/11/2021,2553
Colorado,5763976,Daily COVID-19 Antibody Test Data From Clinical Laboratories,08/25/2020,3-Day Average Percent Positivity,0.068,04/11/2021,2554
Colorado,5763976,Daily COVID-19 Antibody Test Data From Clinical Laboratories,08/25/2020,Cumulative Antibody Tests Performed,153487,04/11/2021,2555
Colorado,5763976,Daily COVID-19 PCR Test Data From Clinical Laboratories,08/26/2020,Percent Positivity,0.035,04/11/2021,2556
Colorado,5763976,Daily COVID-19 PCR Test Data From Clinical Laboratories,08/26/2020,People Tested at CDPHE State Lab,3824,04/11/2021,2557
Colorado,5763976,Daily COVID-19 PCR Test Data From Clinical Laboratories,08/26/2020,People Tested at Non-CDPHE (Commerical) Labs,6645,04/11/2021,2558
Colorado,5763976,Daily COVID-19 PCR Test Data From Clinical Laboratories,08/26/2020,Cumulative People Tested at CDPHE State Lab,280665,04/11/2021,2559
Colorado,5763976,Daily COVID-19 PCR Test Data From Clinical Laboratories,08/26/2020,Cumulative People Tested at Non-CDPHE (Commerical) Labs,690971,04/11/2021,2560
Colorado,5763976,Daily COVID-19 PCR Test Data From Clinical Laboratories,08/26/2020,7-Day Average Percent Positivity,0.032,04/11/2021,2561
Colorado,5763976,Daily COVID-19 PCR Test Data From Clinical Laboratories,08/26/2020,3-Day Average Percent Positivity,0.036,04/11/2021,2562
Colorado,5763976,Daily COVID-19 Antibody Test Data From Clinical Laboratories,08/26/2020,Antibody Tests Performed,607,04/11/2021,2563
Colorado,5763976,Daily COVID-19 Antibody Test Data From Clinical Laboratories,08/26/2020,Number of negative tests,547,04/11/2021,2564
Colorado,5763976,Daily COVID-19 Antibody Test Data From Clinical Laboratories,08/26/2020,Number of positive tests,60,04/11/2021,2565
Colorado,5763976,Daily COVID-19 Antibody Test Data From Clinical Laboratories,08/26/2020,Total Tests per 100K People,10.531,04/11/2021,2566
Colorado,5763976,Daily COVID-19 Antibody Test Data From Clinical Laboratories,08/26/2020,Percent Positivity,0.099,04/11/2021,2567
Colorado,5763976,Daily COVID-19 Antibody Test Data From Clinical Laboratories,08/26/2020,7-Day Average Percent Positivity,0.078,04/11/2021,2568
Colorado,5763976,Daily COVID-19 Antibody Test Data From Clinical Laboratories,08/26/2020,3-Day Average Percent Positivity,0.082,04/11/2021,2569
Colorado,5763976,Daily COVID-19 Antibody Test Data From Clinical Laboratories,08/26/2020,Cumulative Antibody Tests Performed,154094,04/11/2021,2570
Colorado,5763976,Daily COVID-19 PCR Test Data From Clinical Laboratories,08/27/2020,Percent Positivity,0.031,04/11/2021,2571
Colorado,5763976,Daily COVID-19 PCR Test Data From Clinical Laboratories,08/27/2020,People Tested at CDPHE State Lab,3834,04/11/2021,2572
Colorado,5763976,Daily COVID-19 PCR Test Data From Clinical Laboratories,08/27/2020,People Tested at Non-CDPHE (Commerical) Labs,9868,04/11/2021,2573
Colorado,5763976,Daily COVID-19 PCR Test Data From Clinical Laboratories,08/27/2020,Cumulative People Tested at CDPHE State Lab,284499,04/11/2021,2574
Colorado,5763976,Daily COVID-19 PCR Test Data From Clinical Laboratories,08/27/2020,Cumulative People Tested at Non-CDPHE (Commerical) Labs,700839,04/11/2021,2575
Colorado,5763976,Daily COVID-19 PCR Test Data From Clinical Laboratories,08/27/2020,7-Day Average Percent Positivity,0.032,04/11/2021,2576
Colorado,5763976,Daily COVID-19 PCR Test Data From Clinical Laboratories,08/27/2020,3-Day Average Percent Positivity,0.032,04/11/2021,2577
Colorado,5763976,Daily COVID-19 Antibody Test Data From Clinical Laboratories,08/27/2020,Antibody Tests Performed,977,04/11/2021,2578
Colorado,5763976,Daily COVID-19 Antibody Test Data From Clinical Laboratories,08/27/2020,Number of negative tests,900,04/11/2021,2579
Colorado,5763976,Daily COVID-19 Antibody Test Data From Clinical Laboratories,08/27/2020,Number of positive tests,77,04/11/2021,2580
Colorado,5763976,Daily COVID-19 Antibody Test Data From Clinical Laboratories,08/27/2020,Total Tests per 100K People,16.95,04/11/2021,2581
Colorado,5763976,Daily COVID-19 Antibody Test Data From Clinical Laboratories,08/27/2020,Percent Positivity,0.079,04/11/2021,2582
Colorado,5763976,Daily COVID-19 Antibody Test Data From Clinical Laboratories,08/27/2020,7-Day Average Percent Positivity,0.078,04/11/2021,2583
Colorado,5763976,Daily COVID-19 Antibody Test Data From Clinical Laboratories,08/27/2020,3-Day Average Percent Positivity,0.082,04/11/2021,2584
Colorado,5763976,Daily COVID-19 Antibody Test Data From Clinical Laboratories,08/27/2020,Cumulative Antibody Tests Performed,155071,04/11/2021,2585
Colorado,5763976,Daily COVID-19 PCR Test Data From Clinical Laboratories,08/28/2020,Percent Positivity,0.03,04/11/2021,2586
Colorado,5763976,Daily COVID-19 PCR Test Data From Clinical Laboratories,08/28/2020,People Tested at CDPHE State Lab,3689,04/11/2021,2587
Colorado,5763976,Daily COVID-19 PCR Test Data From Clinical Laboratories,08/28/2020,People Tested at Non-CDPHE (Commerical) Labs,7164,04/11/2021,2588
Colorado,5763976,Daily COVID-19 PCR Test Data From Clinical Laboratories,08/28/2020,Cumulative People Tested at CDPHE State Lab,288188,04/11/2021,2589
Colorado,5763976,Daily COVID-19 PCR Test Data From Clinical Laboratories,08/28/2020,Cumulative People Tested at Non-CDPHE (Commerical) Labs,708003,04/11/2021,2590
Colorado,5763976,Daily COVID-19 PCR Test Data From Clinical Laboratories,08/28/2020,7-Day Average Percent Positivity,0.033,04/11/2021,2591
Colorado,5763976,Daily COVID-19 PCR Test Data From Clinical Laboratories,08/28/2020,3-Day Average Percent Positivity,0.032,04/11/2021,2592
Colorado,5763976,Daily COVID-19 Antibody Test Data From Clinical Laboratories,08/28/2020,Antibody Tests Performed,615,04/11/2021,2593
Colorado,5763976,Daily COVID-19 Antibody Test Data From Clinical Laboratories,08/28/2020,Number of negative tests,567,04/11/2021,2594
Colorado,5763976,Daily COVID-19 Antibody Test Data From Clinical Laboratories,08/28/2020,Number of positive tests,48,04/11/2021,2595
Colorado,5763976,Daily COVID-19 Antibody Test Data From Clinical Laboratories,08/28/2020,Total Tests per 100K People,10.67,04/11/2021,2596
Colorado,5763976,Daily COVID-19 Antibody Test Data From Clinical Laboratories,08/28/2020,Percent Positivity,0.078,04/11/2021,2597
Colorado,5763976,Daily COVID-19 Antibody Test Data From Clinical Laboratories,08/28/2020,7-Day Average Percent Positivity,0.077,04/11/2021,2598
Colorado,5763976,Daily COVID-19 Antibody Test Data From Clinical Laboratories,08/28/2020,3-Day Average Percent Positivity,0.084,04/11/2021,2599
Colorado,5763976,Daily COVID-19 Antibody Test Data From Clinical Laboratories,08/28/2020,Cumulative Antibody Tests Performed,155686,04/11/2021,2600
Colorado,5763976,Daily COVID-19 PCR Test Data From Clinical Laboratories,08/29/2020,Percent Positivity,0.027,04/11/2021,2601
Colorado,5763976,Daily COVID-19 PCR Test Data From Clinical Laboratories,08/23/2020,Cumulative People Tested at Non-CDPHE (Commerical) Labs,673838,04/11/2021,2602
Colorado,5763976,Daily COVID-19 Antibody Test Data From Clinical Laboratories,08/19/2020,3-Day Average Percent Positivity,0.067,04/11/2021,2603
Colorado,5763976,Daily COVID-19 PCR Test Data From Clinical Laboratories,08/23/2020,7-Day Average Percent Positivity,0.031,04/11/2021,2604
Colorado,5763976,Daily COVID-19 PCR Test Data From Clinical Laboratories,08/23/2020,3-Day Average Percent Positivity,0.029,04/11/2021,2605
Colorado,5763976,Daily COVID-19 Antibody Test Data From Clinical Laboratories,08/23/2020,Antibody Tests Performed,417,04/11/2021,2606
Colorado,5763976,Daily COVID-19 Antibody Test Data From Clinical Laboratories,08/23/2020,Number of negative tests,390,04/11/2021,2607
Colorado,5763976,Daily COVID-19 Antibody Test Data From Clinical Laboratories,08/23/2020,Number of positive tests,27,04/11/2021,2608
Colorado,5763976,Daily COVID-19 Antibody Test Data From Clinical Laboratories,08/23/2020,Total Tests per 100K People,7.235,04/11/2021,2609
Colorado,5763976,Daily COVID-19 Antibody Test Data From Clinical Laboratories,08/23/2020,Percent Positivity,0.065,04/11/2021,2610
Colorado,5763976,Daily COVID-19 Antibody Test Data From Clinical Laboratories,08/23/2020,7-Day Average Percent Positivity,0.072,04/11/2021,2611
Colorado,5763976,Daily COVID-19 Antibody Test Data From Clinical Laboratories,08/23/2020,3-Day Average Percent Positivity,0.075,04/11/2021,2612
Colorado,5763976,Daily COVID-19 Antibody Test Data From Clinical Laboratories,08/23/2020,Cumulative Antibody Tests Performed,152657,04/11/2021,2613
Colorado,5763976,Weekly COVID-19 PCR Test Data From Clinical Laboratories,08/23/2020,People Tested at CDPHE State Lab,24267,04/11/2021,2614
Colorado,5763976,Weekly COVID-19 PCR Test Data From Clinical Laboratories,08/23/2020,People Tested at Non-CDPHE (Commerical) Labs,44254,04/11/2021,2615
Colorado,5763976,Weekly COVID-19 PCR Test Data From Clinical Laboratories,08/23/2020,Weekly Percent Positivity,0.032,04/11/2021,2616
Colorado,5763976,Weekly COVID-19 PCR Test Data From Clinical Laboratories,08/23/2020,Cumulative People Tested at CDPHE State Lab,292105,04/11/2021,2617
Colorado,5763976,Weekly COVID-19 PCR Test Data From Clinical Laboratories,08/23/2020,Cumulative People Tested at Non-CDPHE (Commerical) Labs,713215,04/11/2021,2618
Colorado,5763976,Weekly COVID-19 PCR Test Data From Clinical Laboratories,08/23/2020,Percent Change in Weekly Positivity,0.01,04/11/2021,2619
Colorado,5763976,Weekly COVID-19 Antibody Test Data From Clinical Laboratories,08/23/2020,Antibody Tests Performed,3820,04/11/2021,2620
Colorado,5763976,Weekly COVID-19 Antibody Test Data From Clinical Laboratories,08/23/2020,Number of positive tests,297,04/11/2021,2621
Colorado,5763976,Weekly COVID-19 Antibody Test Data From Clinical Laboratories,08/23/2020,Number of negative tests,3523,04/11/2021,2622
Colorado,5763976,Weekly COVID-19 Antibody Test Data From Clinical Laboratories,08/23/2020,Weekly Percent Positivity,0.078,04/11/2021,2623
Colorado,5763976,Weekly COVID-19 Antibody Test Data From Clinical Laboratories,08/23/2020,Cumulative Antibody Tests Performed,156060,04/11/2021,2624
Colorado,5763976,Weekly COVID-19 Antibody Test Data From Clinical Laboratories,08/23/2020,Percent Change in Weekly Positivity,0.04,04/11/2021,2625
Colorado,5763976,Daily COVID-19 PCR Test Data From Clinical Laboratories,08/24/2020,Percent Positivity,0.046,04/11/2021,2626
Colorado,5763976,Daily COVID-19 PCR Test Data From Clinical Laboratories,08/24/2020,People Tested at CDPHE State Lab,2860,04/11/2021,2627
Colorado,5763976,Daily COVID-19 PCR Test Data From Clinical Laboratories,08/24/2020,People Tested at Non-CDPHE (Commerical) Labs,5224,04/11/2021,2628
Colorado,5763976,Daily COVID-19 PCR Test Data From Clinical Laboratories,08/24/2020,Cumulative People Tested at CDPHE State Lab,274948,04/11/2021,2629
Colorado,5763976,Daily COVID-19 PCR Test Data From Clinical Laboratories,08/24/2020,Cumulative People Tested at Non-CDPHE (Commerical) Labs,679062,04/11/2021,2630
Colorado,5763976,Daily COVID-19 PCR Test Data From Clinical Laboratories,08/24/2020,7-Day Average Percent Positivity,0.033,04/11/2021,2631
Colorado,5763976,Daily COVID-19 PCR Test Data From Clinical Laboratories,08/24/2020,3-Day Average Percent Positivity,0.035,04/11/2021,2632
Colorado,5763976,Daily COVID-19 Antibody Test Data From Clinical Laboratories,08/24/2020,Antibody Tests Performed,424,04/11/2021,2633
Colorado,5763976,Daily COVID-19 Antibody Test Data From Clinical Laboratories,08/24/2020,Number of negative tests,392,04/11/2021,2634
Colorado,5763976,Daily COVID-19 Antibody Test Data From Clinical Laboratories,08/24/2020,Number of positive tests,32,04/11/2021,2635
Colorado,5763976,Daily COVID-19 Antibody Test Data From Clinical Laboratories,08/24/2020,Total Tests per 100K People,7.356,04/11/2021,2636
Colorado,5763976,Daily COVID-19 Antibody Test Data From Clinical Laboratories,08/24/2020,Percent Positivity,0.075,04/11/2021,2637
Colorado,5763976,Daily COVID-19 Antibody Test Data From Clinical Laboratories,08/24/2020,7-Day Average Percent Positivity,0.075,04/11/2021,2638
Colorado,5763976,Daily COVID-19 Antibody Test Data From Clinical Laboratories,08/24/2020,3-Day Average Percent Positivity,0.07,04/11/2021,2639
Colorado,5763976,Daily COVID-19 Antibody Test Data From Clinical Laboratories,08/24/2020,Cumulative Antibody Tests Performed,153081,04/11/2021,2640
Colorado,5763976,Daily COVID-19 PCR Test Data From Clinical Laboratories,08/25/2020,Percent Positivity,0.027,04/11/2021,2641
Colorado,5763976,Daily COVID-19 PCR Test Data From Clinical Laboratories,08/25/2020,People Tested at CDPHE State Lab,1893,04/11/2021,2642
Colorado,5763976,Daily COVID-19 PCR Test Data From Clinical Laboratories,08/25/2020,People Tested at Non-CDPHE (Commerical) Labs,5264,04/11/2021,2643
Colorado,5763976,Daily COVID-19 PCR Test Data From Clinical Laboratories,08/25/2020,Cumulative People Tested at CDPHE State Lab,276841,04/11/2021,2644
Colorado,5763976,Daily COVID-19 PCR Test Data From Clinical Laboratories,08/25/2020,Cumulative People Tested at Non-CDPHE (Commerical) Labs,684326,04/11/2021,2645
Colorado,5763976,Daily COVID-19 PCR Test Data From Clinical Laboratories,08/25/2020,7-Day Average Percent Positivity,0.033,04/11/2021,2646
Colorado,5763976,Daily COVID-19 PCR Test Data From Clinical Laboratories,08/25/2020,3-Day Average Percent Positivity,0.032,04/11/2021,2647
Colorado,5763976,Daily COVID-19 Antibody Test Data From Clinical Laboratories,08/25/2020,Antibody Tests Performed,406,04/11/2021,2648
Colorado,5763976,Daily COVID-19 Antibody Test Data From Clinical Laboratories,08/25/2020,Number of negative tests,380,04/11/2021,2649
Colorado,5763976,Daily COVID-19 Antibody Test Data From Clinical Laboratories,08/25/2020,Number of positive tests,26,04/11/2021,2650
Colorado,5763976,Daily COVID-19 Antibody Test Data From Clinical Laboratories,08/25/2020,Total Tests per 100K People,7.044,04/11/2021,2651
Colorado,5763976,Daily COVID-19 Antibody Test Data From Clinical Laboratories,09/03/2020,Cumulative Antibody Tests Performed,158310,04/11/2021,2652
Colorado,5763976,Daily COVID-19 Antibody Test Data From Clinical Laboratories,08/19/2020,Cumulative Antibody Tests Performed,150241,04/11/2021,2653
Colorado,5763976,Daily COVID-19 PCR Test Data From Clinical Laboratories,09/04/2020,Percent Positivity,0.025,04/11/2021,2654
Colorado,5763976,Daily COVID-19 PCR Test Data From Clinical Laboratories,09/04/2020,People Tested at CDPHE State Lab,3759,04/11/2021,2655
Colorado,5763976,Daily COVID-19 PCR Test Data From Clinical Laboratories,09/04/2020,People Tested at Non-CDPHE (Commerical) Labs,7702,04/11/2021,2656
Colorado,5763976,Daily COVID-19 PCR Test Data From Clinical Laboratories,09/04/2020,Cumulative People Tested at CDPHE State Lab,307417,04/11/2021,2657
Colorado,5763976,Daily COVID-19 PCR Test Data From Clinical Laboratories,09/04/2020,Cumulative People Tested at Non-CDPHE (Commerical) Labs,755075,04/11/2021,2658
Colorado,5763976,Daily COVID-19 PCR Test Data From Clinical Laboratories,09/04/2020,7-Day Average Percent Positivity,0.028,04/11/2021,2659
Colorado,5763976,Daily COVID-19 PCR Test Data From Clinical Laboratories,09/04/2020,3-Day Average Percent Positivity,0.026,04/11/2021,2660
Colorado,5763976,Daily COVID-19 Antibody Test Data From Clinical Laboratories,09/04/2020,Antibody Tests Performed,614,04/11/2021,2661
Colorado,5763976,Daily COVID-19 Antibody Test Data From Clinical Laboratories,09/04/2020,Number of negative tests,573,04/11/2021,2662
Colorado,5763976,Daily COVID-19 Antibody Test Data From Clinical Laboratories,09/04/2020,Number of positive tests,41,04/11/2021,2663
Colorado,5763976,Daily COVID-19 Antibody Test Data From Clinical Laboratories,09/04/2020,Total Tests per 100K People,10.652,04/11/2021,2664
Colorado,5763976,Daily COVID-19 Antibody Test Data From Clinical Laboratories,09/04/2020,Percent Positivity,0.067,04/11/2021,2665
Colorado,5763976,Daily COVID-19 Antibody Test Data From Clinical Laboratories,09/04/2020,7-Day Average Percent Positivity,0.072,04/11/2021,2666
Colorado,5763976,Daily COVID-19 Antibody Test Data From Clinical Laboratories,09/04/2020,3-Day Average Percent Positivity,0.068,04/11/2021,2667
Colorado,5763976,Daily COVID-19 Antibody Test Data From Clinical Laboratories,09/04/2020,Cumulative Antibody Tests Performed,158924,04/11/2021,2668
Colorado,5763976,Daily COVID-19 PCR Test Data From Clinical Laboratories,09/05/2020,Percent Positivity,0.026,04/11/2021,2669
Colorado,5763976,Daily COVID-19 PCR Test Data From Clinical Laboratories,09/05/2020,People Tested at CDPHE State Lab,3146,04/11/2021,2670
Colorado,5763976,Daily COVID-19 PCR Test Data From Clinical Laboratories,09/05/2020,People Tested at Non-CDPHE (Commerical) Labs,6578,04/11/2021,2671
Colorado,5763976,Daily COVID-19 PCR Test Data From Clinical Laboratories,09/05/2020,Cumulative People Tested at CDPHE State Lab,310563,04/11/2021,2672
Colorado,5763976,Daily COVID-19 PCR Test Data From Clinical Laboratories,09/05/2020,Cumulative People Tested at Non-CDPHE (Commerical) Labs,761653,04/11/2021,2673
Colorado,5763976,Daily COVID-19 PCR Test Data From Clinical Laboratories,09/05/2020,7-Day Average Percent Positivity,0.028,04/11/2021,2674
Colorado,5763976,Daily COVID-19 PCR Test Data From Clinical Laboratories,09/05/2020,3-Day Average Percent Positivity,0.025,04/11/2021,2675
Colorado,5763976,Daily COVID-19 Antibody Test Data From Clinical Laboratories,09/05/2020,Antibody Tests Performed,460,04/11/2021,2676
Colorado,5763976,Daily COVID-19 Antibody Test Data From Clinical Laboratories,09/05/2020,Number of negative tests,440,04/11/2021,2677
Colorado,5763976,Daily COVID-19 Antibody Test Data From Clinical Laboratories,09/05/2020,Number of positive tests,20,04/11/2021,2678
Colorado,5763976,Daily COVID-19 Antibody Test Data From Clinical Laboratories,09/05/2020,Total Tests per 100K People,7.981,04/11/2021,2679
Colorado,5763976,Daily COVID-19 Antibody Test Data From Clinical Laboratories,09/05/2020,Percent Positivity,0.043,04/11/2021,2680
Colorado,5763976,Daily COVID-19 Antibody Test Data From Clinical Laboratories,09/05/2020,7-Day Average Percent Positivity,0.068,04/11/2021,2681
Colorado,5763976,Daily COVID-19 Antibody Test Data From Clinical Laboratories,09/05/2020,3-Day Average Percent Positivity,0.063,04/11/2021,2682
Colorado,5763976,Daily COVID-19 Antibody Test Data From Clinical Laboratories,09/05/2020,Cumulative Antibody Tests Performed,159384,04/11/2021,2683
Colorado,5763976,Daily COVID-19 PCR Test Data From Clinical Laboratories,09/06/2020,Percent Positivity,0.023,04/11/2021,2684
Colorado,5763976,Daily COVID-19 PCR Test Data From Clinical Laboratories,09/06/2020,People Tested at CDPHE State Lab,4538,04/11/2021,2685
Colorado,5763976,Daily COVID-19 PCR Test Data From Clinical Laboratories,09/06/2020,People Tested at Non-CDPHE (Commerical) Labs,6620,04/11/2021,2686
Colorado,5763976,Daily COVID-19 PCR Test Data From Clinical Laboratories,09/06/2020,Cumulative People Tested at CDPHE State Lab,315101,04/11/2021,2687
Colorado,5763976,Daily COVID-19 PCR Test Data From Clinical Laboratories,09/06/2020,Cumulative People Tested at Non-CDPHE (Commerical) Labs,768273,04/11/2021,2688
Colorado,5763976,Daily COVID-19 PCR Test Data From Clinical Laboratories,09/06/2020,7-Day Average Percent Positivity,0.027,04/11/2021,2689
Colorado,5763976,Daily COVID-19 PCR Test Data From Clinical Laboratories,09/06/2020,3-Day Average Percent Positivity,0.025,04/11/2021,2690
Colorado,5763976,Daily COVID-19 Antibody Test Data From Clinical Laboratories,09/06/2020,Antibody Tests Performed,295,04/11/2021,2691
Colorado,5763976,Daily COVID-19 Antibody Test Data From Clinical Laboratories,09/06/2020,Number of negative tests,266,04/11/2021,2692
Colorado,5763976,Daily COVID-19 Antibody Test Data From Clinical Laboratories,09/06/2020,Number of positive tests,29,04/11/2021,2693
Colorado,5763976,Daily COVID-19 Antibody Test Data From Clinical Laboratories,09/06/2020,Total Tests per 100K People,5.118,04/11/2021,2694
Colorado,5763976,Daily COVID-19 Antibody Test Data From Clinical Laboratories,09/06/2020,Percent Positivity,0.098,04/11/2021,2695
Colorado,5763976,Daily COVID-19 Antibody Test Data From Clinical Laboratories,09/06/2020,7-Day Average Percent Positivity,0.071,04/11/2021,2696
Colorado,5763976,Daily COVID-19 Antibody Test Data From Clinical Laboratories,09/06/2020,3-Day Average Percent Positivity,0.066,04/11/2021,2697
Colorado,5763976,Daily COVID-19 Antibody Test Data From Clinical Laboratories,09/06/2020,Cumulative Antibody Tests Performed,159679,04/11/2021,2698
Colorado,5763976,Weekly COVID-19 PCR Test Data From Clinical Laboratories,09/06/2020,People Tested at CDPHE State Lab,20952,04/11/2021,2699
Colorado,5763976,Weekly COVID-19 PCR Test Data From Clinical Laboratories,09/06/2020,People Tested at Non-CDPHE (Commerical) Labs,46760,04/11/2021,2700
Colorado,5763976,Weekly COVID-19 PCR Test Data From Clinical Laboratories,09/06/2020,Weekly Percent Positivity,0.026,04/11/2021,2701
Colorado,5763976,Weekly COVID-19 PCR Test Data From Clinical Laboratories,09/06/2020,Cumulative People Tested at CDPHE State Lab,331515,04/11/2021,2702
Colorado,5763976,Daily COVID-19 PCR Test Data From Clinical Laboratories,08/20/2020,Percent Positivity,0.029,04/11/2021,2703
Colorado,5763976,Daily COVID-19 PCR Test Data From Clinical Laboratories,08/29/2020,People Tested at CDPHE State Lab,3917,04/11/2021,2704
Colorado,5763976,Daily COVID-19 PCR Test Data From Clinical Laboratories,08/29/2020,People Tested at Non-CDPHE (Commerical) Labs,5212,04/11/2021,2705
Colorado,5763976,Daily COVID-19 PCR Test Data From Clinical Laboratories,08/29/2020,Cumulative People Tested at CDPHE State Lab,292105,04/11/2021,2706
Colorado,5763976,Daily COVID-19 PCR Test Data From Clinical Laboratories,08/29/2020,Cumulative People Tested at Non-CDPHE (Commerical) Labs,713215,04/11/2021,2707
Colorado,5763976,Daily COVID-19 PCR Test Data From Clinical Laboratories,08/29/2020,7-Day Average Percent Positivity,0.032,04/11/2021,2708
Colorado,5763976,Daily COVID-19 PCR Test Data From Clinical Laboratories,08/29/2020,3-Day Average Percent Positivity,0.03,04/11/2021,2709
Colorado,5763976,Daily COVID-19 Antibody Test Data From Clinical Laboratories,08/29/2020,Antibody Tests Performed,374,04/11/2021,2710
Colorado,5763976,Daily COVID-19 Antibody Test Data From Clinical Laboratories,08/29/2020,Number of negative tests,347,04/11/2021,2711
Colorado,5763976,Daily COVID-19 Antibody Test Data From Clinical Laboratories,08/29/2020,Number of positive tests,27,04/11/2021,2712
Colorado,5763976,Daily COVID-19 Antibody Test Data From Clinical Laboratories,08/29/2020,Total Tests per 100K People,6.489,04/11/2021,2713
Colorado,5763976,Daily COVID-19 Antibody Test Data From Clinical Laboratories,08/29/2020,Percent Positivity,0.072,04/11/2021,2714
Colorado,5763976,Daily COVID-19 Antibody Test Data From Clinical Laboratories,08/29/2020,7-Day Average Percent Positivity,0.078,04/11/2021,2715
Colorado,5763976,Daily COVID-19 Antibody Test Data From Clinical Laboratories,08/29/2020,3-Day Average Percent Positivity,0.077,04/11/2021,2716
Colorado,5763976,Daily COVID-19 Antibody Test Data From Clinical Laboratories,08/29/2020,Cumulative Antibody Tests Performed,156060,04/11/2021,2717
Colorado,5763976,Daily COVID-19 PCR Test Data From Clinical Laboratories,08/30/2020,Percent Positivity,0.025,04/11/2021,2718
Colorado,5763976,Daily COVID-19 PCR Test Data From Clinical Laboratories,08/30/2020,People Tested at CDPHE State Lab,2425,04/11/2021,2719
Colorado,5763976,Daily COVID-19 PCR Test Data From Clinical Laboratories,08/30/2020,People Tested at Non-CDPHE (Commerical) Labs,5654,04/11/2021,2720
Colorado,5763976,Daily COVID-19 PCR Test Data From Clinical Laboratories,08/30/2020,Cumulative People Tested at CDPHE State Lab,294530,04/11/2021,2721
Colorado,5763976,Daily COVID-19 PCR Test Data From Clinical Laboratories,08/30/2020,Cumulative People Tested at Non-CDPHE (Commerical) Labs,718869,04/11/2021,2722
Colorado,5763976,Daily COVID-19 PCR Test Data From Clinical Laboratories,08/30/2020,7-Day Average Percent Positivity,0.032,04/11/2021,2723
Colorado,5763976,Daily COVID-19 PCR Test Data From Clinical Laboratories,08/30/2020,3-Day Average Percent Positivity,0.028,04/11/2021,2724
Colorado,5763976,Daily COVID-19 Antibody Test Data From Clinical Laboratories,08/30/2020,Antibody Tests Performed,337,04/11/2021,2725
Colorado,5763976,Daily COVID-19 Antibody Test Data From Clinical Laboratories,08/30/2020,Number of negative tests,315,04/11/2021,2726
Colorado,5763976,Daily COVID-19 Antibody Test Data From Clinical Laboratories,08/30/2020,Number of positive tests,22,04/11/2021,2727
Colorado,5763976,Daily COVID-19 Antibody Test Data From Clinical Laboratories,08/30/2020,Total Tests per 100K People,5.847,04/11/2021,2728
Colorado,5763976,Daily COVID-19 Antibody Test Data From Clinical Laboratories,08/30/2020,Percent Positivity,0.065,04/11/2021,2729
Colorado,5763976,Daily COVID-19 Antibody Test Data From Clinical Laboratories,08/30/2020,7-Day Average Percent Positivity,0.078,04/11/2021,2730
Colorado,5763976,Daily COVID-19 Antibody Test Data From Clinical Laboratories,08/30/2020,3-Day Average Percent Positivity,0.073,04/11/2021,2731
Colorado,5763976,Daily COVID-19 Antibody Test Data From Clinical Laboratories,08/30/2020,Cumulative Antibody Tests Performed,156397,04/11/2021,2732
Colorado,5763976,Weekly COVID-19 PCR Test Data From Clinical Laboratories,08/30/2020,People Tested at CDPHE State Lab,18458,04/11/2021,2733
Colorado,5763976,Weekly COVID-19 PCR Test Data From Clinical Laboratories,08/30/2020,People Tested at Non-CDPHE (Commerical) Labs,48438,04/11/2021,2734
Colorado,5763976,Weekly COVID-19 PCR Test Data From Clinical Laboratories,08/30/2020,Weekly Percent Positivity,0.028,04/11/2021,2735
Colorado,5763976,Weekly COVID-19 PCR Test Data From Clinical Laboratories,08/30/2020,Cumulative People Tested at CDPHE State Lab,310563,04/11/2021,2736
Colorado,5763976,Weekly COVID-19 PCR Test Data From Clinical Laboratories,08/30/2020,Cumulative People Tested at Non-CDPHE (Commerical) Labs,761653,04/11/2021,2737
Colorado,5763976,Weekly COVID-19 PCR Test Data From Clinical Laboratories,08/30/2020,Percent Change in Weekly Positivity,-0.12,04/11/2021,2738
Colorado,5763976,Weekly COVID-19 Antibody Test Data From Clinical Laboratories,08/30/2020,Antibody Tests Performed,3324,04/11/2021,2739
Colorado,5763976,Weekly COVID-19 Antibody Test Data From Clinical Laboratories,08/30/2020,Number of positive tests,227,04/11/2021,2740
Colorado,5763976,Weekly COVID-19 Antibody Test Data From Clinical Laboratories,08/30/2020,Number of negative tests,3097,04/11/2021,2741
Colorado,5763976,Weekly COVID-19 Antibody Test Data From Clinical Laboratories,08/30/2020,Weekly Percent Positivity,0.068,04/11/2021,2742
Colorado,5763976,Weekly COVID-19 Antibody Test Data From Clinical Laboratories,08/30/2020,Cumulative Antibody Tests Performed,159384,04/11/2021,2743
Colorado,5763976,Weekly COVID-19 Antibody Test Data From Clinical Laboratories,08/30/2020,Percent Change in Weekly Positivity,-0.12,04/11/2021,2744
Colorado,5763976,Daily COVID-19 PCR Test Data From Clinical Laboratories,08/31/2020,Percent Positivity,0.042,04/11/2021,2745
Colorado,5763976,Daily COVID-19 PCR Test Data From Clinical Laboratories,08/31/2020,People Tested at CDPHE State Lab,327,04/11/2021,2746
Colorado,5763976,Daily COVID-19 PCR Test Data From Clinical Laboratories,08/31/2020,People Tested at Non-CDPHE (Commerical) Labs,5551,04/11/2021,2747
Colorado,5763976,Daily COVID-19 PCR Test Data From Clinical Laboratories,08/31/2020,Cumulative People Tested at CDPHE State Lab,294857,04/11/2021,2748
Colorado,5763976,Daily COVID-19 PCR Test Data From Clinical Laboratories,08/31/2020,Cumulative People Tested at Non-CDPHE (Commerical) Labs,724420,04/11/2021,2749
Colorado,5763976,Daily COVID-19 PCR Test Data From Clinical Laboratories,08/31/2020,7-Day Average Percent Positivity,0.031,04/11/2021,2750
Colorado,5763976,Daily COVID-19 PCR Test Data From Clinical Laboratories,08/31/2020,3-Day Average Percent Positivity,0.03,04/11/2021,2751
Colorado,5763976,Daily COVID-19 Antibody Test Data From Clinical Laboratories,08/31/2020,Antibody Tests Performed,388,04/11/2021,2752
Colorado,5763976,Daily COVID-19 Antibody Test Data From Clinical Laboratories,08/31/2020,Number of negative tests,354,04/11/2021,2753
Colorado,5763976,Daily COVID-19 PCR Test Data From Clinical Laboratories,08/20/2020,People Tested at CDPHE State Lab,3633,04/11/2021,2754
Colorado,5763976,Daily COVID-19 PCR Test Data From Clinical Laboratories,08/20/2020,People Tested at Non-CDPHE (Commerical) Labs,8675,04/11/2021,2755
Colorado,5763976,Daily COVID-19 PCR Test Data From Clinical Laboratories,08/20/2020,Cumulative People Tested at CDPHE State Lab,261871,04/11/2021,2756
Colorado,5763976,Daily COVID-19 PCR Test Data From Clinical Laboratories,08/20/2020,Cumulative People Tested at Non-CDPHE (Commerical) Labs,655205,04/11/2021,2757
Colorado,5763976,Daily COVID-19 PCR Test Data From Clinical Laboratories,08/20/2020,7-Day Average Percent Positivity,0.032,04/11/2021,2758
Colorado,5763976,Daily COVID-19 PCR Test Data From Clinical Laboratories,08/20/2020,3-Day Average Percent Positivity,0.033,04/11/2021,2759
Colorado,5763976,Daily COVID-19 Antibody Test Data From Clinical Laboratories,08/20/2020,Antibody Tests Performed,771,04/11/2021,2760
Colorado,5763976,Daily COVID-19 Antibody Test Data From Clinical Laboratories,08/20/2020,Number of negative tests,711,04/11/2021,2761
Colorado,5763976,Daily COVID-19 Antibody Test Data From Clinical Laboratories,08/20/2020,Number of positive tests,60,04/11/2021,2762
Colorado,5763976,Daily COVID-19 Antibody Test Data From Clinical Laboratories,08/20/2020,Total Tests per 100K People,13.376,04/11/2021,2763
Colorado,5763976,Daily COVID-19 Antibody Test Data From Clinical Laboratories,08/20/2020,Percent Positivity,0.078,04/11/2021,2764
Colorado,5763976,Daily COVID-19 Antibody Test Data From Clinical Laboratories,08/20/2020,7-Day Average Percent Positivity,0.076,04/11/2021,2765
Colorado,5763976,Daily COVID-19 Antibody Test Data From Clinical Laboratories,08/20/2020,3-Day Average Percent Positivity,0.075,04/11/2021,2766
Colorado,5763976,Daily COVID-19 Antibody Test Data From Clinical Laboratories,08/20/2020,Cumulative Antibody Tests Performed,151012,04/11/2021,2767
Colorado,5763976,Daily COVID-19 PCR Test Data From Clinical Laboratories,08/21/2020,Percent Positivity,0.027,04/11/2021,2768
Colorado,5763976,Daily COVID-19 PCR Test Data From Clinical Laboratories,08/21/2020,People Tested at CDPHE State Lab,3898,04/11/2021,2769
Colorado,5763976,Daily COVID-19 PCR Test Data From Clinical Laboratories,08/21/2020,People Tested at Non-CDPHE (Commerical) Labs,7433,04/11/2021,2770
Colorado,5763976,Daily COVID-19 PCR Test Data From Clinical Laboratories,08/21/2020,Cumulative People Tested at CDPHE State Lab,265769,04/11/2021,2771
Colorado,5763976,Daily COVID-19 PCR Test Data From Clinical Laboratories,08/21/2020,Cumulative People Tested at Non-CDPHE (Commerical) Labs,662638,04/11/2021,2772
Colorado,5763976,Daily COVID-19 PCR Test Data From Clinical Laboratories,08/21/2020,7-Day Average Percent Positivity,0.031,04/11/2021,2773
Colorado,5763976,Daily COVID-19 PCR Test Data From Clinical Laboratories,08/21/2020,3-Day Average Percent Positivity,0.032,04/11/2021,2774
Colorado,5763976,Daily COVID-19 Antibody Test Data From Clinical Laboratories,08/21/2020,Antibody Tests Performed,728,04/11/2021,2775
Colorado,5763976,Daily COVID-19 Antibody Test Data From Clinical Laboratories,08/21/2020,Number of negative tests,667,04/11/2021,2776
Colorado,5763976,Daily COVID-19 Antibody Test Data From Clinical Laboratories,08/21/2020,Number of positive tests,61,04/11/2021,2777
Colorado,5763976,Daily COVID-19 Antibody Test Data From Clinical Laboratories,08/21/2020,Total Tests per 100K People,12.63,04/11/2021,2778
Colorado,5763976,Daily COVID-19 Antibody Test Data From Clinical Laboratories,08/21/2020,Percent Positivity,0.084,04/11/2021,2779
Colorado,5763976,Daily COVID-19 Antibody Test Data From Clinical Laboratories,08/21/2020,7-Day Average Percent Positivity,0.077,04/11/2021,2780
Colorado,5763976,Daily COVID-19 Antibody Test Data From Clinical Laboratories,08/21/2020,3-Day Average Percent Positivity,0.076,04/11/2021,2781
Colorado,5763976,Daily COVID-19 Antibody Test Data From Clinical Laboratories,08/21/2020,Cumulative Antibody Tests Performed,151740,04/11/2021,2782
Colorado,5763976,Daily COVID-19 PCR Test Data From Clinical Laboratories,08/22/2020,Percent Positivity,0.036,04/11/2021,2783
Colorado,5763976,Daily COVID-19 PCR Test Data From Clinical Laboratories,08/22/2020,People Tested at CDPHE State Lab,2069,04/11/2021,2784
Colorado,5763976,Daily COVID-19 PCR Test Data From Clinical Laboratories,08/22/2020,People Tested at Non-CDPHE (Commerical) Labs,6323,04/11/2021,2785
Colorado,5763976,Daily COVID-19 PCR Test Data From Clinical Laboratories,08/22/2020,Cumulative People Tested at CDPHE State Lab,267838,04/11/2021,2786
Colorado,5763976,Daily COVID-19 PCR Test Data From Clinical Laboratories,08/22/2020,Cumulative People Tested at Non-CDPHE (Commerical) Labs,668961,04/11/2021,2787
Colorado,5763976,Daily COVID-19 PCR Test Data From Clinical Laboratories,08/22/2020,7-Day Average Percent Positivity,0.031,04/11/2021,2788
Colorado,5763976,Daily COVID-19 PCR Test Data From Clinical Laboratories,08/22/2020,3-Day Average Percent Positivity,0.03,04/11/2021,2789
Colorado,5763976,Daily COVID-19 Antibody Test Data From Clinical Laboratories,08/22/2020,Antibody Tests Performed,500,04/11/2021,2790
Colorado,5763976,Daily COVID-19 Antibody Test Data From Clinical Laboratories,08/22/2020,Number of negative tests,465,04/11/2021,2791
Colorado,5763976,Daily COVID-19 Antibody Test Data From Clinical Laboratories,08/22/2020,Number of positive tests,35,04/11/2021,2792
Colorado,5763976,Daily COVID-19 Antibody Test Data From Clinical Laboratories,08/22/2020,Total Tests per 100K People,8.675,04/11/2021,2793
Colorado,5763976,Daily COVID-19 Antibody Test Data From Clinical Laboratories,08/22/2020,Percent Positivity,0.07,04/11/2021,2794
Colorado,5763976,Daily COVID-19 Antibody Test Data From Clinical Laboratories,08/22/2020,7-Day Average Percent Positivity,0.075,04/11/2021,2795
Colorado,5763976,Daily COVID-19 Antibody Test Data From Clinical Laboratories,08/22/2020,3-Day Average Percent Positivity,0.078,04/11/2021,2796
Colorado,5763976,Daily COVID-19 Antibody Test Data From Clinical Laboratories,08/22/2020,Cumulative Antibody Tests Performed,152240,04/11/2021,2797
Colorado,5763976,Daily COVID-19 PCR Test Data From Clinical Laboratories,08/23/2020,Percent Positivity,0.024,04/11/2021,2798
Colorado,5763976,Daily COVID-19 PCR Test Data From Clinical Laboratories,08/23/2020,People Tested at CDPHE State Lab,4250,04/11/2021,2799
Colorado,5763976,Daily COVID-19 PCR Test Data From Clinical Laboratories,08/23/2020,People Tested at Non-CDPHE (Commerical) Labs,4877,04/11/2021,2800
Colorado,5763976,Daily COVID-19 Antibody Test Data From Clinical Laboratories,09/30/2020,Percent Positivity,0.124,04/11/2021,2801
Colorado,5763976,Daily COVID-19 Antibody Test Data From Clinical Laboratories,09/30/2020,7-Day Average Percent Positivity,0.088,04/11/2021,2802
Colorado,5763976,Daily COVID-19 Antibody Test Data From Clinical Laboratories,09/30/2020,3-Day Average Percent Positivity,0.097,04/11/2021,2803
Colorado,5763976,Daily COVID-19 Antibody Test Data From Clinical Laboratories,09/30/2020,Cumulative Antibody Tests Performed,169809,04/11/2021,2804
Colorado,5763976,Daily COVID-19 PCR Test Data From Clinical Laboratories,10/01/2020,Percent Positivity,0.034,04/11/2021,2805
Colorado,5763976,Daily COVID-19 PCR Test Data From Clinical Laboratories,10/01/2020,People Tested at CDPHE State Lab,5916,04/11/2021,2806
Colorado,5763976,Daily COVID-19 PCR Test Data From Clinical Laboratories,10/01/2020,People Tested at Non-CDPHE (Commerical) Labs,13560,04/11/2021,2807
Colorado,5763976,Daily COVID-19 PCR Test Data From Clinical Laboratories,10/01/2020,Cumulative People Tested at CDPHE State Lab,413078,04/11/2021,2808
Colorado,5763976,Daily COVID-19 PCR Test Data From Clinical Laboratories,10/01/2020,Cumulative People Tested at Non-CDPHE (Commerical) Labs,1000811,04/11/2021,2809
Colorado,5763976,Daily COVID-19 PCR Test Data From Clinical Laboratories,10/01/2020,7-Day Average Percent Positivity,0.033,04/11/2021,2810
Colorado,5763976,Daily COVID-19 PCR Test Data From Clinical Laboratories,10/01/2020,3-Day Average Percent Positivity,0.033,04/11/2021,2811
Colorado,5763976,Daily COVID-19 Antibody Test Data From Clinical Laboratories,10/01/2020,Antibody Tests Performed,673,04/11/2021,2812
Colorado,5763976,Daily COVID-19 Antibody Test Data From Clinical Laboratories,10/01/2020,Number of negative tests,622,04/11/2021,2813
Colorado,5763976,Daily COVID-19 Antibody Test Data From Clinical Laboratories,10/01/2020,Number of positive tests,51,04/11/2021,2814
Colorado,5763976,Daily COVID-19 Antibody Test Data From Clinical Laboratories,10/01/2020,Total Tests per 100K People,11.676,04/11/2021,2815
Colorado,5763976,Daily COVID-19 Antibody Test Data From Clinical Laboratories,10/01/2020,Percent Positivity,0.076,04/11/2021,2816
Colorado,5763976,Daily COVID-19 Antibody Test Data From Clinical Laboratories,10/01/2020,7-Day Average Percent Positivity,0.091,04/11/2021,2817
Colorado,5763976,Daily COVID-19 Antibody Test Data From Clinical Laboratories,10/01/2020,3-Day Average Percent Positivity,0.093,04/11/2021,2818
Colorado,5763976,Daily COVID-19 Antibody Test Data From Clinical Laboratories,10/01/2020,Cumulative Antibody Tests Performed,170482,04/11/2021,2819
Colorado,5763976,Daily COVID-19 PCR Test Data From Clinical Laboratories,10/02/2020,Percent Positivity,0.037,04/11/2021,2820
Colorado,5763976,Daily COVID-19 PCR Test Data From Clinical Laboratories,10/02/2020,People Tested at CDPHE State Lab,5813,04/11/2021,2821
Colorado,5763976,Daily COVID-19 PCR Test Data From Clinical Laboratories,10/02/2020,People Tested at Non-CDPHE (Commerical) Labs,12235,04/11/2021,2822
Colorado,5763976,Daily COVID-19 PCR Test Data From Clinical Laboratories,10/02/2020,Cumulative People Tested at CDPHE State Lab,418891,04/11/2021,2823
Colorado,5763976,Daily COVID-19 PCR Test Data From Clinical Laboratories,10/02/2020,Cumulative People Tested at Non-CDPHE (Commerical) Labs,1013046,04/11/2021,2824
Colorado,5763976,Daily COVID-19 PCR Test Data From Clinical Laboratories,10/02/2020,7-Day Average Percent Positivity,0.034,04/11/2021,2825
Colorado,5763976,Daily COVID-19 PCR Test Data From Clinical Laboratories,10/02/2020,3-Day Average Percent Positivity,0.035,04/11/2021,2826
Colorado,5763976,Daily COVID-19 Antibody Test Data From Clinical Laboratories,10/02/2020,Antibody Tests Performed,528,04/11/2021,2827
Colorado,5763976,Daily COVID-19 Antibody Test Data From Clinical Laboratories,10/02/2020,Number of negative tests,480,04/11/2021,2828
Colorado,5763976,Daily COVID-19 Antibody Test Data From Clinical Laboratories,10/02/2020,Number of positive tests,48,04/11/2021,2829
Colorado,5763976,Daily COVID-19 Antibody Test Data From Clinical Laboratories,10/02/2020,Total Tests per 100K People,9.16,04/11/2021,2830
Colorado,5763976,Daily COVID-19 Antibody Test Data From Clinical Laboratories,10/02/2020,Percent Positivity,0.091,04/11/2021,2831
Colorado,5763976,Daily COVID-19 Antibody Test Data From Clinical Laboratories,10/02/2020,7-Day Average Percent Positivity,0.094,04/11/2021,2832
Colorado,5763976,Daily COVID-19 Antibody Test Data From Clinical Laboratories,10/02/2020,3-Day Average Percent Positivity,0.095,04/11/2021,2833
Colorado,5763976,Daily COVID-19 Antibody Test Data From Clinical Laboratories,10/02/2020,Cumulative Antibody Tests Performed,171010,04/11/2021,2834
Colorado,5763976,Daily COVID-19 PCR Test Data From Clinical Laboratories,10/03/2020,Percent Positivity,0.035,04/11/2021,2835
Colorado,5763976,Daily COVID-19 PCR Test Data From Clinical Laboratories,10/03/2020,People Tested at CDPHE State Lab,3679,04/11/2021,2836
Colorado,5763976,Daily COVID-19 PCR Test Data From Clinical Laboratories,10/03/2020,People Tested at Non-CDPHE (Commerical) Labs,12500,04/11/2021,2837
Colorado,5763976,Daily COVID-19 PCR Test Data From Clinical Laboratories,10/03/2020,Cumulative People Tested at CDPHE State Lab,422570,04/11/2021,2838
Colorado,5763976,Daily COVID-19 PCR Test Data From Clinical Laboratories,10/03/2020,Cumulative People Tested at Non-CDPHE (Commerical) Labs,1025546,04/11/2021,2839
Colorado,5763976,Daily COVID-19 PCR Test Data From Clinical Laboratories,10/03/2020,7-Day Average Percent Positivity,0.034,04/11/2021,2840
Colorado,5763976,Daily COVID-19 PCR Test Data From Clinical Laboratories,10/03/2020,3-Day Average Percent Positivity,0.035,04/11/2021,2841
Colorado,5763976,Daily COVID-19 Antibody Test Data From Clinical Laboratories,10/03/2020,Antibody Tests Performed,472,04/11/2021,2842
Colorado,5763976,Daily COVID-19 Antibody Test Data From Clinical Laboratories,10/03/2020,Number of negative tests,431,04/11/2021,2843
Colorado,5763976,Daily COVID-19 Antibody Test Data From Clinical Laboratories,10/03/2020,Number of positive tests,41,04/11/2021,2844
Colorado,5763976,Daily COVID-19 Antibody Test Data From Clinical Laboratories,10/03/2020,Total Tests per 100K People,8.189,04/11/2021,2845
Colorado,5763976,Daily COVID-19 Antibody Test Data From Clinical Laboratories,10/03/2020,Percent Positivity,0.087,04/11/2021,2846
Colorado,5763976,Daily COVID-19 Antibody Test Data From Clinical Laboratories,10/03/2020,7-Day Average Percent Positivity,0.087,04/11/2021,2847
Colorado,5763976,Daily COVID-19 Antibody Test Data From Clinical Laboratories,10/03/2020,3-Day Average Percent Positivity,0.084,04/11/2021,2848
Colorado,5763976,Daily COVID-19 Antibody Test Data From Clinical Laboratories,10/03/2020,Cumulative Antibody Tests Performed,171482,04/11/2021,2849
Colorado,5763976,Daily COVID-19 PCR Test Data From Clinical Laboratories,10/04/2020,Percent Positivity,0.034,04/11/2021,2850
Colorado,5763976,Weekly COVID-19 PCR Test Data From Clinical Laboratories,09/27/2020,Cumulative People Tested at CDPHE State Lab,422570,04/11/2021,2851
Colorado,5763976,Daily COVID-19 Antibody Test Data From Clinical Laboratories,09/15/2020,Total Tests per 100K People,7.668,04/11/2021,2852
Colorado,5763976,Daily COVID-19 Antibody Test Data From Clinical Laboratories,09/09/2020,7-Day Average Percent Positivity,0.071,04/11/2021,2853
Colorado,5763976,Daily COVID-19 Antibody Test Data From Clinical Laboratories,09/21/2020,Number of negative tests,279,04/11/2021,2854
Colorado,5763976,Daily COVID-19 Antibody Test Data From Clinical Laboratories,09/24/2020,3-Day Average Percent Positivity,0.07,04/11/2021,2855
Colorado,5763976,Daily COVID-19 PCR Test Data From Clinical Laboratories,09/13/2020,People Tested at Non-CDPHE (Commerical) Labs,7697,04/11/2021,2856
Colorado,5763976,Daily COVID-19 PCR Test Data From Clinical Laboratories,09/19/2020,Percent Positivity,0.028,04/11/2021,2857
Colorado,5763976,Daily COVID-19 PCR Test Data From Clinical Laboratories,09/19/2020,People Tested at CDPHE State Lab,4315,04/11/2021,2858
Colorado,5763976,Daily COVID-19 PCR Test Data From Clinical Laboratories,09/19/2020,People Tested at Non-CDPHE (Commerical) Labs,8856,04/11/2021,2859
Colorado,5763976,Daily COVID-19 PCR Test Data From Clinical Laboratories,09/19/2020,Cumulative People Tested at CDPHE State Lab,357308,04/11/2021,2860
Colorado,5763976,Daily COVID-19 PCR Test Data From Clinical Laboratories,09/19/2020,Cumulative People Tested at Non-CDPHE (Commerical) Labs,868179,04/11/2021,2861
Colorado,5763976,Daily COVID-19 PCR Test Data From Clinical Laboratories,09/19/2020,7-Day Average Percent Positivity,0.031,04/11/2021,2862
Colorado,5763976,Daily COVID-19 PCR Test Data From Clinical Laboratories,09/19/2020,3-Day Average Percent Positivity,0.034,04/11/2021,2863
Colorado,5763976,Daily COVID-19 Antibody Test Data From Clinical Laboratories,09/19/2020,Antibody Tests Performed,352,04/11/2021,2864
Colorado,5763976,Daily COVID-19 Antibody Test Data From Clinical Laboratories,09/19/2020,Number of negative tests,320,04/11/2021,2865
Colorado,5763976,Daily COVID-19 Antibody Test Data From Clinical Laboratories,09/19/2020,Number of positive tests,32,04/11/2021,2866
Colorado,5763976,Daily COVID-19 Antibody Test Data From Clinical Laboratories,09/19/2020,Total Tests per 100K People,6.107,04/11/2021,2867
Colorado,5763976,Daily COVID-19 Antibody Test Data From Clinical Laboratories,09/19/2020,Percent Positivity,0.091,04/11/2021,2868
Colorado,5763976,Daily COVID-19 Antibody Test Data From Clinical Laboratories,09/19/2020,7-Day Average Percent Positivity,0.084,04/11/2021,2869
Colorado,5763976,Daily COVID-19 Antibody Test Data From Clinical Laboratories,09/19/2020,3-Day Average Percent Positivity,0.086,04/11/2021,2870
Colorado,5763976,Daily COVID-19 Antibody Test Data From Clinical Laboratories,09/19/2020,Cumulative Antibody Tests Performed,165102,04/11/2021,2871
Colorado,5763976,Daily COVID-19 PCR Test Data From Clinical Laboratories,09/20/2020,Percent Positivity,0.036,04/11/2021,2872
Colorado,5763976,Daily COVID-19 PCR Test Data From Clinical Laboratories,09/20/2020,People Tested at CDPHE State Lab,3420,04/11/2021,2873
Colorado,5763976,Daily COVID-19 PCR Test Data From Clinical Laboratories,09/20/2020,People Tested at Non-CDPHE (Commerical) Labs,7327,04/11/2021,2874
Colorado,5763976,Daily COVID-19 PCR Test Data From Clinical Laboratories,09/20/2020,Cumulative People Tested at CDPHE State Lab,360728,04/11/2021,2875
Colorado,5763976,Daily COVID-19 PCR Test Data From Clinical Laboratories,09/20/2020,Cumulative People Tested at Non-CDPHE (Commerical) Labs,875506,04/11/2021,2876
Colorado,5763976,Daily COVID-19 PCR Test Data From Clinical Laboratories,09/20/2020,7-Day Average Percent Positivity,0.032,04/11/2021,2877
Colorado,5763976,Daily COVID-19 PCR Test Data From Clinical Laboratories,09/20/2020,3-Day Average Percent Positivity,0.034,04/11/2021,2878
Colorado,5763976,Daily COVID-19 Antibody Test Data From Clinical Laboratories,09/20/2020,Antibody Tests Performed,263,04/11/2021,2879
Colorado,5763976,Daily COVID-19 Antibody Test Data From Clinical Laboratories,09/20/2020,Number of negative tests,239,04/11/2021,2880
Colorado,5763976,Daily COVID-19 Antibody Test Data From Clinical Laboratories,09/20/2020,Number of positive tests,24,04/11/2021,2881
Colorado,5763976,Daily COVID-19 Antibody Test Data From Clinical Laboratories,09/20/2020,Total Tests per 100K People,4.563,04/11/2021,2882
Colorado,5763976,Daily COVID-19 Antibody Test Data From Clinical Laboratories,09/20/2020,Percent Positivity,0.091,04/11/2021,2883
Colorado,5763976,Daily COVID-19 Antibody Test Data From Clinical Laboratories,09/20/2020,7-Day Average Percent Positivity,0.086,04/11/2021,2884
Colorado,5763976,Daily COVID-19 Antibody Test Data From Clinical Laboratories,09/20/2020,3-Day Average Percent Positivity,0.09,04/11/2021,2885
Colorado,5763976,Daily COVID-19 Antibody Test Data From Clinical Laboratories,09/20/2020,Cumulative Antibody Tests Performed,165365,04/11/2021,2886
Colorado,5763976,Weekly COVID-19 PCR Test Data From Clinical Laboratories,09/20/2020,People Tested at CDPHE State Lab,29656,04/11/2021,2887
Colorado,5763976,Weekly COVID-19 PCR Test Data From Clinical Laboratories,09/20/2020,People Tested at Non-CDPHE (Commerical) Labs,75661,04/11/2021,2888
Colorado,5763976,Weekly COVID-19 PCR Test Data From Clinical Laboratories,09/20/2020,Weekly Percent Positivity,0.037,04/11/2021,2889
Colorado,5763976,Weekly COVID-19 PCR Test Data From Clinical Laboratories,09/20/2020,Cumulative People Tested at CDPHE State Lab,386964,04/11/2021,2890
Colorado,5763976,Weekly COVID-19 PCR Test Data From Clinical Laboratories,09/20/2020,Cumulative People Tested at Non-CDPHE (Commerical) Labs,943840,04/11/2021,2891
Colorado,5763976,Weekly COVID-19 PCR Test Data From Clinical Laboratories,09/20/2020,Percent Change in Weekly Positivity,0.18,04/11/2021,2892
Colorado,5763976,Weekly COVID-19 Antibody Test Data From Clinical Laboratories,09/20/2020,Antibody Tests Performed,3250,04/11/2021,2893
Colorado,5763976,Weekly COVID-19 Antibody Test Data From Clinical Laboratories,09/20/2020,Number of positive tests,263,04/11/2021,2894
Colorado,5763976,Weekly COVID-19 Antibody Test Data From Clinical Laboratories,09/20/2020,Number of negative tests,2987,04/11/2021,2895
Colorado,5763976,Weekly COVID-19 Antibody Test Data From Clinical Laboratories,09/20/2020,Weekly Percent Positivity,0.081,04/11/2021,2896
Colorado,5763976,Weekly COVID-19 Antibody Test Data From Clinical Laboratories,09/20/2020,Cumulative Antibody Tests Performed,168352,04/11/2021,2897
Colorado,5763976,Weekly COVID-19 Antibody Test Data From Clinical Laboratories,09/20/2020,Percent Change in Weekly Positivity,-0.03,04/11/2021,2898
Colorado,5763976,Daily COVID-19 PCR Test Data From Clinical Laboratories,09/21/2020,Percent Positivity,0.035,04/11/2021,2899
Colorado,5763976,Daily COVID-19 PCR Test Data From Clinical Laboratories,09/21/2020,People Tested at CDPHE State Lab,5816,04/11/2021,2900
Colorado,5763976,Daily COVID-19 PCR Test Data From Clinical Laboratories,09/21/2020,People Tested at Non-CDPHE (Commerical) Labs,7393,04/11/2021,2901
Colorado,5763976,Daily COVID-19 PCR Test Data From Clinical Laboratories,09/21/2020,Cumulative People Tested at CDPHE State Lab,366544,04/11/2021,2902
Colorado,5763976,Daily COVID-19 PCR Test Data From Clinical Laboratories,09/21/2020,Cumulative People Tested at Non-CDPHE (Commerical) Labs,882899,04/11/2021,2903
Colorado,5763976,Daily COVID-19 PCR Test Data From Clinical Laboratories,09/21/2020,7-Day Average Percent Positivity,0.033,04/11/2021,2904
Colorado,5763976,Daily COVID-19 PCR Test Data From Clinical Laboratories,09/21/2020,3-Day Average Percent Positivity,0.033,04/11/2021,2905
Colorado,5763976,Daily COVID-19 Antibody Test Data From Clinical Laboratories,09/21/2020,Antibody Tests Performed,300,04/11/2021,2906
Colorado,5763976,Daily COVID-19 Antibody Test Data From Clinical Laboratories,09/24/2020,Cumulative Antibody Tests Performed,167348,04/11/2021,2907
Colorado,5763976,Weekly COVID-19 PCR Test Data From Clinical Laboratories,09/27/2020,Cumulative People Tested at Non-CDPHE (Commerical) Labs,1025546,04/11/2021,2908
Colorado,5763976,Daily COVID-19 Antibody Test Data From Clinical Laboratories,09/15/2020,Percent Positivity,0.05,04/11/2021,2909
Colorado,5763976,Daily COVID-19 Antibody Test Data From Clinical Laboratories,09/21/2020,Number of positive tests,21,04/11/2021,2910
Colorado,5763976,Daily COVID-19 PCR Test Data From Clinical Laboratories,09/13/2020,Cumulative People Tested at CDPHE State Lab,334366,04/11/2021,2911
Colorado,5763976,Daily COVID-19 Antibody Test Data From Clinical Laboratories,09/09/2020,3-Day Average Percent Positivity,0.076,04/11/2021,2912
Colorado,5763976,Daily COVID-19 PCR Test Data From Clinical Laboratories,09/25/2020,Percent Positivity,0.031,04/11/2021,2913
Colorado,5763976,Daily COVID-19 PCR Test Data From Clinical Laboratories,09/25/2020,People Tested at CDPHE State Lab,5391,04/11/2021,2914
Colorado,5763976,Daily COVID-19 PCR Test Data From Clinical Laboratories,09/25/2020,People Tested at Non-CDPHE (Commerical) Labs,12755,04/11/2021,2915
Colorado,5763976,Daily COVID-19 PCR Test Data From Clinical Laboratories,09/25/2020,Cumulative People Tested at CDPHE State Lab,383592,04/11/2021,2916
Colorado,5763976,Daily COVID-19 PCR Test Data From Clinical Laboratories,09/25/2020,Cumulative People Tested at Non-CDPHE (Commerical) Labs,929456,04/11/2021,2917
Colorado,5763976,Daily COVID-19 PCR Test Data From Clinical Laboratories,09/25/2020,7-Day Average Percent Positivity,0.035,04/11/2021,2918
Colorado,5763976,Daily COVID-19 PCR Test Data From Clinical Laboratories,09/25/2020,3-Day Average Percent Positivity,0.035,04/11/2021,2919
Colorado,5763976,Daily COVID-19 Antibody Test Data From Clinical Laboratories,09/25/2020,Antibody Tests Performed,556,04/11/2021,2920
Colorado,5763976,Daily COVID-19 Antibody Test Data From Clinical Laboratories,09/25/2020,Number of negative tests,515,04/11/2021,2921
Colorado,5763976,Daily COVID-19 Antibody Test Data From Clinical Laboratories,09/25/2020,Number of positive tests,41,04/11/2021,2922
Colorado,5763976,Daily COVID-19 Antibody Test Data From Clinical Laboratories,09/25/2020,Total Tests per 100K People,9.646,04/11/2021,2923
Colorado,5763976,Daily COVID-19 Antibody Test Data From Clinical Laboratories,09/25/2020,Percent Positivity,0.074,04/11/2021,2924
Colorado,5763976,Daily COVID-19 Antibody Test Data From Clinical Laboratories,09/25/2020,7-Day Average Percent Positivity,0.074,04/11/2021,2925
Colorado,5763976,Daily COVID-19 Antibody Test Data From Clinical Laboratories,09/25/2020,3-Day Average Percent Positivity,0.064,04/11/2021,2926
Colorado,5763976,Daily COVID-19 Antibody Test Data From Clinical Laboratories,09/25/2020,Cumulative Antibody Tests Performed,167904,04/11/2021,2927
Colorado,5763976,Daily COVID-19 PCR Test Data From Clinical Laboratories,09/26/2020,Percent Positivity,0.038,04/11/2021,2928
Colorado,5763976,Daily COVID-19 PCR Test Data From Clinical Laboratories,09/26/2020,People Tested at CDPHE State Lab,3372,04/11/2021,2929
Colorado,5763976,Daily COVID-19 PCR Test Data From Clinical Laboratories,09/26/2020,People Tested at Non-CDPHE (Commerical) Labs,14384,04/11/2021,2930
Colorado,5763976,Daily COVID-19 PCR Test Data From Clinical Laboratories,09/26/2020,Cumulative People Tested at CDPHE State Lab,386964,04/11/2021,2931
Colorado,5763976,Daily COVID-19 PCR Test Data From Clinical Laboratories,09/26/2020,Cumulative People Tested at Non-CDPHE (Commerical) Labs,943840,04/11/2021,2932
Colorado,5763976,Daily COVID-19 PCR Test Data From Clinical Laboratories,09/26/2020,7-Day Average Percent Positivity,0.037,04/11/2021,2933
Colorado,5763976,Daily COVID-19 PCR Test Data From Clinical Laboratories,09/26/2020,3-Day Average Percent Positivity,0.036,04/11/2021,2934
Colorado,5763976,Daily COVID-19 Antibody Test Data From Clinical Laboratories,09/26/2020,Antibody Tests Performed,448,04/11/2021,2935
Colorado,5763976,Daily COVID-19 Antibody Test Data From Clinical Laboratories,09/26/2020,Number of negative tests,388,04/11/2021,2936
Colorado,5763976,Daily COVID-19 Antibody Test Data From Clinical Laboratories,09/26/2020,Number of positive tests,60,04/11/2021,2937
Colorado,5763976,Daily COVID-19 Antibody Test Data From Clinical Laboratories,09/26/2020,Total Tests per 100K People,7.772,04/11/2021,2938
Colorado,5763976,Daily COVID-19 Antibody Test Data From Clinical Laboratories,09/26/2020,Percent Positivity,0.134,04/11/2021,2939
Colorado,5763976,Daily COVID-19 Antibody Test Data From Clinical Laboratories,09/26/2020,7-Day Average Percent Positivity,0.081,04/11/2021,2940
Colorado,5763976,Daily COVID-19 Antibody Test Data From Clinical Laboratories,09/26/2020,3-Day Average Percent Positivity,0.084,04/11/2021,2941
Colorado,5763976,Daily COVID-19 Antibody Test Data From Clinical Laboratories,09/26/2020,Cumulative Antibody Tests Performed,168352,04/11/2021,2942
Colorado,5763976,Daily COVID-19 Antibody Test Data From Clinical Laboratories,09/09/2020,Cumulative Antibody Tests Performed,160479,04/11/2021,2943
Colorado,5763976,Daily COVID-19 PCR Test Data From Clinical Laboratories,09/13/2020,Cumulative People Tested at Non-CDPHE (Commerical) Labs,816110,04/11/2021,2944
Colorado,5763976,Daily COVID-19 Antibody Test Data From Clinical Laboratories,09/21/2020,Total Tests per 100K People,5.205,04/11/2021,2945
Colorado,5763976,Daily COVID-19 Antibody Test Data From Clinical Laboratories,09/15/2020,7-Day Average Percent Positivity,0.069,04/11/2021,2946
Colorado,5763976,Weekly COVID-19 PCR Test Data From Clinical Laboratories,09/27/2020,Percent Change in Weekly Positivity,-0.08,04/11/2021,2947
Colorado,5763976,Daily COVID-19 PCR Test Data From Clinical Laboratories,09/27/2020,Percent Positivity,0.029,04/11/2021,2948
Colorado,5763976,Daily COVID-19 PCR Test Data From Clinical Laboratories,09/27/2020,People Tested at CDPHE State Lab,5046,04/11/2021,2949
Colorado,5763976,Daily COVID-19 PCR Test Data From Clinical Laboratories,09/27/2020,People Tested at Non-CDPHE (Commerical) Labs,8197,04/11/2021,2950
Colorado,5763976,Daily COVID-19 PCR Test Data From Clinical Laboratories,09/27/2020,Cumulative People Tested at CDPHE State Lab,392010,04/11/2021,2951
Colorado,5763976,Daily COVID-19 PCR Test Data From Clinical Laboratories,09/27/2020,Cumulative People Tested at Non-CDPHE (Commerical) Labs,952037,04/11/2021,2952
Colorado,5763976,Daily COVID-19 PCR Test Data From Clinical Laboratories,09/27/2020,7-Day Average Percent Positivity,0.036,04/11/2021,2953
Colorado,5763976,Daily COVID-19 PCR Test Data From Clinical Laboratories,09/27/2020,3-Day Average Percent Positivity,0.033,04/11/2021,2954
Colorado,5763976,Daily COVID-19 Antibody Test Data From Clinical Laboratories,09/27/2020,Antibody Tests Performed,219,04/11/2021,2955
Colorado,5763976,Daily COVID-19 Antibody Test Data From Clinical Laboratories,09/27/2020,Number of negative tests,205,04/11/2021,2956
Colorado,5763976,Daily COVID-19 Antibody Test Data From Clinical Laboratories,09/27/2020,Number of positive tests,14,04/11/2021,2957
Colorado,5763976,Daily COVID-19 Antibody Test Data From Clinical Laboratories,09/27/2020,Total Tests per 100K People,3.8,04/11/2021,2958
Colorado,5763976,Daily COVID-19 Antibody Test Data From Clinical Laboratories,09/27/2020,Percent Positivity,0.064,04/11/2021,2959
Colorado,5763976,Daily COVID-19 Antibody Test Data From Clinical Laboratories,09/27/2020,7-Day Average Percent Positivity,0.079,04/11/2021,2960
Colorado,5763976,Daily COVID-19 Antibody Test Data From Clinical Laboratories,09/27/2020,3-Day Average Percent Positivity,0.094,04/11/2021,2961
Colorado,5763976,Daily COVID-19 Antibody Test Data From Clinical Laboratories,09/27/2020,Cumulative Antibody Tests Performed,168571,04/11/2021,2962
Colorado,5763976,Weekly COVID-19 PCR Test Data From Clinical Laboratories,09/27/2020,People Tested at CDPHE State Lab,35606,04/11/2021,2963
Colorado,5763976,Weekly COVID-19 PCR Test Data From Clinical Laboratories,09/27/2020,People Tested at Non-CDPHE (Commerical) Labs,81706,04/11/2021,2964
Colorado,5763976,Weekly COVID-19 PCR Test Data From Clinical Laboratories,09/27/2020,Weekly Percent Positivity,0.034,04/11/2021,2965
Colorado,5763976,Daily COVID-19 PCR Test Data From Clinical Laboratories,09/13/2020,7-Day Average Percent Positivity,0.027,04/11/2021,2966
Colorado,5763976,Daily COVID-19 PCR Test Data From Clinical Laboratories,09/13/2020,3-Day Average Percent Positivity,0.028,04/11/2021,2967
Colorado,5763976,Daily COVID-19 Antibody Test Data From Clinical Laboratories,09/13/2020,Antibody Tests Performed,325,04/11/2021,2968
Colorado,5763976,Daily COVID-19 Antibody Test Data From Clinical Laboratories,09/13/2020,Number of negative tests,303,04/11/2021,2969
Colorado,5763976,Daily COVID-19 Antibody Test Data From Clinical Laboratories,09/13/2020,Number of positive tests,22,04/11/2021,2970
Colorado,5763976,Daily COVID-19 Antibody Test Data From Clinical Laboratories,09/13/2020,Total Tests per 100K People,5.638,04/11/2021,2971
Colorado,5763976,Daily COVID-19 Antibody Test Data From Clinical Laboratories,09/13/2020,Percent Positivity,0.068,04/11/2021,2972
Colorado,5763976,Daily COVID-19 Antibody Test Data From Clinical Laboratories,09/13/2020,7-Day Average Percent Positivity,0.073,04/11/2021,2973
Colorado,5763976,Daily COVID-19 Antibody Test Data From Clinical Laboratories,09/13/2020,3-Day Average Percent Positivity,0.075,04/11/2021,2974
Colorado,5763976,Daily COVID-19 Antibody Test Data From Clinical Laboratories,09/13/2020,Cumulative Antibody Tests Performed,162173,04/11/2021,2975
Colorado,5763976,Weekly COVID-19 PCR Test Data From Clinical Laboratories,09/13/2020,People Tested at CDPHE State Lab,25793,04/11/2021,2976
Colorado,5763976,Weekly COVID-19 PCR Test Data From Clinical Laboratories,09/13/2020,People Tested at Non-CDPHE (Commerical) Labs,59766,04/11/2021,2977
Colorado,5763976,Weekly COVID-19 PCR Test Data From Clinical Laboratories,09/13/2020,Weekly Percent Positivity,0.031,04/11/2021,2978
Colorado,5763976,Weekly COVID-19 PCR Test Data From Clinical Laboratories,09/13/2020,Cumulative People Tested at CDPHE State Lab,357308,04/11/2021,2979
Colorado,5763976,Weekly COVID-19 PCR Test Data From Clinical Laboratories,09/13/2020,Cumulative People Tested at Non-CDPHE (Commerical) Labs,868179,04/11/2021,2980
Colorado,5763976,Weekly COVID-19 PCR Test Data From Clinical Laboratories,09/13/2020,Percent Change in Weekly Positivity,0.19,04/11/2021,2981
Colorado,5763976,Weekly COVID-19 Antibody Test Data From Clinical Laboratories,09/13/2020,Antibody Tests Performed,3254,04/11/2021,2982
Colorado,5763976,Weekly COVID-19 Antibody Test Data From Clinical Laboratories,09/13/2020,Number of positive tests,272,04/11/2021,2983
Colorado,5763976,Weekly COVID-19 Antibody Test Data From Clinical Laboratories,09/13/2020,Number of negative tests,2982,04/11/2021,2984
Colorado,5763976,Weekly COVID-19 Antibody Test Data From Clinical Laboratories,09/13/2020,Weekly Percent Positivity,0.084,04/11/2021,2985
Colorado,5763976,Weekly COVID-19 Antibody Test Data From Clinical Laboratories,09/13/2020,Cumulative Antibody Tests Performed,165102,04/11/2021,2986
Colorado,5763976,Weekly COVID-19 Antibody Test Data From Clinical Laboratories,09/13/2020,Percent Change in Weekly Positivity,0.09,04/11/2021,2987
Colorado,5763976,Daily COVID-19 PCR Test Data From Clinical Laboratories,09/14/2020,Percent Positivity,0.028,04/11/2021,2988
Colorado,5763976,Daily COVID-19 PCR Test Data From Clinical Laboratories,09/14/2020,People Tested at CDPHE State Lab,3545,04/11/2021,2989
Colorado,5763976,Daily COVID-19 PCR Test Data From Clinical Laboratories,09/14/2020,People Tested at Non-CDPHE (Commerical) Labs,5730,04/11/2021,2990
Colorado,5763976,Daily COVID-19 PCR Test Data From Clinical Laboratories,09/14/2020,Cumulative People Tested at CDPHE State Lab,337911,04/11/2021,2991
Colorado,5763976,Daily COVID-19 PCR Test Data From Clinical Laboratories,09/14/2020,Cumulative People Tested at Non-CDPHE (Commerical) Labs,821840,04/11/2021,2992
Colorado,5763976,Daily COVID-19 PCR Test Data From Clinical Laboratories,09/14/2020,7-Day Average Percent Positivity,0.027,04/11/2021,2993
Colorado,5763976,Daily COVID-19 PCR Test Data From Clinical Laboratories,09/14/2020,3-Day Average Percent Positivity,0.029,04/11/2021,2994
Colorado,5763976,Daily COVID-19 Antibody Test Data From Clinical Laboratories,09/14/2020,Antibody Tests Performed,266,04/11/2021,2995
Colorado,5763976,Daily COVID-19 Antibody Test Data From Clinical Laboratories,09/14/2020,Number of negative tests,244,04/11/2021,2996
Colorado,5763976,Daily COVID-19 Antibody Test Data From Clinical Laboratories,09/14/2020,Number of positive tests,22,04/11/2021,2997
Colorado,5763976,Daily COVID-19 Antibody Test Data From Clinical Laboratories,09/14/2020,Total Tests per 100K People,4.615,04/11/2021,2998
Colorado,5763976,Daily COVID-19 Antibody Test Data From Clinical Laboratories,09/14/2020,Percent Positivity,0.083,04/11/2021,2999
Colorado,5763976,Daily COVID-19 Antibody Test Data From Clinical Laboratories,09/14/2020,7-Day Average Percent Positivity,0.075,04/11/2021,3000
Colorado,5763976,Daily COVID-19 Antibody Test Data From Clinical Laboratories,09/14/2020,3-Day Average Percent Positivity,0.069,04/11/2021,3001
Colorado,5763976,Daily COVID-19 Antibody Test Data From Clinical Laboratories,09/14/2020,Cumulative Antibody Tests Performed,162439,04/11/2021,3002
Colorado,5763976,Daily COVID-19 PCR Test Data From Clinical Laboratories,09/15/2020,Percent Positivity,0.029,04/11/2021,3003
Colorado,5763976,Daily COVID-19 PCR Test Data From Clinical Laboratories,09/15/2020,People Tested at CDPHE State Lab,2559,04/11/2021,3004
Colorado,5763976,Daily COVID-19 PCR Test Data From Clinical Laboratories,09/15/2020,People Tested at Non-CDPHE (Commerical) Labs,7493,04/11/2021,3005
Colorado,5763976,Daily COVID-19 PCR Test Data From Clinical Laboratories,09/15/2020,Cumulative People Tested at CDPHE State Lab,340470,04/11/2021,3006
Colorado,5763976,Daily COVID-19 PCR Test Data From Clinical Laboratories,09/15/2020,Cumulative People Tested at Non-CDPHE (Commerical) Labs,829333,04/11/2021,3007
Colorado,5763976,Daily COVID-19 PCR Test Data From Clinical Laboratories,09/15/2020,7-Day Average Percent Positivity,0.027,04/11/2021,3008
Colorado,5763976,Daily COVID-19 PCR Test Data From Clinical Laboratories,09/15/2020,3-Day Average Percent Positivity,0.029,04/11/2021,3009
Colorado,5763976,Daily COVID-19 Antibody Test Data From Clinical Laboratories,09/15/2020,Antibody Tests Performed,442,04/11/2021,3010
Colorado,5763976,Daily COVID-19 Antibody Test Data From Clinical Laboratories,09/15/2020,Number of negative tests,420,04/11/2021,3011
Colorado,5763976,Daily COVID-19 Antibody Test Data From Clinical Laboratories,09/15/2020,Number of positive tests,22,04/11/2021,3012
Colorado,5763976,Daily COVID-19 Antibody Test Data From Clinical Laboratories,09/21/2020,Percent Positivity,0.07,04/11/2021,3013
Colorado,5763976,Daily COVID-19 Antibody Test Data From Clinical Laboratories,09/15/2020,3-Day Average Percent Positivity,0.064,04/11/2021,3014
Colorado,5763976,Weekly COVID-19 Antibody Test Data From Clinical Laboratories,09/27/2020,Antibody Tests Performed,3130,04/11/2021,3015
Colorado,5763976,Daily COVID-19 PCR Test Data From Clinical Laboratories,09/10/2020,Percent Positivity,0.025,04/11/2021,3016
Colorado,5763976,Daily COVID-19 Antibody Test Data From Clinical Laboratories,09/21/2020,7-Day Average Percent Positivity,0.085,04/11/2021,3017
Colorado,5763976,Daily COVID-19 Antibody Test Data From Clinical Laboratories,09/21/2020,3-Day Average Percent Positivity,0.084,04/11/2021,3018
Colorado,5763976,Daily COVID-19 Antibody Test Data From Clinical Laboratories,09/21/2020,Cumulative Antibody Tests Performed,165665,04/11/2021,3019
Colorado,5763976,Daily COVID-19 PCR Test Data From Clinical Laboratories,09/22/2020,Percent Positivity,0.041,04/11/2021,3020
Colorado,5763976,Daily COVID-19 PCR Test Data From Clinical Laboratories,09/22/2020,People Tested at CDPHE State Lab,3969,04/11/2021,3021
Colorado,5763976,Daily COVID-19 PCR Test Data From Clinical Laboratories,09/22/2020,People Tested at Non-CDPHE (Commerical) Labs,9555,04/11/2021,3022
Colorado,5763976,Daily COVID-19 PCR Test Data From Clinical Laboratories,09/22/2020,Cumulative People Tested at CDPHE State Lab,370513,04/11/2021,3023
Colorado,5763976,Daily COVID-19 PCR Test Data From Clinical Laboratories,09/22/2020,Cumulative People Tested at Non-CDPHE (Commerical) Labs,892454,04/11/2021,3024
Colorado,5763976,Daily COVID-19 PCR Test Data From Clinical Laboratories,09/22/2020,7-Day Average Percent Positivity,0.035,04/11/2021,3025
Colorado,5763976,Daily COVID-19 PCR Test Data From Clinical Laboratories,09/22/2020,3-Day Average Percent Positivity,0.038,04/11/2021,3026
Colorado,5763976,Daily COVID-19 Antibody Test Data From Clinical Laboratories,09/22/2020,Antibody Tests Performed,531,04/11/2021,3027
Colorado,5763976,Daily COVID-19 Antibody Test Data From Clinical Laboratories,09/22/2020,Number of negative tests,482,04/11/2021,3028
Colorado,5763976,Daily COVID-19 Antibody Test Data From Clinical Laboratories,09/22/2020,Number of positive tests,49,04/11/2021,3029
Colorado,5763976,Daily COVID-19 Antibody Test Data From Clinical Laboratories,09/22/2020,Total Tests per 100K People,9.212,04/11/2021,3030
Colorado,5763976,Daily COVID-19 Antibody Test Data From Clinical Laboratories,09/22/2020,Percent Positivity,0.092,04/11/2021,3031
Colorado,5763976,Daily COVID-19 Antibody Test Data From Clinical Laboratories,09/22/2020,7-Day Average Percent Positivity,0.09,04/11/2021,3032
Colorado,5763976,Daily COVID-19 Antibody Test Data From Clinical Laboratories,09/22/2020,3-Day Average Percent Positivity,0.086,04/11/2021,3033
Colorado,5763976,Daily COVID-19 Antibody Test Data From Clinical Laboratories,09/22/2020,Cumulative Antibody Tests Performed,166196,04/11/2021,3034
Colorado,5763976,Daily COVID-19 PCR Test Data From Clinical Laboratories,09/23/2020,Percent Positivity,0.037,04/11/2021,3035
Colorado,5763976,Daily COVID-19 PCR Test Data From Clinical Laboratories,09/23/2020,People Tested at CDPHE State Lab,3475,04/11/2021,3036
Colorado,5763976,Daily COVID-19 PCR Test Data From Clinical Laboratories,09/23/2020,People Tested at Non-CDPHE (Commerical) Labs,11697,04/11/2021,3037
Colorado,5763976,Daily COVID-19 PCR Test Data From Clinical Laboratories,09/23/2020,Cumulative People Tested at CDPHE State Lab,373988,04/11/2021,3038
Colorado,5763976,Daily COVID-19 PCR Test Data From Clinical Laboratories,09/23/2020,Cumulative People Tested at Non-CDPHE (Commerical) Labs,904151,04/11/2021,3039
Colorado,5763976,Daily COVID-19 PCR Test Data From Clinical Laboratories,09/23/2020,7-Day Average Percent Positivity,0.036,04/11/2021,3040
Colorado,5763976,Daily COVID-19 PCR Test Data From Clinical Laboratories,09/23/2020,3-Day Average Percent Positivity,0.038,04/11/2021,3041
Colorado,5763976,Daily COVID-19 Antibody Test Data From Clinical Laboratories,09/23/2020,Antibody Tests Performed,589,04/11/2021,3042
Colorado,5763976,Daily COVID-19 Antibody Test Data From Clinical Laboratories,09/23/2020,Number of negative tests,552,04/11/2021,3043
Colorado,5763976,Daily COVID-19 Antibody Test Data From Clinical Laboratories,09/23/2020,Number of positive tests,37,04/11/2021,3044
Colorado,5763976,Daily COVID-19 Antibody Test Data From Clinical Laboratories,09/23/2020,Total Tests per 100K People,10.219,04/11/2021,3045
Colorado,5763976,Daily COVID-19 Antibody Test Data From Clinical Laboratories,09/23/2020,Percent Positivity,0.063,04/11/2021,3046
Colorado,5763976,Daily COVID-19 Antibody Test Data From Clinical Laboratories,09/23/2020,7-Day Average Percent Positivity,0.082,04/11/2021,3047
Colorado,5763976,Daily COVID-19 Antibody Test Data From Clinical Laboratories,09/23/2020,3-Day Average Percent Positivity,0.075,04/11/2021,3048
Colorado,5763976,Daily COVID-19 Antibody Test Data From Clinical Laboratories,09/23/2020,Cumulative Antibody Tests Performed,166785,04/11/2021,3049
Colorado,5763976,Daily COVID-19 PCR Test Data From Clinical Laboratories,09/24/2020,Percent Positivity,0.038,04/11/2021,3050
Colorado,5763976,Daily COVID-19 PCR Test Data From Clinical Laboratories,09/24/2020,People Tested at CDPHE State Lab,4213,04/11/2021,3051
Colorado,5763976,Daily COVID-19 PCR Test Data From Clinical Laboratories,09/24/2020,People Tested at Non-CDPHE (Commerical) Labs,12550,04/11/2021,3052
Colorado,5763976,Daily COVID-19 PCR Test Data From Clinical Laboratories,09/24/2020,Cumulative People Tested at CDPHE State Lab,378201,04/11/2021,3053
Colorado,5763976,Daily COVID-19 PCR Test Data From Clinical Laboratories,09/24/2020,Cumulative People Tested at Non-CDPHE (Commerical) Labs,916701,04/11/2021,3054
Colorado,5763976,Daily COVID-19 PCR Test Data From Clinical Laboratories,09/24/2020,7-Day Average Percent Positivity,0.036,04/11/2021,3055
Colorado,5763976,Daily COVID-19 PCR Test Data From Clinical Laboratories,09/24/2020,3-Day Average Percent Positivity,0.038,04/11/2021,3056
Colorado,5763976,Daily COVID-19 Antibody Test Data From Clinical Laboratories,09/24/2020,Antibody Tests Performed,563,04/11/2021,3057
Colorado,5763976,Daily COVID-19 Antibody Test Data From Clinical Laboratories,09/24/2020,Number of negative tests,532,04/11/2021,3058
Colorado,5763976,Daily COVID-19 Antibody Test Data From Clinical Laboratories,09/24/2020,Number of positive tests,31,04/11/2021,3059
Colorado,5763976,Daily COVID-19 Antibody Test Data From Clinical Laboratories,09/24/2020,Total Tests per 100K People,9.768,04/11/2021,3060
Colorado,5763976,Daily COVID-19 Antibody Test Data From Clinical Laboratories,09/24/2020,Percent Positivity,0.055,04/11/2021,3061
Colorado,5763976,Daily COVID-19 PCR Test Data From Clinical Laboratories,09/10/2020,People Tested at CDPHE State Lab,3655,04/11/2021,3062
Colorado,5763976,Weekly COVID-19 Antibody Test Data From Clinical Laboratories,09/27/2020,Number of positive tests,274,04/11/2021,3063
Colorado,5763976,Daily COVID-19 Antibody Test Data From Clinical Laboratories,09/15/2020,Cumulative Antibody Tests Performed,162881,04/11/2021,3064
Colorado,5763976,Daily COVID-19 Antibody Test Data From Clinical Laboratories,09/24/2020,7-Day Average Percent Positivity,0.077,04/11/2021,3065
Colorado,5763976,Daily COVID-19 PCR Test Data From Clinical Laboratories,09/16/2020,Percent Positivity,0.028,04/11/2021,3066
Colorado,5763976,Daily COVID-19 PCR Test Data From Clinical Laboratories,09/16/2020,People Tested at CDPHE State Lab,4356,04/11/2021,3067
Colorado,5763976,Daily COVID-19 PCR Test Data From Clinical Laboratories,09/16/2020,People Tested at Non-CDPHE (Commerical) Labs,9068,04/11/2021,3068
Colorado,5763976,Daily COVID-19 PCR Test Data From Clinical Laboratories,09/16/2020,Cumulative People Tested at CDPHE State Lab,344826,04/11/2021,3069
Colorado,5763976,Daily COVID-19 PCR Test Data From Clinical Laboratories,09/16/2020,Cumulative People Tested at Non-CDPHE (Commerical) Labs,838401,04/11/2021,3070
Colorado,5763976,Daily COVID-19 PCR Test Data From Clinical Laboratories,09/16/2020,7-Day Average Percent Positivity,0.028,04/11/2021,3071
Colorado,5763976,Daily COVID-19 PCR Test Data From Clinical Laboratories,09/16/2020,3-Day Average Percent Positivity,0.028,04/11/2021,3072
Colorado,5763976,Daily COVID-19 Antibody Test Data From Clinical Laboratories,09/16/2020,Antibody Tests Performed,585,04/11/2021,3073
Colorado,5763976,Daily COVID-19 Antibody Test Data From Clinical Laboratories,09/16/2020,Number of negative tests,520,04/11/2021,3074
Colorado,5763976,Daily COVID-19 Antibody Test Data From Clinical Laboratories,09/16/2020,Number of positive tests,65,04/11/2021,3075
Colorado,5763976,Daily COVID-19 Antibody Test Data From Clinical Laboratories,09/16/2020,Total Tests per 100K People,10.149,04/11/2021,3076
Colorado,5763976,Daily COVID-19 Antibody Test Data From Clinical Laboratories,09/16/2020,Percent Positivity,0.111,04/11/2021,3077
Colorado,5763976,Daily COVID-19 Antibody Test Data From Clinical Laboratories,09/16/2020,7-Day Average Percent Positivity,0.077,04/11/2021,3078
Colorado,5763976,Daily COVID-19 Antibody Test Data From Clinical Laboratories,09/16/2020,3-Day Average Percent Positivity,0.084,04/11/2021,3079
Colorado,5763976,Daily COVID-19 Antibody Test Data From Clinical Laboratories,09/16/2020,Cumulative Antibody Tests Performed,163466,04/11/2021,3080
Colorado,5763976,Daily COVID-19 PCR Test Data From Clinical Laboratories,09/17/2020,Percent Positivity,0.035,04/11/2021,3081
Colorado,5763976,Daily COVID-19 PCR Test Data From Clinical Laboratories,09/17/2020,People Tested at CDPHE State Lab,4502,04/11/2021,3082
Colorado,5763976,Daily COVID-19 PCR Test Data From Clinical Laboratories,09/17/2020,People Tested at Non-CDPHE (Commerical) Labs,10748,04/11/2021,3083
Colorado,5763976,Daily COVID-19 PCR Test Data From Clinical Laboratories,09/17/2020,Cumulative People Tested at CDPHE State Lab,349328,04/11/2021,3084
Colorado,5763976,Daily COVID-19 PCR Test Data From Clinical Laboratories,09/17/2020,Cumulative People Tested at Non-CDPHE (Commerical) Labs,849149,04/11/2021,3085
Colorado,5763976,Daily COVID-19 PCR Test Data From Clinical Laboratories,09/17/2020,7-Day Average Percent Positivity,0.029,04/11/2021,3086
Colorado,5763976,Daily COVID-19 PCR Test Data From Clinical Laboratories,09/17/2020,3-Day Average Percent Positivity,0.031,04/11/2021,3087
Colorado,5763976,Daily COVID-19 Antibody Test Data From Clinical Laboratories,09/17/2020,Antibody Tests Performed,606,04/11/2021,3088
Colorado,5763976,Daily COVID-19 Antibody Test Data From Clinical Laboratories,09/17/2020,Number of negative tests,557,04/11/2021,3089
Colorado,5763976,Daily COVID-19 Antibody Test Data From Clinical Laboratories,09/17/2020,Number of positive tests,49,04/11/2021,3090
Colorado,5763976,Daily COVID-19 Antibody Test Data From Clinical Laboratories,09/17/2020,Total Tests per 100K People,10.514,04/11/2021,3091
Colorado,5763976,Daily COVID-19 Antibody Test Data From Clinical Laboratories,09/17/2020,Percent Positivity,0.081,04/11/2021,3092
Colorado,5763976,Daily COVID-19 Antibody Test Data From Clinical Laboratories,09/17/2020,7-Day Average Percent Positivity,0.08,04/11/2021,3093
Colorado,5763976,Daily COVID-19 Antibody Test Data From Clinical Laboratories,09/17/2020,3-Day Average Percent Positivity,0.083,04/11/2021,3094
Colorado,5763976,Daily COVID-19 Antibody Test Data From Clinical Laboratories,09/17/2020,Cumulative Antibody Tests Performed,164072,04/11/2021,3095
Colorado,5763976,Daily COVID-19 PCR Test Data From Clinical Laboratories,09/18/2020,Percent Positivity,0.038,04/11/2021,3096
Colorado,5763976,Daily COVID-19 PCR Test Data From Clinical Laboratories,09/18/2020,People Tested at CDPHE State Lab,3665,04/11/2021,3097
Colorado,5763976,Daily COVID-19 PCR Test Data From Clinical Laboratories,09/18/2020,People Tested at Non-CDPHE (Commerical) Labs,10174,04/11/2021,3098
Colorado,5763976,Daily COVID-19 PCR Test Data From Clinical Laboratories,09/18/2020,Cumulative People Tested at CDPHE State Lab,352993,04/11/2021,3099
Colorado,5763976,Daily COVID-19 PCR Test Data From Clinical Laboratories,09/18/2020,Cumulative People Tested at Non-CDPHE (Commerical) Labs,859323,04/11/2021,3100
Colorado,5763976,Daily COVID-19 PCR Test Data From Clinical Laboratories,09/18/2020,7-Day Average Percent Positivity,0.031,04/11/2021,3101
Colorado,5763976,Daily COVID-19 PCR Test Data From Clinical Laboratories,09/18/2020,3-Day Average Percent Positivity,0.034,04/11/2021,3102
Colorado,5763976,Daily COVID-19 Antibody Test Data From Clinical Laboratories,09/18/2020,Antibody Tests Performed,678,04/11/2021,3103
Colorado,5763976,Daily COVID-19 Antibody Test Data From Clinical Laboratories,09/18/2020,Number of negative tests,618,04/11/2021,3104
Colorado,5763976,Daily COVID-19 Antibody Test Data From Clinical Laboratories,09/18/2020,Number of positive tests,60,04/11/2021,3105
Colorado,5763976,Daily COVID-19 Antibody Test Data From Clinical Laboratories,09/18/2020,Total Tests per 100K People,11.763,04/11/2021,3106
Colorado,5763976,Daily COVID-19 Antibody Test Data From Clinical Laboratories,09/18/2020,Percent Positivity,0.088,04/11/2021,3107
Colorado,5763976,Daily COVID-19 Antibody Test Data From Clinical Laboratories,09/18/2020,7-Day Average Percent Positivity,0.08,04/11/2021,3108
Colorado,5763976,Daily COVID-19 Antibody Test Data From Clinical Laboratories,09/18/2020,3-Day Average Percent Positivity,0.093,04/11/2021,3109
Colorado,5763976,Daily COVID-19 Antibody Test Data From Clinical Laboratories,09/18/2020,Cumulative Antibody Tests Performed,164750,04/11/2021,3110
Colorado,5763976,Weekly COVID-19 Antibody Test Data From Clinical Laboratories,09/27/2020,Number of negative tests,2856,04/11/2021,3111
Colorado,5763976,Weekly COVID-19 Antibody Test Data From Clinical Laboratories,09/27/2020,Weekly Percent Positivity,0.087,04/11/2021,3112
Colorado,5763976,Weekly COVID-19 Antibody Test Data From Clinical Laboratories,09/27/2020,Cumulative Antibody Tests Performed,171482,04/11/2021,3113
Colorado,5763976,Weekly COVID-19 Antibody Test Data From Clinical Laboratories,09/27/2020,Percent Change in Weekly Positivity,0.08,04/11/2021,3114
Colorado,5763976,Daily COVID-19 PCR Test Data From Clinical Laboratories,09/28/2020,Percent Positivity,0.034,04/11/2021,3115
Colorado,5763976,Daily COVID-19 PCR Test Data From Clinical Laboratories,09/28/2020,People Tested at CDPHE State Lab,5537,04/11/2021,3116
Colorado,5763976,Daily COVID-19 PCR Test Data From Clinical Laboratories,09/28/2020,People Tested at Non-CDPHE (Commerical) Labs,8973,04/11/2021,3117
Colorado,5763976,Daily COVID-19 PCR Test Data From Clinical Laboratories,09/28/2020,Cumulative People Tested at CDPHE State Lab,397547,04/11/2021,3118
Colorado,5763976,Daily COVID-19 PCR Test Data From Clinical Laboratories,09/28/2020,Cumulative People Tested at Non-CDPHE (Commerical) Labs,961010,04/11/2021,3119
Colorado,5763976,Daily COVID-19 PCR Test Data From Clinical Laboratories,09/28/2020,7-Day Average Percent Positivity,0.036,04/11/2021,3120
Colorado,5763976,Daily COVID-19 PCR Test Data From Clinical Laboratories,09/28/2020,3-Day Average Percent Positivity,0.034,04/11/2021,3121
Colorado,5763976,Daily COVID-19 Antibody Test Data From Clinical Laboratories,09/28/2020,Antibody Tests Performed,355,04/11/2021,3122
Colorado,5763976,Daily COVID-19 Antibody Test Data From Clinical Laboratories,09/28/2020,Number of negative tests,329,04/11/2021,3123
Colorado,5763976,Daily COVID-19 Antibody Test Data From Clinical Laboratories,09/28/2020,Number of positive tests,26,04/11/2021,3124
Colorado,5763976,Daily COVID-19 Antibody Test Data From Clinical Laboratories,09/28/2020,Total Tests per 100K People,6.159,04/11/2021,3125
Colorado,5763976,Daily COVID-19 Antibody Test Data From Clinical Laboratories,09/28/2020,Percent Positivity,0.073,04/11/2021,3126
Colorado,5763976,Daily COVID-19 Antibody Test Data From Clinical Laboratories,09/28/2020,7-Day Average Percent Positivity,0.079,04/11/2021,3127
Colorado,5763976,Daily COVID-19 Antibody Test Data From Clinical Laboratories,09/28/2020,3-Day Average Percent Positivity,0.098,04/11/2021,3128
Colorado,5763976,Daily COVID-19 Antibody Test Data From Clinical Laboratories,09/28/2020,Cumulative Antibody Tests Performed,168926,04/11/2021,3129
Colorado,5763976,Daily COVID-19 PCR Test Data From Clinical Laboratories,09/29/2020,Percent Positivity,0.031,04/11/2021,3130
Colorado,5763976,Daily COVID-19 PCR Test Data From Clinical Laboratories,09/29/2020,People Tested at CDPHE State Lab,4317,04/11/2021,3131
Colorado,5763976,Daily COVID-19 PCR Test Data From Clinical Laboratories,09/29/2020,People Tested at Non-CDPHE (Commerical) Labs,11751,04/11/2021,3132
Colorado,5763976,Daily COVID-19 PCR Test Data From Clinical Laboratories,09/29/2020,Cumulative People Tested at CDPHE State Lab,401864,04/11/2021,3133
Colorado,5763976,Daily COVID-19 PCR Test Data From Clinical Laboratories,09/29/2020,Cumulative People Tested at Non-CDPHE (Commerical) Labs,972761,04/11/2021,3134
Colorado,5763976,Daily COVID-19 PCR Test Data From Clinical Laboratories,09/29/2020,7-Day Average Percent Positivity,0.034,04/11/2021,3135
Colorado,5763976,Daily COVID-19 PCR Test Data From Clinical Laboratories,09/29/2020,3-Day Average Percent Positivity,0.031,04/11/2021,3136
Colorado,5763976,Daily COVID-19 Antibody Test Data From Clinical Laboratories,09/29/2020,Antibody Tests Performed,349,04/11/2021,3137
Colorado,5763976,Daily COVID-19 Antibody Test Data From Clinical Laboratories,09/29/2020,Number of negative tests,321,04/11/2021,3138
Colorado,5763976,Daily COVID-19 Antibody Test Data From Clinical Laboratories,09/29/2020,Number of positive tests,28,04/11/2021,3139
Colorado,5763976,Daily COVID-19 Antibody Test Data From Clinical Laboratories,09/29/2020,Total Tests per 100K People,6.055,04/11/2021,3140
Colorado,5763976,Daily COVID-19 Antibody Test Data From Clinical Laboratories,09/29/2020,Percent Positivity,0.08,04/11/2021,3141
Colorado,5763976,Daily COVID-19 Antibody Test Data From Clinical Laboratories,09/29/2020,7-Day Average Percent Positivity,0.077,04/11/2021,3142
Colorado,5763976,Daily COVID-19 Antibody Test Data From Clinical Laboratories,09/29/2020,3-Day Average Percent Positivity,0.074,04/11/2021,3143
Colorado,5763976,Daily COVID-19 Antibody Test Data From Clinical Laboratories,09/29/2020,Cumulative Antibody Tests Performed,169275,04/11/2021,3144
Colorado,5763976,Daily COVID-19 PCR Test Data From Clinical Laboratories,09/30/2020,Percent Positivity,0.035,04/11/2021,3145
Colorado,5763976,Daily COVID-19 PCR Test Data From Clinical Laboratories,09/30/2020,People Tested at CDPHE State Lab,5298,04/11/2021,3146
Colorado,5763976,Daily COVID-19 PCR Test Data From Clinical Laboratories,09/30/2020,People Tested at Non-CDPHE (Commerical) Labs,14490,04/11/2021,3147
Colorado,5763976,Daily COVID-19 PCR Test Data From Clinical Laboratories,09/10/2020,People Tested at Non-CDPHE (Commerical) Labs,7263,04/11/2021,3148
Colorado,5763976,Daily COVID-19 PCR Test Data From Clinical Laboratories,09/30/2020,Cumulative People Tested at CDPHE State Lab,407162,04/11/2021,3149
Colorado,5763976,Daily COVID-19 PCR Test Data From Clinical Laboratories,09/30/2020,Cumulative People Tested at Non-CDPHE (Commerical) Labs,987251,04/11/2021,3150
Colorado,5763976,Daily COVID-19 PCR Test Data From Clinical Laboratories,09/30/2020,7-Day Average Percent Positivity,0.034,04/11/2021,3151
Colorado,5763976,Daily COVID-19 PCR Test Data From Clinical Laboratories,09/30/2020,3-Day Average Percent Positivity,0.033,04/11/2021,3152
Colorado,5763976,Daily COVID-19 Antibody Test Data From Clinical Laboratories,09/30/2020,Antibody Tests Performed,534,04/11/2021,3153
Colorado,5763976,Daily COVID-19 Antibody Test Data From Clinical Laboratories,09/30/2020,Number of negative tests,468,04/11/2021,3154
Colorado,5763976,Daily COVID-19 Antibody Test Data From Clinical Laboratories,09/30/2020,Number of positive tests,66,04/11/2021,3155
Colorado,5763976,Daily COVID-19 Antibody Test Data From Clinical Laboratories,09/30/2020,Total Tests per 100K People,9.264,04/11/2021,3156
Colorado,5763976,Daily COVID-19 PCR Test Data From Clinical Laboratories,09/10/2020,Cumulative People Tested at CDPHE State Lab,323650,04/11/2021,3157
Colorado,5763976,Daily COVID-19 PCR Test Data From Clinical Laboratories,09/10/2020,Cumulative People Tested at Non-CDPHE (Commerical) Labs,789432,04/11/2021,3158
Colorado,5763976,Daily COVID-19 PCR Test Data From Clinical Laboratories,09/10/2020,7-Day Average Percent Positivity,0.026,04/11/2021,3159
Colorado,5763976,Daily COVID-19 PCR Test Data From Clinical Laboratories,09/10/2020,3-Day Average Percent Positivity,0.025,04/11/2021,3160
Colorado,5763976,Daily COVID-19 Antibody Test Data From Clinical Laboratories,09/10/2020,Antibody Tests Performed,415,04/11/2021,3161
Colorado,5763976,Daily COVID-19 Antibody Test Data From Clinical Laboratories,09/10/2020,Number of negative tests,390,04/11/2021,3162
Colorado,5763976,Daily COVID-19 Antibody Test Data From Clinical Laboratories,09/10/2020,Number of positive tests,25,04/11/2021,3163
Colorado,5763976,Daily COVID-19 Antibody Test Data From Clinical Laboratories,09/10/2020,Total Tests per 100K People,7.2,04/11/2021,3164
Colorado,5763976,Daily COVID-19 Antibody Test Data From Clinical Laboratories,09/10/2020,Percent Positivity,0.06,04/11/2021,3165
Colorado,5763976,Daily COVID-19 Antibody Test Data From Clinical Laboratories,09/10/2020,7-Day Average Percent Positivity,0.068,04/11/2021,3166
Colorado,5763976,Daily COVID-19 Antibody Test Data From Clinical Laboratories,09/10/2020,3-Day Average Percent Positivity,0.074,04/11/2021,3167
Colorado,5763976,Daily COVID-19 Antibody Test Data From Clinical Laboratories,09/10/2020,Cumulative Antibody Tests Performed,160894,04/11/2021,3168
Colorado,5763976,Daily COVID-19 PCR Test Data From Clinical Laboratories,09/11/2020,Percent Positivity,0.024,04/11/2021,3169
Colorado,5763976,Daily COVID-19 PCR Test Data From Clinical Laboratories,09/11/2020,People Tested at CDPHE State Lab,4382,04/11/2021,3170
Colorado,5763976,Daily COVID-19 PCR Test Data From Clinical Laboratories,09/11/2020,People Tested at Non-CDPHE (Commerical) Labs,9510,04/11/2021,3171
Colorado,5763976,Daily COVID-19 PCR Test Data From Clinical Laboratories,09/11/2020,Cumulative People Tested at CDPHE State Lab,328032,04/11/2021,3172
Colorado,5763976,Daily COVID-19 PCR Test Data From Clinical Laboratories,09/11/2020,Cumulative People Tested at Non-CDPHE (Commerical) Labs,798942,04/11/2021,3173
Colorado,5763976,Daily COVID-19 PCR Test Data From Clinical Laboratories,09/11/2020,7-Day Average Percent Positivity,0.025,04/11/2021,3174
Colorado,5763976,Daily COVID-19 PCR Test Data From Clinical Laboratories,09/11/2020,3-Day Average Percent Positivity,0.024,04/11/2021,3175
Colorado,5763976,Daily COVID-19 Antibody Test Data From Clinical Laboratories,09/11/2020,Antibody Tests Performed,537,04/11/2021,3176
Colorado,5763976,Daily COVID-19 Antibody Test Data From Clinical Laboratories,09/11/2020,Number of negative tests,489,04/11/2021,3177
Colorado,5763976,Daily COVID-19 Antibody Test Data From Clinical Laboratories,09/11/2020,Number of positive tests,48,04/11/2021,3178
Colorado,5763976,Daily COVID-19 Antibody Test Data From Clinical Laboratories,09/11/2020,Total Tests per 100K People,9.316,04/11/2021,3179
Colorado,5763976,Daily COVID-19 Antibody Test Data From Clinical Laboratories,09/11/2020,Percent Positivity,0.089,04/11/2021,3180
Colorado,5763976,Daily COVID-19 Antibody Test Data From Clinical Laboratories,09/11/2020,7-Day Average Percent Positivity,0.073,04/11/2021,3181
Colorado,5763976,Daily COVID-19 Antibody Test Data From Clinical Laboratories,09/11/2020,3-Day Average Percent Positivity,0.075,04/11/2021,3182
Colorado,5763976,Daily COVID-19 Antibody Test Data From Clinical Laboratories,09/11/2020,Cumulative Antibody Tests Performed,161431,04/11/2021,3183
Colorado,5763976,Daily COVID-19 PCR Test Data From Clinical Laboratories,09/12/2020,Percent Positivity,0.03,04/11/2021,3184
Colorado,5763976,Daily COVID-19 PCR Test Data From Clinical Laboratories,09/12/2020,People Tested at CDPHE State Lab,3483,04/11/2021,3185
Colorado,5763976,Daily COVID-19 PCR Test Data From Clinical Laboratories,09/12/2020,People Tested at Non-CDPHE (Commerical) Labs,9471,04/11/2021,3186
Colorado,5763976,Daily COVID-19 PCR Test Data From Clinical Laboratories,09/12/2020,Cumulative People Tested at CDPHE State Lab,331515,04/11/2021,3187
Colorado,5763976,Daily COVID-19 PCR Test Data From Clinical Laboratories,09/12/2020,Cumulative People Tested at Non-CDPHE (Commerical) Labs,808413,04/11/2021,3188
Colorado,5763976,Daily COVID-19 PCR Test Data From Clinical Laboratories,09/12/2020,7-Day Average Percent Positivity,0.026,04/11/2021,3189
Colorado,5763976,Daily COVID-19 PCR Test Data From Clinical Laboratories,09/12/2020,3-Day Average Percent Positivity,0.026,04/11/2021,3190
Colorado,5763976,Daily COVID-19 Antibody Test Data From Clinical Laboratories,09/12/2020,Antibody Tests Performed,417,04/11/2021,3191
Colorado,5763976,Daily COVID-19 Antibody Test Data From Clinical Laboratories,09/12/2020,Number of negative tests,391,04/11/2021,3192
Colorado,5763976,Daily COVID-19 Antibody Test Data From Clinical Laboratories,09/12/2020,Number of positive tests,26,04/11/2021,3193
Colorado,5763976,Daily COVID-19 Antibody Test Data From Clinical Laboratories,09/12/2020,Total Tests per 100K People,7.235,04/11/2021,3194
Colorado,5763976,Daily COVID-19 Antibody Test Data From Clinical Laboratories,09/12/2020,Percent Positivity,0.062,04/11/2021,3195
Colorado,5763976,Daily COVID-19 Antibody Test Data From Clinical Laboratories,09/12/2020,7-Day Average Percent Positivity,0.077,04/11/2021,3196
Colorado,5763976,Daily COVID-19 Antibody Test Data From Clinical Laboratories,09/12/2020,3-Day Average Percent Positivity,0.072,04/11/2021,3197
Colorado,5763976,Daily COVID-19 Antibody Test Data From Clinical Laboratories,09/12/2020,Cumulative Antibody Tests Performed,161848,04/11/2021,3198
Colorado,5763976,Daily COVID-19 PCR Test Data From Clinical Laboratories,09/13/2020,Percent Positivity,0.03,04/11/2021,3199
Colorado,5763976,Daily COVID-19 PCR Test Data From Clinical Laboratories,09/13/2020,People Tested at CDPHE State Lab,2851,04/11/2021,3200
Colorado,5763976,Daily COVID-19 PCR Test Data From Clinical Laboratories,10/25/2020,Percent Positivity,0.077,04/11/2021,3201
Colorado,5763976,Daily COVID-19 PCR Test Data From Clinical Laboratories,10/25/2020,People Tested at CDPHE State Lab,7333,04/11/2021,3202
Colorado,5763976,Daily COVID-19 PCR Test Data From Clinical Laboratories,10/25/2020,People Tested at Non-CDPHE (Commerical) Labs,24517,04/11/2021,3203
Colorado,5763976,Daily COVID-19 PCR Test Data From Clinical Laboratories,10/25/2020,Cumulative People Tested at CDPHE State Lab,554841,04/11/2021,3204
Colorado,5763976,Daily COVID-19 PCR Test Data From Clinical Laboratories,10/25/2020,Cumulative People Tested at Non-CDPHE (Commerical) Labs,1339938,04/11/2021,3205
Colorado,5763976,Daily COVID-19 PCR Test Data From Clinical Laboratories,10/25/2020,7-Day Average Percent Positivity,0.067,04/11/2021,3206
Colorado,5763976,Daily COVID-19 PCR Test Data From Clinical Laboratories,10/25/2020,3-Day Average Percent Positivity,0.072,04/11/2021,3207
Colorado,5763976,Daily COVID-19 Antibody Test Data From Clinical Laboratories,10/25/2020,Antibody Tests Performed,1287,04/11/2021,3208
Colorado,5763976,Daily COVID-19 Antibody Test Data From Clinical Laboratories,10/25/2020,Number of negative tests,990,04/11/2021,3209
Colorado,5763976,Daily COVID-19 Antibody Test Data From Clinical Laboratories,10/25/2020,Number of positive tests,297,04/11/2021,3210
Colorado,5763976,Daily COVID-19 Antibody Test Data From Clinical Laboratories,10/25/2020,Total Tests per 100K People,22.328,04/11/2021,3211
Colorado,5763976,Daily COVID-19 Antibody Test Data From Clinical Laboratories,10/25/2020,Percent Positivity,0.231,04/11/2021,3212
Colorado,5763976,Daily COVID-19 Antibody Test Data From Clinical Laboratories,10/25/2020,7-Day Average Percent Positivity,0.149,04/11/2021,3213
Colorado,5763976,Daily COVID-19 Antibody Test Data From Clinical Laboratories,10/25/2020,3-Day Average Percent Positivity,0.189,04/11/2021,3214
Colorado,5763976,Daily COVID-19 Antibody Test Data From Clinical Laboratories,10/25/2020,Cumulative Antibody Tests Performed,182731,04/11/2021,3215
Colorado,5763976,Weekly COVID-19 PCR Test Data From Clinical Laboratories,10/25/2020,People Tested at CDPHE State Lab,54808,04/11/2021,3216
Colorado,5763976,Weekly COVID-19 PCR Test Data From Clinical Laboratories,10/25/2020,People Tested at Non-CDPHE (Commerical) Labs,131538,04/11/2021,3217
Colorado,5763976,Weekly COVID-19 PCR Test Data From Clinical Laboratories,10/25/2020,Weekly Percent Positivity,0.083,04/11/2021,3218
Colorado,5763976,Weekly COVID-19 PCR Test Data From Clinical Laboratories,10/25/2020,Cumulative People Tested at CDPHE State Lab,602316,04/11/2021,3219
Colorado,5763976,Weekly COVID-19 PCR Test Data From Clinical Laboratories,10/25/2020,Cumulative People Tested at Non-CDPHE (Commerical) Labs,1446959,04/11/2021,3220
Colorado,5763976,Weekly COVID-19 PCR Test Data From Clinical Laboratories,10/25/2020,Percent Change in Weekly Positivity,0.29,04/11/2021,3221
Colorado,5763976,Weekly COVID-19 Antibody Test Data From Clinical Laboratories,10/25/2020,Antibody Tests Performed,4505,04/11/2021,3222
Colorado,5763976,Weekly COVID-19 Antibody Test Data From Clinical Laboratories,10/25/2020,Number of positive tests,715,04/11/2021,3223
Colorado,5763976,Weekly COVID-19 Antibody Test Data From Clinical Laboratories,10/25/2020,Number of negative tests,3790,04/11/2021,3224
Colorado,5763976,Weekly COVID-19 Antibody Test Data From Clinical Laboratories,10/25/2020,Weekly Percent Positivity,0.159,04/11/2021,3225
Colorado,5763976,Weekly COVID-19 Antibody Test Data From Clinical Laboratories,10/25/2020,Cumulative Antibody Tests Performed,185949,04/11/2021,3226
Colorado,5763976,Weekly COVID-19 Antibody Test Data From Clinical Laboratories,10/25/2020,Percent Change in Weekly Positivity,0.42,04/11/2021,3227
Colorado,5763976,Daily COVID-19 PCR Test Data From Clinical Laboratories,10/26/2020,Percent Positivity,0.073,04/11/2021,3228
Colorado,5763976,Daily COVID-19 PCR Test Data From Clinical Laboratories,10/26/2020,People Tested at CDPHE State Lab,7099,04/11/2021,3229
Colorado,5763976,Daily COVID-19 PCR Test Data From Clinical Laboratories,10/26/2020,People Tested at Non-CDPHE (Commerical) Labs,11754,04/11/2021,3230
Colorado,5763976,Daily COVID-19 PCR Test Data From Clinical Laboratories,10/26/2020,Cumulative People Tested at CDPHE State Lab,561940,04/11/2021,3231
Colorado,5763976,Daily COVID-19 PCR Test Data From Clinical Laboratories,10/26/2020,Cumulative People Tested at Non-CDPHE (Commerical) Labs,1351692,04/11/2021,3232
Colorado,5763976,Daily COVID-19 PCR Test Data From Clinical Laboratories,10/26/2020,7-Day Average Percent Positivity,0.068,04/11/2021,3233
Colorado,5763976,Daily COVID-19 PCR Test Data From Clinical Laboratories,10/26/2020,3-Day Average Percent Positivity,0.075,04/11/2021,3234
Colorado,5763976,Daily COVID-19 Antibody Test Data From Clinical Laboratories,10/26/2020,Antibody Tests Performed,238,04/11/2021,3235
Colorado,5763976,Daily COVID-19 Antibody Test Data From Clinical Laboratories,10/26/2020,Number of negative tests,213,04/11/2021,3236
Colorado,5763976,Daily COVID-19 Antibody Test Data From Clinical Laboratories,10/26/2020,Number of positive tests,25,04/11/2021,3237
Colorado,5763976,Daily COVID-19 Antibody Test Data From Clinical Laboratories,10/26/2020,Total Tests per 100K People,4.129,04/11/2021,3238
Colorado,5763976,Daily COVID-19 Antibody Test Data From Clinical Laboratories,10/26/2020,Percent Positivity,0.105,04/11/2021,3239
Colorado,5763976,Daily COVID-19 Antibody Test Data From Clinical Laboratories,10/26/2020,7-Day Average Percent Positivity,0.15,04/11/2021,3240
Colorado,5763976,Daily COVID-19 Antibody Test Data From Clinical Laboratories,10/26/2020,3-Day Average Percent Positivity,0.201,04/11/2021,3241
Colorado,5763976,Daily COVID-19 Antibody Test Data From Clinical Laboratories,10/26/2020,Cumulative Antibody Tests Performed,182969,04/11/2021,3242
Colorado,5763976,Daily COVID-19 PCR Test Data From Clinical Laboratories,10/27/2020,Percent Positivity,0.072,04/11/2021,3243
Colorado,5763976,Daily COVID-19 PCR Test Data From Clinical Laboratories,10/27/2020,People Tested at CDPHE State Lab,7209,04/11/2021,3244
Colorado,5763976,Daily COVID-19 PCR Test Data From Clinical Laboratories,10/27/2020,People Tested at Non-CDPHE (Commerical) Labs,10851,04/11/2021,3245
Colorado,5763976,Daily COVID-19 PCR Test Data From Clinical Laboratories,10/27/2020,Cumulative People Tested at CDPHE State Lab,569149,04/11/2021,3246
Colorado,5763976,Daily COVID-19 PCR Test Data From Clinical Laboratories,10/27/2020,Cumulative People Tested at Non-CDPHE (Commerical) Labs,1362543,04/11/2021,3247
Colorado,5763976,Daily COVID-19 PCR Test Data From Clinical Laboratories,10/27/2020,7-Day Average Percent Positivity,0.069,04/11/2021,3248
Colorado,5763976,Daily COVID-19 PCR Test Data From Clinical Laboratories,10/27/2020,3-Day Average Percent Positivity,0.074,04/11/2021,3249
Colorado,5763976,Daily COVID-19 Antibody Test Data From Clinical Laboratories,10/27/2020,Antibody Tests Performed,428,04/11/2021,3250
Colorado,5763976,Daily COVID-19 Antibody Test Data From Clinical Laboratories,10/12/2020,Antibody Tests Performed,325,04/11/2021,3251
Colorado,5763976,Weekly COVID-19 PCR Test Data From Clinical Laboratories,10/18/2020,Weekly Percent Positivity,0.064,04/11/2021,3252
Colorado,5763976,Daily COVID-19 Antibody Test Data From Clinical Laboratories,10/06/2020,Number of positive tests,31,04/11/2021,3253
Colorado,5763976,Daily COVID-19 PCR Test Data From Clinical Laboratories,10/04/2020,People Tested at CDPHE State Lab,5827,04/11/2021,3254
Colorado,5763976,Daily COVID-19 Antibody Test Data From Clinical Laboratories,10/12/2020,Number of negative tests,306,04/11/2021,3255
Colorado,5763976,Daily COVID-19 Antibody Test Data From Clinical Laboratories,10/12/2020,Number of positive tests,19,04/11/2021,3256
Colorado,5763976,Daily COVID-19 Antibody Test Data From Clinical Laboratories,10/12/2020,Total Tests per 100K People,5.638,04/11/2021,3257
Colorado,5763976,Daily COVID-19 Antibody Test Data From Clinical Laboratories,10/12/2020,Percent Positivity,0.059,04/11/2021,3258
Colorado,5763976,Daily COVID-19 Antibody Test Data From Clinical Laboratories,10/12/2020,7-Day Average Percent Positivity,0.087,04/11/2021,3259
Colorado,5763976,Daily COVID-19 Antibody Test Data From Clinical Laboratories,10/12/2020,3-Day Average Percent Positivity,0.077,04/11/2021,3260
Colorado,5763976,Daily COVID-19 Antibody Test Data From Clinical Laboratories,10/12/2020,Cumulative Antibody Tests Performed,175524,04/11/2021,3261
Colorado,5763976,Daily COVID-19 PCR Test Data From Clinical Laboratories,10/13/2020,Percent Positivity,0.045,04/11/2021,3262
Colorado,5763976,Daily COVID-19 PCR Test Data From Clinical Laboratories,10/13/2020,People Tested at CDPHE State Lab,4045,04/11/2021,3263
Colorado,5763976,Daily COVID-19 PCR Test Data From Clinical Laboratories,10/13/2020,People Tested at Non-CDPHE (Commerical) Labs,10264,04/11/2021,3264
Colorado,5763976,Daily COVID-19 PCR Test Data From Clinical Laboratories,10/13/2020,Cumulative People Tested at CDPHE State Lab,473474,04/11/2021,3265
Colorado,5763976,Daily COVID-19 PCR Test Data From Clinical Laboratories,10/13/2020,Cumulative People Tested at Non-CDPHE (Commerical) Labs,1149197,04/11/2021,3266
Colorado,5763976,Daily COVID-19 PCR Test Data From Clinical Laboratories,10/13/2020,7-Day Average Percent Positivity,0.045,04/11/2021,3267
Colorado,5763976,Daily COVID-19 PCR Test Data From Clinical Laboratories,10/13/2020,3-Day Average Percent Positivity,0.053,04/11/2021,3268
Colorado,5763976,Daily COVID-19 Antibody Test Data From Clinical Laboratories,10/13/2020,Antibody Tests Performed,355,04/11/2021,3269
Colorado,5763976,Daily COVID-19 Antibody Test Data From Clinical Laboratories,10/13/2020,Number of negative tests,323,04/11/2021,3270
Colorado,5763976,Daily COVID-19 Antibody Test Data From Clinical Laboratories,10/13/2020,Number of positive tests,32,04/11/2021,3271
Colorado,5763976,Daily COVID-19 Antibody Test Data From Clinical Laboratories,10/13/2020,Total Tests per 100K People,6.159,04/11/2021,3272
Colorado,5763976,Daily COVID-19 Antibody Test Data From Clinical Laboratories,10/13/2020,Percent Positivity,0.09,04/11/2021,3273
Colorado,5763976,Daily COVID-19 Antibody Test Data From Clinical Laboratories,10/13/2020,7-Day Average Percent Positivity,0.087,04/11/2021,3274
Colorado,5763976,Daily COVID-19 Antibody Test Data From Clinical Laboratories,10/13/2020,3-Day Average Percent Positivity,0.078,04/11/2021,3275
Colorado,5763976,Daily COVID-19 Antibody Test Data From Clinical Laboratories,10/13/2020,Cumulative Antibody Tests Performed,175879,04/11/2021,3276
Colorado,5763976,Daily COVID-19 PCR Test Data From Clinical Laboratories,10/14/2020,Percent Positivity,0.051,04/11/2021,3277
Colorado,5763976,Daily COVID-19 PCR Test Data From Clinical Laboratories,10/14/2020,People Tested at CDPHE State Lab,6882,04/11/2021,3278
Colorado,5763976,Daily COVID-19 PCR Test Data From Clinical Laboratories,10/14/2020,People Tested at Non-CDPHE (Commerical) Labs,15732,04/11/2021,3279
Colorado,5763976,Daily COVID-19 PCR Test Data From Clinical Laboratories,10/14/2020,Cumulative People Tested at CDPHE State Lab,480356,04/11/2021,3280
Colorado,5763976,Daily COVID-19 PCR Test Data From Clinical Laboratories,10/14/2020,Cumulative People Tested at Non-CDPHE (Commerical) Labs,1164929,04/11/2021,3281
Colorado,5763976,Daily COVID-19 PCR Test Data From Clinical Laboratories,10/14/2020,7-Day Average Percent Positivity,0.046,04/11/2021,3282
Colorado,5763976,Daily COVID-19 PCR Test Data From Clinical Laboratories,10/14/2020,3-Day Average Percent Positivity,0.053,04/11/2021,3283
Colorado,5763976,Daily COVID-19 Antibody Test Data From Clinical Laboratories,10/14/2020,Antibody Tests Performed,510,04/11/2021,3284
Colorado,5763976,Daily COVID-19 Antibody Test Data From Clinical Laboratories,10/14/2020,Number of negative tests,470,04/11/2021,3285
Colorado,5763976,Daily COVID-19 Antibody Test Data From Clinical Laboratories,10/14/2020,Number of positive tests,40,04/11/2021,3286
Colorado,5763976,Daily COVID-19 Antibody Test Data From Clinical Laboratories,10/14/2020,Total Tests per 100K People,8.848,04/11/2021,3287
Colorado,5763976,Daily COVID-19 Antibody Test Data From Clinical Laboratories,10/14/2020,Percent Positivity,0.078,04/11/2021,3288
Colorado,5763976,Daily COVID-19 Antibody Test Data From Clinical Laboratories,10/14/2020,7-Day Average Percent Positivity,0.082,04/11/2021,3289
Colorado,5763976,Daily COVID-19 Antibody Test Data From Clinical Laboratories,10/14/2020,3-Day Average Percent Positivity,0.076,04/11/2021,3290
Colorado,5763976,Daily COVID-19 Antibody Test Data From Clinical Laboratories,10/14/2020,Cumulative Antibody Tests Performed,176389,04/11/2021,3291
Colorado,5763976,Daily COVID-19 PCR Test Data From Clinical Laboratories,10/15/2020,Percent Positivity,0.057,04/11/2021,3292
Colorado,5763976,Daily COVID-19 PCR Test Data From Clinical Laboratories,10/15/2020,People Tested at CDPHE State Lab,6284,04/11/2021,3293
Colorado,5763976,Daily COVID-19 PCR Test Data From Clinical Laboratories,10/15/2020,People Tested at Non-CDPHE (Commerical) Labs,14745,04/11/2021,3294
Colorado,5763976,Daily COVID-19 PCR Test Data From Clinical Laboratories,10/15/2020,Cumulative People Tested at CDPHE State Lab,486640,04/11/2021,3295
Colorado,5763976,Daily COVID-19 PCR Test Data From Clinical Laboratories,10/15/2020,Cumulative People Tested at Non-CDPHE (Commerical) Labs,1179674,04/11/2021,3296
Colorado,5763976,Daily COVID-19 PCR Test Data From Clinical Laboratories,10/15/2020,7-Day Average Percent Positivity,0.05,04/11/2021,3297
Colorado,5763976,Daily COVID-19 PCR Test Data From Clinical Laboratories,10/15/2020,3-Day Average Percent Positivity,0.051,04/11/2021,3298
Colorado,5763976,Daily COVID-19 Antibody Test Data From Clinical Laboratories,10/15/2020,Antibody Tests Performed,473,04/11/2021,3299
Colorado,5763976,Daily COVID-19 Antibody Test Data From Clinical Laboratories,10/15/2020,Number of negative tests,426,04/11/2021,3300
Colorado,5763976,Daily COVID-19 Antibody Test Data From Clinical Laboratories,10/15/2020,Number of positive tests,47,04/11/2021,3301
Colorado,5763976,Daily COVID-19 Antibody Test Data From Clinical Laboratories,10/15/2020,Total Tests per 100K People,8.206,04/11/2021,3302
Colorado,5763976,Daily COVID-19 Antibody Test Data From Clinical Laboratories,10/15/2020,Percent Positivity,0.099,04/11/2021,3303
Colorado,5763976,Daily COVID-19 PCR Test Data From Clinical Laboratories,10/04/2020,People Tested at Non-CDPHE (Commerical) Labs,8487,04/11/2021,3304
Colorado,5763976,Daily COVID-19 Antibody Test Data From Clinical Laboratories,10/06/2020,Total Tests per 100K People,5.847,04/11/2021,3305
Colorado,5763976,Weekly COVID-19 PCR Test Data From Clinical Laboratories,10/18/2020,Cumulative People Tested at CDPHE State Lab,547508,04/11/2021,3306
Colorado,5763976,Daily COVID-19 Antibody Test Data From Clinical Laboratories,10/15/2020,7-Day Average Percent Positivity,0.085,04/11/2021,3307
Colorado,5763976,Daily COVID-19 Antibody Test Data From Clinical Laboratories,10/15/2020,3-Day Average Percent Positivity,0.089,04/11/2021,3308
Colorado,5763976,Daily COVID-19 Antibody Test Data From Clinical Laboratories,10/15/2020,Cumulative Antibody Tests Performed,176862,04/11/2021,3309
Colorado,5763976,Daily COVID-19 PCR Test Data From Clinical Laboratories,10/16/2020,Percent Positivity,0.05,04/11/2021,3310
Colorado,5763976,Daily COVID-19 PCR Test Data From Clinical Laboratories,10/16/2020,People Tested at CDPHE State Lab,6629,04/11/2021,3311
Colorado,5763976,Daily COVID-19 PCR Test Data From Clinical Laboratories,10/16/2020,People Tested at Non-CDPHE (Commerical) Labs,14863,04/11/2021,3312
Colorado,5763976,Daily COVID-19 PCR Test Data From Clinical Laboratories,10/16/2020,Cumulative People Tested at CDPHE State Lab,493269,04/11/2021,3313
Colorado,5763976,Daily COVID-19 PCR Test Data From Clinical Laboratories,10/16/2020,Cumulative People Tested at Non-CDPHE (Commerical) Labs,1194537,04/11/2021,3314
Colorado,5763976,Daily COVID-19 PCR Test Data From Clinical Laboratories,10/16/2020,7-Day Average Percent Positivity,0.052,04/11/2021,3315
Colorado,5763976,Daily COVID-19 PCR Test Data From Clinical Laboratories,10/16/2020,3-Day Average Percent Positivity,0.052,04/11/2021,3316
Colorado,5763976,Daily COVID-19 Antibody Test Data From Clinical Laboratories,10/16/2020,Antibody Tests Performed,596,04/11/2021,3317
Colorado,5763976,Daily COVID-19 Antibody Test Data From Clinical Laboratories,10/16/2020,Number of negative tests,536,04/11/2021,3318
Colorado,5763976,Daily COVID-19 Antibody Test Data From Clinical Laboratories,10/16/2020,Number of positive tests,60,04/11/2021,3319
Colorado,5763976,Daily COVID-19 Antibody Test Data From Clinical Laboratories,10/16/2020,Total Tests per 100K People,10.34,04/11/2021,3320
Colorado,5763976,Daily COVID-19 Antibody Test Data From Clinical Laboratories,10/09/2020,Cumulative Antibody Tests Performed,174347,04/11/2021,3321
Colorado,5763976,Daily COVID-19 Antibody Test Data From Clinical Laboratories,10/21/2020,Total Tests per 100K People,10.826,04/11/2021,3322
Colorado,5763976,Daily COVID-19 Antibody Test Data From Clinical Laboratories,10/16/2020,Percent Positivity,0.101,04/11/2021,3323
Colorado,5763976,Daily COVID-19 Antibody Test Data From Clinical Laboratories,10/16/2020,7-Day Average Percent Positivity,0.087,04/11/2021,3324
Colorado,5763976,Daily COVID-19 Antibody Test Data From Clinical Laboratories,10/16/2020,3-Day Average Percent Positivity,0.093,04/11/2021,3325
Colorado,5763976,Daily COVID-19 Antibody Test Data From Clinical Laboratories,10/16/2020,Cumulative Antibody Tests Performed,177458,04/11/2021,3326
Colorado,5763976,Daily COVID-19 PCR Test Data From Clinical Laboratories,10/17/2020,Percent Positivity,0.053,04/11/2021,3327
Colorado,5763976,Daily COVID-19 PCR Test Data From Clinical Laboratories,10/17/2020,People Tested at CDPHE State Lab,6063,04/11/2021,3328
Colorado,5763976,Daily COVID-19 PCR Test Data From Clinical Laboratories,10/17/2020,People Tested at Non-CDPHE (Commerical) Labs,15203,04/11/2021,3329
Colorado,5763976,Daily COVID-19 PCR Test Data From Clinical Laboratories,10/17/2020,Cumulative People Tested at CDPHE State Lab,499332,04/11/2021,3330
Colorado,5763976,Daily COVID-19 PCR Test Data From Clinical Laboratories,10/17/2020,Cumulative People Tested at Non-CDPHE (Commerical) Labs,1209740,04/11/2021,3331
Colorado,5763976,Daily COVID-19 PCR Test Data From Clinical Laboratories,10/17/2020,7-Day Average Percent Positivity,0.053,04/11/2021,3332
Colorado,5763976,Daily COVID-19 PCR Test Data From Clinical Laboratories,10/17/2020,3-Day Average Percent Positivity,0.053,04/11/2021,3333
Colorado,5763976,Daily COVID-19 Antibody Test Data From Clinical Laboratories,10/17/2020,Antibody Tests Performed,492,04/11/2021,3334
Colorado,5763976,Daily COVID-19 Antibody Test Data From Clinical Laboratories,10/17/2020,Number of negative tests,453,04/11/2021,3335
Colorado,5763976,Daily COVID-19 Antibody Test Data From Clinical Laboratories,10/17/2020,Number of positive tests,39,04/11/2021,3336
Colorado,5763976,Daily COVID-19 Antibody Test Data From Clinical Laboratories,10/17/2020,Total Tests per 100K People,8.536,04/11/2021,3337
Colorado,5763976,Daily COVID-19 Antibody Test Data From Clinical Laboratories,10/17/2020,Percent Positivity,0.079,04/11/2021,3338
Colorado,5763976,Daily COVID-19 Antibody Test Data From Clinical Laboratories,10/17/2020,7-Day Average Percent Positivity,0.086,04/11/2021,3339
Colorado,5763976,Daily COVID-19 Antibody Test Data From Clinical Laboratories,10/17/2020,3-Day Average Percent Positivity,0.093,04/11/2021,3340
Colorado,5763976,Daily COVID-19 Antibody Test Data From Clinical Laboratories,10/17/2020,Cumulative Antibody Tests Performed,177950,04/11/2021,3341
Colorado,5763976,Daily COVID-19 PCR Test Data From Clinical Laboratories,10/18/2020,Percent Positivity,0.062,04/11/2021,3342
Colorado,5763976,Daily COVID-19 PCR Test Data From Clinical Laboratories,10/18/2020,People Tested at CDPHE State Lab,6270,04/11/2021,3343
Colorado,5763976,Daily COVID-19 PCR Test Data From Clinical Laboratories,10/18/2020,People Tested at Non-CDPHE (Commerical) Labs,12884,04/11/2021,3344
Colorado,5763976,Daily COVID-19 PCR Test Data From Clinical Laboratories,10/18/2020,Cumulative People Tested at CDPHE State Lab,505602,04/11/2021,3345
Colorado,5763976,Daily COVID-19 PCR Test Data From Clinical Laboratories,10/18/2020,Cumulative People Tested at Non-CDPHE (Commerical) Labs,1222624,04/11/2021,3346
Colorado,5763976,Daily COVID-19 PCR Test Data From Clinical Laboratories,10/18/2020,7-Day Average Percent Positivity,0.054,04/11/2021,3347
Colorado,5763976,Daily COVID-19 PCR Test Data From Clinical Laboratories,10/18/2020,3-Day Average Percent Positivity,0.055,04/11/2021,3348
Colorado,5763976,Daily COVID-19 Antibody Test Data From Clinical Laboratories,10/18/2020,Antibody Tests Performed,390,04/11/2021,3349
Colorado,5763976,Daily COVID-19 Antibody Test Data From Clinical Laboratories,10/18/2020,Number of negative tests,357,04/11/2021,3350
Colorado,5763976,Daily COVID-19 Antibody Test Data From Clinical Laboratories,10/18/2020,Number of positive tests,33,04/11/2021,3351
Colorado,5763976,Daily COVID-19 Antibody Test Data From Clinical Laboratories,10/18/2020,Total Tests per 100K People,6.766,04/11/2021,3352
Colorado,5763976,Daily COVID-19 Antibody Test Data From Clinical Laboratories,10/18/2020,Percent Positivity,0.085,04/11/2021,3353
Colorado,5763976,Daily COVID-19 Antibody Test Data From Clinical Laboratories,10/18/2020,7-Day Average Percent Positivity,0.086,04/11/2021,3354
Colorado,5763976,Daily COVID-19 Antibody Test Data From Clinical Laboratories,10/18/2020,3-Day Average Percent Positivity,0.089,04/11/2021,3355
Colorado,5763976,Daily COVID-19 Antibody Test Data From Clinical Laboratories,10/18/2020,Cumulative Antibody Tests Performed,178340,04/11/2021,3356
Colorado,5763976,Weekly COVID-19 PCR Test Data From Clinical Laboratories,10/18/2020,People Tested at CDPHE State Lab,48176,04/11/2021,3357
Colorado,5763976,Weekly COVID-19 PCR Test Data From Clinical Laboratories,10/18/2020,People Tested at Non-CDPHE (Commerical) Labs,105681,04/11/2021,3358
Colorado,5763976,Weekly COVID-19 PCR Test Data From Clinical Laboratories,10/18/2020,Cumulative People Tested at Non-CDPHE (Commerical) Labs,1315421,04/11/2021,3359
Colorado,5763976,Daily COVID-19 Antibody Test Data From Clinical Laboratories,10/06/2020,Percent Positivity,0.092,04/11/2021,3360
Colorado,5763976,Daily COVID-19 PCR Test Data From Clinical Laboratories,10/04/2020,Cumulative People Tested at CDPHE State Lab,428397,04/11/2021,3361
Colorado,5763976,Daily COVID-19 PCR Test Data From Clinical Laboratories,10/10/2020,Percent Positivity,0.048,04/11/2021,3362
Colorado,5763976,Daily COVID-19 PCR Test Data From Clinical Laboratories,10/10/2020,People Tested at CDPHE State Lab,4590,04/11/2021,3363
Colorado,5763976,Daily COVID-19 PCR Test Data From Clinical Laboratories,10/10/2020,People Tested at Non-CDPHE (Commerical) Labs,14436,04/11/2021,3364
Colorado,5763976,Daily COVID-19 PCR Test Data From Clinical Laboratories,10/10/2020,Cumulative People Tested at CDPHE State Lab,459359,04/11/2021,3365
Colorado,5763976,Daily COVID-19 PCR Test Data From Clinical Laboratories,10/10/2020,Cumulative People Tested at Non-CDPHE (Commerical) Labs,1119268,04/11/2021,3366
Colorado,5763976,Daily COVID-19 PCR Test Data From Clinical Laboratories,10/10/2020,7-Day Average Percent Positivity,0.039,04/11/2021,3367
Colorado,5763976,Daily COVID-19 PCR Test Data From Clinical Laboratories,10/10/2020,3-Day Average Percent Positivity,0.041,04/11/2021,3368
Colorado,5763976,Daily COVID-19 Antibody Test Data From Clinical Laboratories,10/10/2020,Antibody Tests Performed,515,04/11/2021,3369
Colorado,5763976,Daily COVID-19 Antibody Test Data From Clinical Laboratories,10/10/2020,Number of negative tests,471,04/11/2021,3370
Colorado,5763976,Daily COVID-19 Antibody Test Data From Clinical Laboratories,10/10/2020,Number of positive tests,44,04/11/2021,3371
Colorado,5763976,Daily COVID-19 Antibody Test Data From Clinical Laboratories,10/10/2020,Total Tests per 100K People,8.935,04/11/2021,3372
Colorado,5763976,Daily COVID-19 Antibody Test Data From Clinical Laboratories,10/10/2020,Percent Positivity,0.085,04/11/2021,3373
Colorado,5763976,Daily COVID-19 Antibody Test Data From Clinical Laboratories,10/10/2020,7-Day Average Percent Positivity,0.088,04/11/2021,3374
Colorado,5763976,Daily COVID-19 Antibody Test Data From Clinical Laboratories,10/10/2020,3-Day Average Percent Positivity,0.086,04/11/2021,3375
Colorado,5763976,Daily COVID-19 Antibody Test Data From Clinical Laboratories,10/10/2020,Cumulative Antibody Tests Performed,174862,04/11/2021,3376
Colorado,5763976,Daily COVID-19 PCR Test Data From Clinical Laboratories,10/11/2020,Percent Positivity,0.05,04/11/2021,3377
Colorado,5763976,Daily COVID-19 PCR Test Data From Clinical Laboratories,10/11/2020,People Tested at CDPHE State Lab,4487,04/11/2021,3378
Colorado,5763976,Daily COVID-19 PCR Test Data From Clinical Laboratories,10/11/2020,People Tested at Non-CDPHE (Commerical) Labs,7941,04/11/2021,3379
Colorado,5763976,Daily COVID-19 PCR Test Data From Clinical Laboratories,10/11/2020,Cumulative People Tested at CDPHE State Lab,463846,04/11/2021,3380
Colorado,5763976,Daily COVID-19 PCR Test Data From Clinical Laboratories,10/11/2020,Cumulative People Tested at Non-CDPHE (Commerical) Labs,1127209,04/11/2021,3381
Colorado,5763976,Daily COVID-19 PCR Test Data From Clinical Laboratories,10/11/2020,7-Day Average Percent Positivity,0.041,04/11/2021,3382
Colorado,5763976,Daily COVID-19 PCR Test Data From Clinical Laboratories,10/11/2020,3-Day Average Percent Positivity,0.045,04/11/2021,3383
Colorado,5763976,Daily COVID-19 Antibody Test Data From Clinical Laboratories,10/11/2020,Antibody Tests Performed,337,04/11/2021,3384
Colorado,5763976,Daily COVID-19 Antibody Test Data From Clinical Laboratories,10/11/2020,Number of negative tests,309,04/11/2021,3385
Colorado,5763976,Daily COVID-19 Antibody Test Data From Clinical Laboratories,10/11/2020,Number of positive tests,28,04/11/2021,3386
Colorado,5763976,Daily COVID-19 Antibody Test Data From Clinical Laboratories,10/11/2020,Total Tests per 100K People,5.847,04/11/2021,3387
Colorado,5763976,Daily COVID-19 Antibody Test Data From Clinical Laboratories,10/11/2020,Percent Positivity,0.083,04/11/2021,3388
Colorado,5763976,Daily COVID-19 Antibody Test Data From Clinical Laboratories,10/11/2020,7-Day Average Percent Positivity,0.088,04/11/2021,3389
Colorado,5763976,Daily COVID-19 Antibody Test Data From Clinical Laboratories,10/11/2020,3-Day Average Percent Positivity,0.087,04/11/2021,3390
Colorado,5763976,Daily COVID-19 Antibody Test Data From Clinical Laboratories,10/11/2020,Cumulative Antibody Tests Performed,175199,04/11/2021,3391
Colorado,5763976,Weekly COVID-19 PCR Test Data From Clinical Laboratories,10/11/2020,People Tested at CDPHE State Lab,39973,04/11/2021,3392
Colorado,5763976,Weekly COVID-19 PCR Test Data From Clinical Laboratories,10/11/2020,People Tested at Non-CDPHE (Commerical) Labs,90472,04/11/2021,3393
Colorado,5763976,Weekly COVID-19 PCR Test Data From Clinical Laboratories,10/11/2020,Weekly Percent Positivity,0.053,04/11/2021,3394
Colorado,5763976,Weekly COVID-19 PCR Test Data From Clinical Laboratories,10/11/2020,Cumulative People Tested at CDPHE State Lab,499332,04/11/2021,3395
Colorado,5763976,Weekly COVID-19 PCR Test Data From Clinical Laboratories,10/11/2020,Cumulative People Tested at Non-CDPHE (Commerical) Labs,1209740,04/11/2021,3396
Colorado,5763976,Weekly COVID-19 PCR Test Data From Clinical Laboratories,10/11/2020,Percent Change in Weekly Positivity,0.35,04/11/2021,3397
Colorado,5763976,Weekly COVID-19 Antibody Test Data From Clinical Laboratories,10/11/2020,Antibody Tests Performed,3088,04/11/2021,3398
Colorado,5763976,Weekly COVID-19 Antibody Test Data From Clinical Laboratories,10/11/2020,Number of positive tests,265,04/11/2021,3399
Colorado,5763976,Weekly COVID-19 Antibody Test Data From Clinical Laboratories,10/11/2020,Number of negative tests,2823,04/11/2021,3400
Colorado,5763976,Weekly COVID-19 Antibody Test Data From Clinical Laboratories,10/11/2020,Weekly Percent Positivity,0.086,04/11/2021,3401
Colorado,5763976,Weekly COVID-19 Antibody Test Data From Clinical Laboratories,10/11/2020,Cumulative Antibody Tests Performed,177950,04/11/2021,3402
Colorado,5763976,Weekly COVID-19 Antibody Test Data From Clinical Laboratories,10/11/2020,Percent Change in Weekly Positivity,-0.03,04/11/2021,3403
Colorado,5763976,Daily COVID-19 PCR Test Data From Clinical Laboratories,10/12/2020,Percent Positivity,0.062,04/11/2021,3404
Colorado,5763976,Daily COVID-19 PCR Test Data From Clinical Laboratories,10/12/2020,People Tested at CDPHE State Lab,5583,04/11/2021,3405
Colorado,5763976,Daily COVID-19 PCR Test Data From Clinical Laboratories,10/12/2020,People Tested at Non-CDPHE (Commerical) Labs,11724,04/11/2021,3406
Colorado,5763976,Daily COVID-19 PCR Test Data From Clinical Laboratories,10/12/2020,Cumulative People Tested at CDPHE State Lab,469429,04/11/2021,3407
Colorado,5763976,Daily COVID-19 PCR Test Data From Clinical Laboratories,10/12/2020,Cumulative People Tested at Non-CDPHE (Commerical) Labs,1138933,04/11/2021,3408
Colorado,5763976,Daily COVID-19 PCR Test Data From Clinical Laboratories,10/12/2020,7-Day Average Percent Positivity,0.044,04/11/2021,3409
Colorado,5763976,Daily COVID-19 PCR Test Data From Clinical Laboratories,10/12/2020,3-Day Average Percent Positivity,0.053,04/11/2021,3410
Colorado,5763976,Daily COVID-19 Antibody Test Data From Clinical Laboratories,10/21/2020,Percent Positivity,0.109,04/11/2021,3411
Colorado,5763976,Weekly COVID-19 PCR Test Data From Clinical Laboratories,10/18/2020,Percent Change in Weekly Positivity,0.22,04/11/2021,3412
Colorado,5763976,Daily COVID-19 Antibody Test Data From Clinical Laboratories,10/06/2020,7-Day Average Percent Positivity,0.089,04/11/2021,3413
Colorado,5763976,Daily COVID-19 PCR Test Data From Clinical Laboratories,10/04/2020,Cumulative People Tested at Non-CDPHE (Commerical) Labs,1034033,04/11/2021,3414
Colorado,5763976,Daily COVID-19 Antibody Test Data From Clinical Laboratories,10/21/2020,7-Day Average Percent Positivity,0.093,04/11/2021,3415
Colorado,5763976,Daily COVID-19 Antibody Test Data From Clinical Laboratories,10/21/2020,3-Day Average Percent Positivity,0.095,04/11/2021,3416
Colorado,5763976,Daily COVID-19 Antibody Test Data From Clinical Laboratories,10/21/2020,Cumulative Antibody Tests Performed,179603,04/11/2021,3417
Colorado,5763976,Daily COVID-19 PCR Test Data From Clinical Laboratories,10/22/2020,Percent Positivity,0.059,04/11/2021,3418
Colorado,5763976,Daily COVID-19 PCR Test Data From Clinical Laboratories,10/22/2020,People Tested at CDPHE State Lab,8039,04/11/2021,3419
Colorado,5763976,Daily COVID-19 PCR Test Data From Clinical Laboratories,10/22/2020,People Tested at Non-CDPHE (Commerical) Labs,17716,04/11/2021,3420
Colorado,5763976,Daily COVID-19 PCR Test Data From Clinical Laboratories,10/22/2020,Cumulative People Tested at CDPHE State Lab,533432,04/11/2021,3421
Colorado,5763976,Daily COVID-19 PCR Test Data From Clinical Laboratories,10/22/2020,Cumulative People Tested at Non-CDPHE (Commerical) Labs,1276691,04/11/2021,3422
Colorado,5763976,Daily COVID-19 PCR Test Data From Clinical Laboratories,10/22/2020,7-Day Average Percent Positivity,0.059,04/11/2021,3423
Colorado,5763976,Daily COVID-19 PCR Test Data From Clinical Laboratories,10/22/2020,3-Day Average Percent Positivity,0.061,04/11/2021,3424
Colorado,5763976,Daily COVID-19 Antibody Test Data From Clinical Laboratories,10/22/2020,Antibody Tests Performed,607,04/11/2021,3425
Colorado,5763976,Daily COVID-19 Antibody Test Data From Clinical Laboratories,10/22/2020,Number of negative tests,550,04/11/2021,3426
Colorado,5763976,Daily COVID-19 Antibody Test Data From Clinical Laboratories,10/22/2020,Number of positive tests,57,04/11/2021,3427
Colorado,5763976,Daily COVID-19 Antibody Test Data From Clinical Laboratories,10/22/2020,Total Tests per 100K People,10.531,04/11/2021,3428
Colorado,5763976,Daily COVID-19 Antibody Test Data From Clinical Laboratories,10/22/2020,Percent Positivity,0.094,04/11/2021,3429
Colorado,5763976,Daily COVID-19 Antibody Test Data From Clinical Laboratories,10/22/2020,7-Day Average Percent Positivity,0.092,04/11/2021,3430
Colorado,5763976,Daily COVID-19 Antibody Test Data From Clinical Laboratories,10/22/2020,3-Day Average Percent Positivity,0.093,04/11/2021,3431
Colorado,5763976,Daily COVID-19 Antibody Test Data From Clinical Laboratories,10/22/2020,Cumulative Antibody Tests Performed,180210,04/11/2021,3432
Colorado,5763976,Daily COVID-19 PCR Test Data From Clinical Laboratories,10/23/2020,Percent Positivity,0.064,04/11/2021,3433
Colorado,5763976,Daily COVID-19 PCR Test Data From Clinical Laboratories,10/23/2020,People Tested at CDPHE State Lab,7590,04/11/2021,3434
Colorado,5763976,Daily COVID-19 PCR Test Data From Clinical Laboratories,10/23/2020,People Tested at Non-CDPHE (Commerical) Labs,20239,04/11/2021,3435
Colorado,5763976,Daily COVID-19 PCR Test Data From Clinical Laboratories,10/23/2020,Cumulative People Tested at CDPHE State Lab,541022,04/11/2021,3436
Colorado,5763976,Daily COVID-19 PCR Test Data From Clinical Laboratories,10/23/2020,Cumulative People Tested at Non-CDPHE (Commerical) Labs,1296930,04/11/2021,3437
Colorado,5763976,Daily COVID-19 PCR Test Data From Clinical Laboratories,10/23/2020,7-Day Average Percent Positivity,0.061,04/11/2021,3438
Colorado,5763976,Daily COVID-19 PCR Test Data From Clinical Laboratories,10/23/2020,3-Day Average Percent Positivity,0.063,04/11/2021,3439
Colorado,5763976,Daily COVID-19 Antibody Test Data From Clinical Laboratories,10/23/2020,Antibody Tests Performed,821,04/11/2021,3440
Colorado,5763976,Daily COVID-19 Antibody Test Data From Clinical Laboratories,10/23/2020,Number of negative tests,709,04/11/2021,3441
Colorado,5763976,Daily COVID-19 Antibody Test Data From Clinical Laboratories,10/23/2020,Number of positive tests,112,04/11/2021,3442
Colorado,5763976,Daily COVID-19 Antibody Test Data From Clinical Laboratories,10/23/2020,Total Tests per 100K People,14.244,04/11/2021,3443
Colorado,5763976,Daily COVID-19 Antibody Test Data From Clinical Laboratories,10/23/2020,Percent Positivity,0.136,04/11/2021,3444
Colorado,5763976,Daily COVID-19 Antibody Test Data From Clinical Laboratories,10/23/2020,7-Day Average Percent Positivity,0.101,04/11/2021,3445
Colorado,5763976,Daily COVID-19 Antibody Test Data From Clinical Laboratories,10/23/2020,3-Day Average Percent Positivity,0.116,04/11/2021,3446
Colorado,5763976,Daily COVID-19 Antibody Test Data From Clinical Laboratories,10/23/2020,Cumulative Antibody Tests Performed,181031,04/11/2021,3447
Colorado,5763976,Daily COVID-19 PCR Test Data From Clinical Laboratories,10/24/2020,Percent Positivity,0.074,04/11/2021,3448
Colorado,5763976,Daily COVID-19 PCR Test Data From Clinical Laboratories,10/24/2020,People Tested at CDPHE State Lab,6486,04/11/2021,3449
Colorado,5763976,Daily COVID-19 PCR Test Data From Clinical Laboratories,10/24/2020,People Tested at Non-CDPHE (Commerical) Labs,18491,04/11/2021,3450
Colorado,5763976,Daily COVID-19 PCR Test Data From Clinical Laboratories,10/24/2020,Cumulative People Tested at CDPHE State Lab,547508,04/11/2021,3451
Colorado,5763976,Daily COVID-19 PCR Test Data From Clinical Laboratories,10/24/2020,Cumulative People Tested at Non-CDPHE (Commerical) Labs,1315421,04/11/2021,3452
Colorado,5763976,Daily COVID-19 PCR Test Data From Clinical Laboratories,10/24/2020,7-Day Average Percent Positivity,0.064,04/11/2021,3453
Colorado,5763976,Daily COVID-19 PCR Test Data From Clinical Laboratories,10/24/2020,3-Day Average Percent Positivity,0.066,04/11/2021,3454
Colorado,5763976,Daily COVID-19 Antibody Test Data From Clinical Laboratories,10/24/2020,Antibody Tests Performed,413,04/11/2021,3455
Colorado,5763976,Daily COVID-19 Antibody Test Data From Clinical Laboratories,10/24/2020,Number of negative tests,345,04/11/2021,3456
Colorado,5763976,Daily COVID-19 Antibody Test Data From Clinical Laboratories,10/24/2020,Number of positive tests,68,04/11/2021,3457
Colorado,5763976,Daily COVID-19 Antibody Test Data From Clinical Laboratories,10/24/2020,Total Tests per 100K People,7.165,04/11/2021,3458
Colorado,5763976,Daily COVID-19 Antibody Test Data From Clinical Laboratories,10/24/2020,Percent Positivity,0.165,04/11/2021,3459
Colorado,5763976,Daily COVID-19 Antibody Test Data From Clinical Laboratories,10/24/2020,7-Day Average Percent Positivity,0.112,04/11/2021,3460
Colorado,5763976,Daily COVID-19 Antibody Test Data From Clinical Laboratories,10/24/2020,3-Day Average Percent Positivity,0.129,04/11/2021,3461
Colorado,5763976,Daily COVID-19 Antibody Test Data From Clinical Laboratories,10/24/2020,Cumulative Antibody Tests Performed,181444,04/11/2021,3462
Colorado,5763976,Daily COVID-19 PCR Test Data From Clinical Laboratories,10/04/2020,7-Day Average Percent Positivity,0.034,04/11/2021,3463
Colorado,5763976,Daily COVID-19 Antibody Test Data From Clinical Laboratories,10/06/2020,3-Day Average Percent Positivity,0.081,04/11/2021,3464
Colorado,5763976,Weekly COVID-19 Antibody Test Data From Clinical Laboratories,10/18/2020,Antibody Tests Performed,3494,04/11/2021,3465
Colorado,5763976,Weekly COVID-19 Antibody Test Data From Clinical Laboratories,10/18/2020,Number of positive tests,390,04/11/2021,3466
Colorado,5763976,Weekly COVID-19 Antibody Test Data From Clinical Laboratories,10/18/2020,Number of negative tests,3104,04/11/2021,3467
Colorado,5763976,Weekly COVID-19 Antibody Test Data From Clinical Laboratories,10/18/2020,Weekly Percent Positivity,0.112,04/11/2021,3468
Colorado,5763976,Weekly COVID-19 Antibody Test Data From Clinical Laboratories,10/18/2020,Cumulative Antibody Tests Performed,181444,04/11/2021,3469
Colorado,5763976,Weekly COVID-19 Antibody Test Data From Clinical Laboratories,10/18/2020,Percent Change in Weekly Positivity,0.3,04/11/2021,3470
Colorado,5763976,Daily COVID-19 PCR Test Data From Clinical Laboratories,10/19/2020,Percent Positivity,0.063,04/11/2021,3471
Colorado,5763976,Daily COVID-19 PCR Test Data From Clinical Laboratories,10/19/2020,People Tested at CDPHE State Lab,7279,04/11/2021,3472
Colorado,5763976,Daily COVID-19 PCR Test Data From Clinical Laboratories,10/19/2020,People Tested at Non-CDPHE (Commerical) Labs,8305,04/11/2021,3473
Colorado,5763976,Daily COVID-19 PCR Test Data From Clinical Laboratories,10/19/2020,Cumulative People Tested at CDPHE State Lab,512881,04/11/2021,3474
Colorado,5763976,Daily COVID-19 PCR Test Data From Clinical Laboratories,10/19/2020,Cumulative People Tested at Non-CDPHE (Commerical) Labs,1230929,04/11/2021,3475
Colorado,5763976,Daily COVID-19 PCR Test Data From Clinical Laboratories,10/19/2020,7-Day Average Percent Positivity,0.054,04/11/2021,3476
Colorado,5763976,Daily COVID-19 PCR Test Data From Clinical Laboratories,10/19/2020,3-Day Average Percent Positivity,0.059,04/11/2021,3477
Colorado,5763976,Daily COVID-19 Antibody Test Data From Clinical Laboratories,10/19/2020,Antibody Tests Performed,295,04/11/2021,3478
Colorado,5763976,Daily COVID-19 Antibody Test Data From Clinical Laboratories,10/19/2020,Number of negative tests,265,04/11/2021,3479
Colorado,5763976,Daily COVID-19 Antibody Test Data From Clinical Laboratories,10/19/2020,Number of positive tests,30,04/11/2021,3480
Colorado,5763976,Daily COVID-19 Antibody Test Data From Clinical Laboratories,10/19/2020,Total Tests per 100K People,5.118,04/11/2021,3481
Colorado,5763976,Daily COVID-19 Antibody Test Data From Clinical Laboratories,10/19/2020,Percent Positivity,0.102,04/11/2021,3482
Colorado,5763976,Daily COVID-19 Antibody Test Data From Clinical Laboratories,10/19/2020,7-Day Average Percent Positivity,0.09,04/11/2021,3483
Colorado,5763976,Daily COVID-19 Antibody Test Data From Clinical Laboratories,10/19/2020,3-Day Average Percent Positivity,0.087,04/11/2021,3484
Colorado,5763976,Daily COVID-19 Antibody Test Data From Clinical Laboratories,10/19/2020,Cumulative Antibody Tests Performed,178635,04/11/2021,3485
Colorado,5763976,Daily COVID-19 PCR Test Data From Clinical Laboratories,10/20/2020,Percent Positivity,0.057,04/11/2021,3486
Colorado,5763976,Daily COVID-19 PCR Test Data From Clinical Laboratories,10/20/2020,People Tested at CDPHE State Lab,6124,04/11/2021,3487
Colorado,5763976,Daily COVID-19 PCR Test Data From Clinical Laboratories,10/20/2020,People Tested at Non-CDPHE (Commerical) Labs,12397,04/11/2021,3488
Colorado,5763976,Daily COVID-19 PCR Test Data From Clinical Laboratories,10/20/2020,Cumulative People Tested at CDPHE State Lab,519005,04/11/2021,3489
Colorado,5763976,Daily COVID-19 PCR Test Data From Clinical Laboratories,10/20/2020,Cumulative People Tested at Non-CDPHE (Commerical) Labs,1243326,04/11/2021,3490
Colorado,5763976,Daily COVID-19 PCR Test Data From Clinical Laboratories,10/20/2020,7-Day Average Percent Positivity,0.056,04/11/2021,3491
Colorado,5763976,Daily COVID-19 PCR Test Data From Clinical Laboratories,10/20/2020,3-Day Average Percent Positivity,0.061,04/11/2021,3492
Colorado,5763976,Daily COVID-19 Antibody Test Data From Clinical Laboratories,10/20/2020,Antibody Tests Performed,344,04/11/2021,3493
Colorado,5763976,Daily COVID-19 Antibody Test Data From Clinical Laboratories,10/20/2020,Number of negative tests,322,04/11/2021,3494
Colorado,5763976,Daily COVID-19 Antibody Test Data From Clinical Laboratories,10/20/2020,Number of positive tests,22,04/11/2021,3495
Colorado,5763976,Daily COVID-19 Antibody Test Data From Clinical Laboratories,10/20/2020,Total Tests per 100K People,5.968,04/11/2021,3496
Colorado,5763976,Daily COVID-19 Antibody Test Data From Clinical Laboratories,10/20/2020,Percent Positivity,0.064,04/11/2021,3497
Colorado,5763976,Daily COVID-19 Antibody Test Data From Clinical Laboratories,10/20/2020,7-Day Average Percent Positivity,0.087,04/11/2021,3498
Colorado,5763976,Daily COVID-19 Antibody Test Data From Clinical Laboratories,10/20/2020,3-Day Average Percent Positivity,0.083,04/11/2021,3499
Colorado,5763976,Daily COVID-19 Antibody Test Data From Clinical Laboratories,10/20/2020,Cumulative Antibody Tests Performed,178979,04/11/2021,3500
Colorado,5763976,Daily COVID-19 PCR Test Data From Clinical Laboratories,10/21/2020,Percent Positivity,0.067,04/11/2021,3501
Colorado,5763976,Daily COVID-19 PCR Test Data From Clinical Laboratories,10/21/2020,People Tested at CDPHE State Lab,6388,04/11/2021,3502
Colorado,5763976,Daily COVID-19 PCR Test Data From Clinical Laboratories,10/21/2020,People Tested at Non-CDPHE (Commerical) Labs,15649,04/11/2021,3503
Colorado,5763976,Daily COVID-19 PCR Test Data From Clinical Laboratories,10/21/2020,Cumulative People Tested at CDPHE State Lab,525393,04/11/2021,3504
Colorado,5763976,Daily COVID-19 PCR Test Data From Clinical Laboratories,10/21/2020,Cumulative People Tested at Non-CDPHE (Commerical) Labs,1258975,04/11/2021,3505
Colorado,5763976,Daily COVID-19 PCR Test Data From Clinical Laboratories,10/21/2020,7-Day Average Percent Positivity,0.058,04/11/2021,3506
Colorado,5763976,Daily COVID-19 PCR Test Data From Clinical Laboratories,10/21/2020,3-Day Average Percent Positivity,0.063,04/11/2021,3507
Colorado,5763976,Daily COVID-19 Antibody Test Data From Clinical Laboratories,10/21/2020,Antibody Tests Performed,624,04/11/2021,3508
Colorado,5763976,Daily COVID-19 Antibody Test Data From Clinical Laboratories,10/21/2020,Number of negative tests,556,04/11/2021,3509
Colorado,5763976,Daily COVID-19 Antibody Test Data From Clinical Laboratories,10/21/2020,Number of positive tests,68,04/11/2021,3510
Colorado,5763976,Daily COVID-19 Antibody Test Data From Clinical Laboratories,10/06/2020,Cumulative Antibody Tests Performed,172480,04/11/2021,3511
Colorado,5763976,Daily COVID-19 PCR Test Data From Clinical Laboratories,10/04/2020,3-Day Average Percent Positivity,0.035,04/11/2021,3512
Colorado,5763976,Daily COVID-19 Antibody Test Data From Clinical Laboratories,10/04/2020,Antibody Tests Performed,359,04/11/2021,3513
Colorado,5763976,Daily COVID-19 Antibody Test Data From Clinical Laboratories,10/04/2020,Number of negative tests,328,04/11/2021,3514
Colorado,5763976,Daily COVID-19 Antibody Test Data From Clinical Laboratories,10/04/2020,Number of positive tests,31,04/11/2021,3515
Colorado,5763976,Daily COVID-19 Antibody Test Data From Clinical Laboratories,10/04/2020,Total Tests per 100K People,6.228,04/11/2021,3516
Colorado,5763976,Daily COVID-19 Antibody Test Data From Clinical Laboratories,10/04/2020,Percent Positivity,0.086,04/11/2021,3517
Colorado,5763976,Daily COVID-19 Antibody Test Data From Clinical Laboratories,10/04/2020,7-Day Average Percent Positivity,0.089,04/11/2021,3518
Colorado,5763976,Daily COVID-19 Antibody Test Data From Clinical Laboratories,10/04/2020,3-Day Average Percent Positivity,0.088,04/11/2021,3519
Colorado,5763976,Daily COVID-19 Antibody Test Data From Clinical Laboratories,10/04/2020,Cumulative Antibody Tests Performed,171841,04/11/2021,3520
Colorado,5763976,Weekly COVID-19 PCR Test Data From Clinical Laboratories,10/04/2020,People Tested at CDPHE State Lab,36789,04/11/2021,3521
Colorado,5763976,Weekly COVID-19 PCR Test Data From Clinical Laboratories,10/04/2020,People Tested at Non-CDPHE (Commerical) Labs,93722,04/11/2021,3522
Colorado,5763976,Weekly COVID-19 PCR Test Data From Clinical Laboratories,10/04/2020,Weekly Percent Positivity,0.039,04/11/2021,3523
Colorado,5763976,Weekly COVID-19 PCR Test Data From Clinical Laboratories,10/04/2020,Cumulative People Tested at CDPHE State Lab,459359,04/11/2021,3524
Colorado,5763976,Weekly COVID-19 PCR Test Data From Clinical Laboratories,10/04/2020,Cumulative People Tested at Non-CDPHE (Commerical) Labs,1119268,04/11/2021,3525
Colorado,5763976,Weekly COVID-19 PCR Test Data From Clinical Laboratories,10/04/2020,Percent Change in Weekly Positivity,0.16,04/11/2021,3526
Colorado,5763976,Weekly COVID-19 Antibody Test Data From Clinical Laboratories,10/04/2020,Antibody Tests Performed,3380,04/11/2021,3527
Colorado,5763976,Weekly COVID-19 Antibody Test Data From Clinical Laboratories,10/04/2020,Number of positive tests,299,04/11/2021,3528
Colorado,5763976,Weekly COVID-19 Antibody Test Data From Clinical Laboratories,10/04/2020,Number of negative tests,3081,04/11/2021,3529
Colorado,5763976,Weekly COVID-19 Antibody Test Data From Clinical Laboratories,10/04/2020,Weekly Percent Positivity,0.088,04/11/2021,3530
Colorado,5763976,Weekly COVID-19 Antibody Test Data From Clinical Laboratories,10/04/2020,Cumulative Antibody Tests Performed,174862,04/11/2021,3531
Colorado,5763976,Weekly COVID-19 Antibody Test Data From Clinical Laboratories,10/04/2020,Percent Change in Weekly Positivity,0.01,04/11/2021,3532
Colorado,5763976,Daily COVID-19 PCR Test Data From Clinical Laboratories,10/05/2020,Percent Positivity,0.038,04/11/2021,3533
Colorado,5763976,Daily COVID-19 PCR Test Data From Clinical Laboratories,10/05/2020,People Tested at CDPHE State Lab,4838,04/11/2021,3534
Colorado,5763976,Daily COVID-19 PCR Test Data From Clinical Laboratories,10/05/2020,People Tested at Non-CDPHE (Commerical) Labs,10294,04/11/2021,3535
Colorado,5763976,Daily COVID-19 PCR Test Data From Clinical Laboratories,10/05/2020,Cumulative People Tested at CDPHE State Lab,433235,04/11/2021,3536
Colorado,5763976,Daily COVID-19 PCR Test Data From Clinical Laboratories,10/05/2020,Cumulative People Tested at Non-CDPHE (Commerical) Labs,1044327,04/11/2021,3537
Colorado,5763976,Daily COVID-19 PCR Test Data From Clinical Laboratories,10/05/2020,7-Day Average Percent Positivity,0.035,04/11/2021,3538
Colorado,5763976,Daily COVID-19 PCR Test Data From Clinical Laboratories,10/05/2020,3-Day Average Percent Positivity,0.036,04/11/2021,3539
Colorado,5763976,Daily COVID-19 Antibody Test Data From Clinical Laboratories,10/05/2020,Antibody Tests Performed,302,04/11/2021,3540
Colorado,5763976,Daily COVID-19 Antibody Test Data From Clinical Laboratories,10/05/2020,Number of negative tests,283,04/11/2021,3541
Colorado,5763976,Daily COVID-19 Antibody Test Data From Clinical Laboratories,10/05/2020,Number of positive tests,19,04/11/2021,3542
Colorado,5763976,Daily COVID-19 Antibody Test Data From Clinical Laboratories,10/05/2020,Total Tests per 100K People,5.239,04/11/2021,3543
Colorado,5763976,Daily COVID-19 Antibody Test Data From Clinical Laboratories,10/05/2020,Percent Positivity,0.063,04/11/2021,3544
Colorado,5763976,Daily COVID-19 Antibody Test Data From Clinical Laboratories,10/05/2020,7-Day Average Percent Positivity,0.088,04/11/2021,3545
Colorado,5763976,Daily COVID-19 Antibody Test Data From Clinical Laboratories,10/05/2020,3-Day Average Percent Positivity,0.08,04/11/2021,3546
Colorado,5763976,Daily COVID-19 Antibody Test Data From Clinical Laboratories,10/05/2020,Cumulative Antibody Tests Performed,172143,04/11/2021,3547
Colorado,5763976,Daily COVID-19 PCR Test Data From Clinical Laboratories,10/06/2020,Percent Positivity,0.038,04/11/2021,3548
Colorado,5763976,Daily COVID-19 PCR Test Data From Clinical Laboratories,10/06/2020,People Tested at CDPHE State Lab,5572,04/11/2021,3549
Colorado,5763976,Daily COVID-19 PCR Test Data From Clinical Laboratories,10/06/2020,People Tested at Non-CDPHE (Commerical) Labs,12460,04/11/2021,3550
Colorado,5763976,Daily COVID-19 PCR Test Data From Clinical Laboratories,10/06/2020,Cumulative People Tested at CDPHE State Lab,438807,04/11/2021,3551
Colorado,5763976,Daily COVID-19 PCR Test Data From Clinical Laboratories,10/06/2020,Cumulative People Tested at Non-CDPHE (Commerical) Labs,1056787,04/11/2021,3552
Colorado,5763976,Daily COVID-19 PCR Test Data From Clinical Laboratories,10/06/2020,7-Day Average Percent Positivity,0.036,04/11/2021,3553
Colorado,5763976,Daily COVID-19 PCR Test Data From Clinical Laboratories,10/06/2020,3-Day Average Percent Positivity,0.037,04/11/2021,3554
Colorado,5763976,Daily COVID-19 Antibody Test Data From Clinical Laboratories,10/06/2020,Antibody Tests Performed,337,04/11/2021,3555
Colorado,5763976,Daily COVID-19 Antibody Test Data From Clinical Laboratories,10/06/2020,Number of negative tests,306,04/11/2021,3556
Colorado,5763976,Daily COVID-19 PCR Test Data From Clinical Laboratories,10/07/2020,Percent Positivity,0.04,04/11/2021,3557
Colorado,5763976,Daily COVID-19 PCR Test Data From Clinical Laboratories,10/07/2020,People Tested at CDPHE State Lab,3881,04/11/2021,3558
Colorado,5763976,Daily COVID-19 PCR Test Data From Clinical Laboratories,10/07/2020,People Tested at Non-CDPHE (Commerical) Labs,15043,04/11/2021,3559
Colorado,5763976,Daily COVID-19 PCR Test Data From Clinical Laboratories,10/07/2020,Cumulative People Tested at CDPHE State Lab,442688,04/11/2021,3560
Colorado,5763976,Daily COVID-19 PCR Test Data From Clinical Laboratories,10/07/2020,Cumulative People Tested at Non-CDPHE (Commerical) Labs,1071830,04/11/2021,3561
Colorado,5763976,Daily COVID-19 PCR Test Data From Clinical Laboratories,10/07/2020,7-Day Average Percent Positivity,0.036,04/11/2021,3562
Colorado,5763976,Daily COVID-19 PCR Test Data From Clinical Laboratories,10/07/2020,3-Day Average Percent Positivity,0.039,04/11/2021,3563
Colorado,5763976,Daily COVID-19 Antibody Test Data From Clinical Laboratories,10/07/2020,Antibody Tests Performed,635,04/11/2021,3564
Colorado,5763976,Daily COVID-19 Antibody Test Data From Clinical Laboratories,10/07/2020,Number of negative tests,567,04/11/2021,3565
Colorado,5763976,Daily COVID-19 Antibody Test Data From Clinical Laboratories,10/07/2020,Number of positive tests,68,04/11/2021,3566
Colorado,5763976,Daily COVID-19 Antibody Test Data From Clinical Laboratories,10/07/2020,Total Tests per 100K People,11.017,04/11/2021,3567
Colorado,5763976,Daily COVID-19 Antibody Test Data From Clinical Laboratories,10/07/2020,Percent Positivity,0.107,04/11/2021,3568
Colorado,5763976,Daily COVID-19 Antibody Test Data From Clinical Laboratories,10/07/2020,7-Day Average Percent Positivity,0.087,04/11/2021,3569
Colorado,5763976,Daily COVID-19 Antibody Test Data From Clinical Laboratories,10/07/2020,3-Day Average Percent Positivity,0.093,04/11/2021,3570
Colorado,5763976,Daily COVID-19 Antibody Test Data From Clinical Laboratories,10/07/2020,Cumulative Antibody Tests Performed,173115,04/11/2021,3571
Colorado,5763976,Daily COVID-19 PCR Test Data From Clinical Laboratories,10/08/2020,Percent Positivity,0.035,04/11/2021,3572
Colorado,5763976,Daily COVID-19 PCR Test Data From Clinical Laboratories,10/08/2020,People Tested at CDPHE State Lab,5887,04/11/2021,3573
Colorado,5763976,Daily COVID-19 PCR Test Data From Clinical Laboratories,10/08/2020,People Tested at Non-CDPHE (Commerical) Labs,16392,04/11/2021,3574
Colorado,5763976,Daily COVID-19 PCR Test Data From Clinical Laboratories,10/08/2020,Cumulative People Tested at CDPHE State Lab,448575,04/11/2021,3575
Colorado,5763976,Daily COVID-19 PCR Test Data From Clinical Laboratories,10/08/2020,Cumulative People Tested at Non-CDPHE (Commerical) Labs,1088222,04/11/2021,3576
Colorado,5763976,Daily COVID-19 PCR Test Data From Clinical Laboratories,10/08/2020,7-Day Average Percent Positivity,0.037,04/11/2021,3577
Colorado,5763976,Daily COVID-19 PCR Test Data From Clinical Laboratories,10/08/2020,3-Day Average Percent Positivity,0.037,04/11/2021,3578
Colorado,5763976,Daily COVID-19 Antibody Test Data From Clinical Laboratories,10/08/2020,Antibody Tests Performed,683,04/11/2021,3579
Colorado,5763976,Daily COVID-19 Antibody Test Data From Clinical Laboratories,10/08/2020,Number of negative tests,627,04/11/2021,3580
Colorado,5763976,Daily COVID-19 Antibody Test Data From Clinical Laboratories,10/08/2020,Number of positive tests,56,04/11/2021,3581
Colorado,5763976,Daily COVID-19 Antibody Test Data From Clinical Laboratories,10/08/2020,Total Tests per 100K People,11.85,04/11/2021,3582
Colorado,5763976,Daily COVID-19 Antibody Test Data From Clinical Laboratories,10/08/2020,Percent Positivity,0.082,04/11/2021,3583
Colorado,5763976,Daily COVID-19 Antibody Test Data From Clinical Laboratories,10/08/2020,7-Day Average Percent Positivity,0.089,04/11/2021,3584
Colorado,5763976,Daily COVID-19 Antibody Test Data From Clinical Laboratories,10/08/2020,3-Day Average Percent Positivity,0.094,04/11/2021,3585
Colorado,5763976,Daily COVID-19 Antibody Test Data From Clinical Laboratories,10/08/2020,Cumulative Antibody Tests Performed,173798,04/11/2021,3586
Colorado,5763976,Daily COVID-19 PCR Test Data From Clinical Laboratories,10/09/2020,Percent Positivity,0.04,04/11/2021,3587
Colorado,5763976,Daily COVID-19 PCR Test Data From Clinical Laboratories,10/09/2020,People Tested at CDPHE State Lab,6194,04/11/2021,3588
Colorado,5763976,Daily COVID-19 PCR Test Data From Clinical Laboratories,10/09/2020,People Tested at Non-CDPHE (Commerical) Labs,16610,04/11/2021,3589
Colorado,5763976,Daily COVID-19 PCR Test Data From Clinical Laboratories,10/09/2020,Cumulative People Tested at CDPHE State Lab,454769,04/11/2021,3590
Colorado,5763976,Daily COVID-19 PCR Test Data From Clinical Laboratories,10/09/2020,Cumulative People Tested at Non-CDPHE (Commerical) Labs,1104832,04/11/2021,3591
Colorado,5763976,Daily COVID-19 PCR Test Data From Clinical Laboratories,10/09/2020,7-Day Average Percent Positivity,0.037,04/11/2021,3592
Colorado,5763976,Daily COVID-19 PCR Test Data From Clinical Laboratories,10/09/2020,3-Day Average Percent Positivity,0.038,04/11/2021,3593
Colorado,5763976,Daily COVID-19 Antibody Test Data From Clinical Laboratories,10/09/2020,Antibody Tests Performed,549,04/11/2021,3594
Colorado,5763976,Daily COVID-19 Antibody Test Data From Clinical Laboratories,10/09/2020,Number of negative tests,499,04/11/2021,3595
Colorado,5763976,Daily COVID-19 Antibody Test Data From Clinical Laboratories,10/09/2020,Number of positive tests,50,04/11/2021,3596
Colorado,5763976,Daily COVID-19 Antibody Test Data From Clinical Laboratories,10/09/2020,Total Tests per 100K People,9.525,04/11/2021,3597
Colorado,5763976,Daily COVID-19 Antibody Test Data From Clinical Laboratories,10/09/2020,Percent Positivity,0.091,04/11/2021,3598
Colorado,5763976,Daily COVID-19 Antibody Test Data From Clinical Laboratories,10/09/2020,7-Day Average Percent Positivity,0.089,04/11/2021,3599
Colorado,5763976,Daily COVID-19 Antibody Test Data From Clinical Laboratories,10/09/2020,3-Day Average Percent Positivity,0.093,04/11/2021,3600
Colorado,5763976,Daily COVID-19 PCR Test Data From Clinical Laboratories,11/02/2020,3-Day Average Percent Positivity,0.105,04/11/2021,3601
Colorado,5763976,Daily COVID-19 Antibody Test Data From Clinical Laboratories,11/02/2020,Antibody Tests Performed,387,04/11/2021,3602
Colorado,5763976,Daily COVID-19 Antibody Test Data From Clinical Laboratories,11/02/2020,Number of negative tests,346,04/11/2021,3603
Colorado,5763976,Daily COVID-19 Antibody Test Data From Clinical Laboratories,11/02/2020,Number of positive tests,41,04/11/2021,3604
Colorado,5763976,Daily COVID-19 Antibody Test Data From Clinical Laboratories,11/02/2020,Total Tests per 100K People,6.714,04/11/2021,3605
Colorado,5763976,Daily COVID-19 Antibody Test Data From Clinical Laboratories,11/02/2020,Percent Positivity,0.106,04/11/2021,3606
Colorado,5763976,Daily COVID-19 Antibody Test Data From Clinical Laboratories,11/02/2020,7-Day Average Percent Positivity,0.126,04/11/2021,3607
Colorado,5763976,Daily COVID-19 Antibody Test Data From Clinical Laboratories,11/02/2020,3-Day Average Percent Positivity,0.119,04/11/2021,3608
Colorado,5763976,Daily COVID-19 Antibody Test Data From Clinical Laboratories,11/02/2020,Cumulative Antibody Tests Performed,186797,04/11/2021,3609
Colorado,5763976,Daily COVID-19 PCR Test Data From Clinical Laboratories,11/03/2020,Percent Positivity,0.113,04/11/2021,3610
Colorado,5763976,Daily COVID-19 PCR Test Data From Clinical Laboratories,11/03/2020,People Tested at CDPHE State Lab,7162,04/11/2021,3611
Colorado,5763976,Daily COVID-19 PCR Test Data From Clinical Laboratories,11/03/2020,People Tested at Non-CDPHE (Commerical) Labs,20115,04/11/2021,3612
Colorado,5763976,Daily COVID-19 PCR Test Data From Clinical Laboratories,11/03/2020,Cumulative People Tested at CDPHE State Lab,623654,04/11/2021,3613
Colorado,5763976,Daily COVID-19 PCR Test Data From Clinical Laboratories,11/03/2020,Cumulative People Tested at Non-CDPHE (Commerical) Labs,1503574,04/11/2021,3614
Colorado,5763976,Daily COVID-19 PCR Test Data From Clinical Laboratories,11/03/2020,7-Day Average Percent Positivity,0.097,04/11/2021,3615
Colorado,5763976,Daily COVID-19 PCR Test Data From Clinical Laboratories,11/03/2020,3-Day Average Percent Positivity,0.111,04/11/2021,3616
Colorado,5763976,Daily COVID-19 Antibody Test Data From Clinical Laboratories,11/03/2020,Antibody Tests Performed,461,04/11/2021,3617
Colorado,5763976,Daily COVID-19 Antibody Test Data From Clinical Laboratories,11/03/2020,Number of negative tests,391,04/11/2021,3618
Colorado,5763976,Daily COVID-19 Antibody Test Data From Clinical Laboratories,11/03/2020,Number of positive tests,70,04/11/2021,3619
Colorado,5763976,Daily COVID-19 Antibody Test Data From Clinical Laboratories,11/03/2020,Total Tests per 100K People,7.998,04/11/2021,3620
Colorado,5763976,Daily COVID-19 Antibody Test Data From Clinical Laboratories,11/03/2020,Percent Positivity,0.152,04/11/2021,3621
Colorado,5763976,Daily COVID-19 Antibody Test Data From Clinical Laboratories,11/03/2020,7-Day Average Percent Positivity,0.126,04/11/2021,3622
Colorado,5763976,Daily COVID-19 Antibody Test Data From Clinical Laboratories,11/03/2020,3-Day Average Percent Positivity,0.121,04/11/2021,3623
Colorado,5763976,Daily COVID-19 Antibody Test Data From Clinical Laboratories,11/03/2020,Cumulative Antibody Tests Performed,187258,04/11/2021,3624
Colorado,5763976,Daily COVID-19 PCR Test Data From Clinical Laboratories,11/04/2020,Percent Positivity,0.113,04/11/2021,3625
Colorado,5763976,Daily COVID-19 PCR Test Data From Clinical Laboratories,11/04/2020,People Tested at CDPHE State Lab,8223,04/11/2021,3626
Colorado,5763976,Daily COVID-19 PCR Test Data From Clinical Laboratories,11/04/2020,People Tested at Non-CDPHE (Commerical) Labs,25533,04/11/2021,3627
Colorado,5763976,Daily COVID-19 PCR Test Data From Clinical Laboratories,11/04/2020,Cumulative People Tested at CDPHE State Lab,631877,04/11/2021,3628
Colorado,5763976,Daily COVID-19 PCR Test Data From Clinical Laboratories,11/04/2020,Cumulative People Tested at Non-CDPHE (Commerical) Labs,1529107,04/11/2021,3629
Colorado,5763976,Daily COVID-19 PCR Test Data From Clinical Laboratories,11/04/2020,7-Day Average Percent Positivity,0.103,04/11/2021,3630
Colorado,5763976,Daily COVID-19 PCR Test Data From Clinical Laboratories,11/04/2020,3-Day Average Percent Positivity,0.113,04/11/2021,3631
Colorado,5763976,Daily COVID-19 Antibody Test Data From Clinical Laboratories,11/04/2020,Antibody Tests Performed,823,04/11/2021,3632
Colorado,5763976,Daily COVID-19 Antibody Test Data From Clinical Laboratories,11/04/2020,Number of negative tests,702,04/11/2021,3633
Colorado,5763976,Daily COVID-19 Antibody Test Data From Clinical Laboratories,11/04/2020,Number of positive tests,121,04/11/2021,3634
Colorado,5763976,Daily COVID-19 Antibody Test Data From Clinical Laboratories,11/04/2020,Total Tests per 100K People,14.278,04/11/2021,3635
Colorado,5763976,Daily COVID-19 Antibody Test Data From Clinical Laboratories,11/04/2020,Percent Positivity,0.147,04/11/2021,3636
Colorado,5763976,Daily COVID-19 Antibody Test Data From Clinical Laboratories,11/04/2020,7-Day Average Percent Positivity,0.127,04/11/2021,3637
Colorado,5763976,Daily COVID-19 Antibody Test Data From Clinical Laboratories,11/04/2020,3-Day Average Percent Positivity,0.139,04/11/2021,3638
Colorado,5763976,Daily COVID-19 Antibody Test Data From Clinical Laboratories,11/04/2020,Cumulative Antibody Tests Performed,188081,04/11/2021,3639
Colorado,5763976,Daily COVID-19 PCR Test Data From Clinical Laboratories,11/05/2020,Percent Positivity,0.111,04/11/2021,3640
Colorado,5763976,Daily COVID-19 PCR Test Data From Clinical Laboratories,11/05/2020,People Tested at CDPHE State Lab,8775,04/11/2021,3641
Colorado,5763976,Daily COVID-19 PCR Test Data From Clinical Laboratories,11/05/2020,People Tested at Non-CDPHE (Commerical) Labs,27269,04/11/2021,3642
Colorado,5763976,Daily COVID-19 PCR Test Data From Clinical Laboratories,11/05/2020,Cumulative People Tested at CDPHE State Lab,640652,04/11/2021,3643
Colorado,5763976,Daily COVID-19 PCR Test Data From Clinical Laboratories,11/05/2020,Cumulative People Tested at Non-CDPHE (Commerical) Labs,1556376,04/11/2021,3644
Colorado,5763976,Daily COVID-19 PCR Test Data From Clinical Laboratories,11/05/2020,7-Day Average Percent Positivity,0.106,04/11/2021,3645
Colorado,5763976,Daily COVID-19 PCR Test Data From Clinical Laboratories,11/05/2020,3-Day Average Percent Positivity,0.112,04/11/2021,3646
Colorado,5763976,Daily COVID-19 Antibody Test Data From Clinical Laboratories,11/05/2020,Antibody Tests Performed,633,04/11/2021,3647
Colorado,5763976,Daily COVID-19 Antibody Test Data From Clinical Laboratories,11/05/2020,Number of negative tests,539,04/11/2021,3648
Colorado,5763976,Daily COVID-19 Antibody Test Data From Clinical Laboratories,11/05/2020,Number of positive tests,94,04/11/2021,3649
Colorado,5763976,Daily COVID-19 Antibody Test Data From Clinical Laboratories,11/05/2020,Total Tests per 100K People,10.982,04/11/2021,3650
Colorado,5763976,Daily COVID-19 Antibody Test Data From Clinical Laboratories,11/11/2020,Number of positive tests,0,04/11/2021,3651
Colorado,5763976,Daily COVID-19 Antibody Test Data From Clinical Laboratories,10/27/2020,Number of negative tests,364,04/11/2021,3652
Colorado,5763976,Daily COVID-19 Antibody Test Data From Clinical Laboratories,11/14/2020,Cumulative Antibody Tests Performed,193821,04/11/2021,3653
Colorado,5763976,Daily COVID-19 PCR Test Data From Clinical Laboratories,11/15/2020,Percent Positivity,0.125,04/11/2021,3654
Colorado,5763976,Daily COVID-19 PCR Test Data From Clinical Laboratories,11/15/2020,People Tested at CDPHE State Lab,8349,04/11/2021,3655
Colorado,5763976,Daily COVID-19 PCR Test Data From Clinical Laboratories,11/15/2020,People Tested at Non-CDPHE (Commerical) Labs,28463,04/11/2021,3656
Colorado,5763976,Daily COVID-19 PCR Test Data From Clinical Laboratories,11/15/2020,Cumulative People Tested at CDPHE State Lab,718747,04/11/2021,3657
Colorado,5763976,Daily COVID-19 PCR Test Data From Clinical Laboratories,11/15/2020,Cumulative People Tested at Non-CDPHE (Commerical) Labs,1874247,04/11/2021,3658
Colorado,5763976,Daily COVID-19 PCR Test Data From Clinical Laboratories,11/15/2020,7-Day Average Percent Positivity,0.127,04/11/2021,3659
Colorado,5763976,Daily COVID-19 PCR Test Data From Clinical Laboratories,11/15/2020,3-Day Average Percent Positivity,0.13,04/11/2021,3660
Colorado,5763976,Daily COVID-19 Antibody Test Data From Clinical Laboratories,11/15/2020,Antibody Tests Performed,524,04/11/2021,3661
Colorado,5763976,Daily COVID-19 Antibody Test Data From Clinical Laboratories,11/15/2020,Number of negative tests,455,04/11/2021,3662
Colorado,5763976,Daily COVID-19 Antibody Test Data From Clinical Laboratories,11/15/2020,Number of positive tests,69,04/11/2021,3663
Colorado,5763976,Daily COVID-19 Antibody Test Data From Clinical Laboratories,11/15/2020,Total Tests per 100K People,9.091,04/11/2021,3664
Colorado,5763976,Daily COVID-19 Antibody Test Data From Clinical Laboratories,11/15/2020,Percent Positivity,0.132,04/11/2021,3665
Colorado,5763976,Daily COVID-19 Antibody Test Data From Clinical Laboratories,11/15/2020,7-Day Average Percent Positivity,0.148,04/11/2021,3666
Colorado,5763976,Daily COVID-19 Antibody Test Data From Clinical Laboratories,11/15/2020,3-Day Average Percent Positivity,0.144,04/11/2021,3667
Colorado,5763976,Daily COVID-19 Antibody Test Data From Clinical Laboratories,11/15/2020,Cumulative Antibody Tests Performed,194345,04/11/2021,3668
Colorado,5763976,Weekly COVID-19 PCR Test Data From Clinical Laboratories,11/15/2020,People Tested at CDPHE State Lab,56777,04/11/2021,3669
Colorado,5763976,Weekly COVID-19 PCR Test Data From Clinical Laboratories,11/15/2020,People Tested at Non-CDPHE (Commerical) Labs,281266,04/11/2021,3670
Colorado,5763976,Weekly COVID-19 PCR Test Data From Clinical Laboratories,11/15/2020,Weekly Percent Positivity,0.12,04/11/2021,3671
Colorado,5763976,Weekly COVID-19 PCR Test Data From Clinical Laboratories,11/15/2020,Cumulative People Tested at CDPHE State Lab,767175,04/11/2021,3672
Colorado,5763976,Weekly COVID-19 PCR Test Data From Clinical Laboratories,11/15/2020,Cumulative People Tested at Non-CDPHE (Commerical) Labs,2127050,04/11/2021,3673
Colorado,5763976,Weekly COVID-19 PCR Test Data From Clinical Laboratories,11/15/2020,Percent Change in Weekly Positivity,-0.06,04/11/2021,3674
Colorado,5763976,Weekly COVID-19 Antibody Test Data From Clinical Laboratories,11/15/2020,Antibody Tests Performed,5297,04/11/2021,3675
Colorado,5763976,Weekly COVID-19 Antibody Test Data From Clinical Laboratories,11/15/2020,Number of positive tests,810,04/11/2021,3676
Colorado,5763976,Weekly COVID-19 Antibody Test Data From Clinical Laboratories,11/15/2020,Number of negative tests,4487,04/11/2021,3677
Colorado,5763976,Weekly COVID-19 Antibody Test Data From Clinical Laboratories,11/15/2020,Weekly Percent Positivity,0.153,04/11/2021,3678
Colorado,5763976,Weekly COVID-19 Antibody Test Data From Clinical Laboratories,11/15/2020,Cumulative Antibody Tests Performed,199118,04/11/2021,3679
Colorado,5763976,Weekly COVID-19 Antibody Test Data From Clinical Laboratories,11/15/2020,Percent Change in Weekly Positivity,0.02,04/11/2021,3680
Colorado,5763976,Daily COVID-19 PCR Test Data From Clinical Laboratories,11/16/2020,Percent Positivity,0.122,04/11/2021,3681
Colorado,5763976,Daily COVID-19 PCR Test Data From Clinical Laboratories,11/16/2020,People Tested at CDPHE State Lab,9730,04/11/2021,3682
Colorado,5763976,Daily COVID-19 PCR Test Data From Clinical Laboratories,11/16/2020,People Tested at Non-CDPHE (Commerical) Labs,30519,04/11/2021,3683
Colorado,5763976,Daily COVID-19 PCR Test Data From Clinical Laboratories,11/16/2020,Cumulative People Tested at CDPHE State Lab,728477,04/11/2021,3684
Colorado,5763976,Daily COVID-19 PCR Test Data From Clinical Laboratories,11/16/2020,Cumulative People Tested at Non-CDPHE (Commerical) Labs,1904766,04/11/2021,3685
Colorado,5763976,Daily COVID-19 PCR Test Data From Clinical Laboratories,11/16/2020,7-Day Average Percent Positivity,0.126,04/11/2021,3686
Colorado,5763976,Daily COVID-19 PCR Test Data From Clinical Laboratories,11/16/2020,3-Day Average Percent Positivity,0.126,04/11/2021,3687
Colorado,5763976,Daily COVID-19 Antibody Test Data From Clinical Laboratories,11/16/2020,Antibody Tests Performed,371,04/11/2021,3688
Colorado,5763976,Daily COVID-19 Antibody Test Data From Clinical Laboratories,11/16/2020,Number of negative tests,315,04/11/2021,3689
Colorado,5763976,Daily COVID-19 Antibody Test Data From Clinical Laboratories,11/16/2020,Number of positive tests,56,04/11/2021,3690
Colorado,5763976,Daily COVID-19 Antibody Test Data From Clinical Laboratories,11/16/2020,Total Tests per 100K People,6.436,04/11/2021,3691
Colorado,5763976,Daily COVID-19 Antibody Test Data From Clinical Laboratories,11/16/2020,Percent Positivity,0.151,04/11/2021,3692
Colorado,5763976,Daily COVID-19 Antibody Test Data From Clinical Laboratories,11/16/2020,7-Day Average Percent Positivity,0.153,04/11/2021,3693
Colorado,5763976,Daily COVID-19 Antibody Test Data From Clinical Laboratories,11/16/2020,3-Day Average Percent Positivity,0.149,04/11/2021,3694
Colorado,5763976,Daily COVID-19 Antibody Test Data From Clinical Laboratories,11/16/2020,Cumulative Antibody Tests Performed,194716,04/11/2021,3695
Colorado,5763976,Daily COVID-19 PCR Test Data From Clinical Laboratories,11/17/2020,Percent Positivity,0.125,04/11/2021,3696
Colorado,5763976,Daily COVID-19 PCR Test Data From Clinical Laboratories,11/17/2020,People Tested at CDPHE State Lab,8725,04/11/2021,3697
Colorado,5763976,Daily COVID-19 PCR Test Data From Clinical Laboratories,11/17/2020,People Tested at Non-CDPHE (Commerical) Labs,33479,04/11/2021,3698
Colorado,5763976,Daily COVID-19 PCR Test Data From Clinical Laboratories,11/17/2020,Cumulative People Tested at CDPHE State Lab,737202,04/11/2021,3699
Colorado,5763976,Daily COVID-19 PCR Test Data From Clinical Laboratories,11/17/2020,Cumulative People Tested at Non-CDPHE (Commerical) Labs,1938245,04/11/2021,3700
Colorado,5763976,Daily COVID-19 PCR Test Data From Clinical Laboratories,11/17/2020,7-Day Average Percent Positivity,0.129,04/11/2021,3701
Colorado,5763976,Daily COVID-19 PCR Test Data From Clinical Laboratories,11/17/2020,3-Day Average Percent Positivity,0.124,04/11/2021,3702
Colorado,5763976,Daily COVID-19 Antibody Test Data From Clinical Laboratories,11/11/2020,Total Tests per 100K People,0.017,04/11/2021,3703
Colorado,5763976,Daily COVID-19 Antibody Test Data From Clinical Laboratories,11/17/2020,Antibody Tests Performed,595,04/11/2021,3704
Colorado,5763976,Daily COVID-19 Antibody Test Data From Clinical Laboratories,10/27/2020,Number of positive tests,64,04/11/2021,3705
Colorado,5763976,Daily COVID-19 Antibody Test Data From Clinical Laboratories,11/17/2020,Number of negative tests,487,04/11/2021,3706
Colorado,5763976,Daily COVID-19 Antibody Test Data From Clinical Laboratories,11/17/2020,Number of positive tests,108,04/11/2021,3707
Colorado,5763976,Daily COVID-19 Antibody Test Data From Clinical Laboratories,11/17/2020,Total Tests per 100K People,10.323,04/11/2021,3708
Colorado,5763976,Daily COVID-19 Antibody Test Data From Clinical Laboratories,11/17/2020,Percent Positivity,0.181,04/11/2021,3709
Colorado,5763976,Daily COVID-19 Antibody Test Data From Clinical Laboratories,11/17/2020,7-Day Average Percent Positivity,0.155,04/11/2021,3710
Colorado,5763976,Daily COVID-19 Antibody Test Data From Clinical Laboratories,11/17/2020,3-Day Average Percent Positivity,0.156,04/11/2021,3711
Colorado,5763976,Daily COVID-19 Antibody Test Data From Clinical Laboratories,11/17/2020,Cumulative Antibody Tests Performed,195311,04/11/2021,3712
Colorado,5763976,Daily COVID-19 PCR Test Data From Clinical Laboratories,11/18/2020,Percent Positivity,0.123,04/11/2021,3713
Colorado,5763976,Daily COVID-19 PCR Test Data From Clinical Laboratories,11/18/2020,People Tested at CDPHE State Lab,7352,04/11/2021,3714
Colorado,5763976,Daily COVID-19 PCR Test Data From Clinical Laboratories,11/18/2020,People Tested at Non-CDPHE (Commerical) Labs,48986,04/11/2021,3715
Colorado,5763976,Daily COVID-19 PCR Test Data From Clinical Laboratories,11/18/2020,Cumulative People Tested at CDPHE State Lab,744554,04/11/2021,3716
Colorado,5763976,Daily COVID-19 PCR Test Data From Clinical Laboratories,11/18/2020,Cumulative People Tested at Non-CDPHE (Commerical) Labs,1987231,04/11/2021,3717
Colorado,5763976,Daily COVID-19 PCR Test Data From Clinical Laboratories,11/18/2020,7-Day Average Percent Positivity,0.129,04/11/2021,3718
Colorado,5763976,Daily COVID-19 PCR Test Data From Clinical Laboratories,11/18/2020,3-Day Average Percent Positivity,0.123,04/11/2021,3719
Colorado,5763976,Daily COVID-19 Antibody Test Data From Clinical Laboratories,11/18/2020,Antibody Tests Performed,806,04/11/2021,3720
Colorado,5763976,Daily COVID-19 Antibody Test Data From Clinical Laboratories,11/18/2020,Number of negative tests,668,04/11/2021,3721
Colorado,5763976,Daily COVID-19 Antibody Test Data From Clinical Laboratories,11/18/2020,Number of positive tests,138,04/11/2021,3722
Colorado,5763976,Daily COVID-19 Antibody Test Data From Clinical Laboratories,11/18/2020,Total Tests per 100K People,13.983,04/11/2021,3723
Colorado,5763976,Daily COVID-19 Antibody Test Data From Clinical Laboratories,11/18/2020,Percent Positivity,0.171,04/11/2021,3724
Colorado,5763976,Daily COVID-19 Antibody Test Data From Clinical Laboratories,11/18/2020,7-Day Average Percent Positivity,0.158,04/11/2021,3725
Colorado,5763976,Daily COVID-19 Antibody Test Data From Clinical Laboratories,11/18/2020,3-Day Average Percent Positivity,0.17,04/11/2021,3726
Colorado,5763976,Daily COVID-19 Antibody Test Data From Clinical Laboratories,11/18/2020,Cumulative Antibody Tests Performed,196117,04/11/2021,3727
Colorado,5763976,Daily COVID-19 PCR Test Data From Clinical Laboratories,11/19/2020,Percent Positivity,0.118,04/11/2021,3728
Colorado,5763976,Daily COVID-19 PCR Test Data From Clinical Laboratories,11/19/2020,People Tested at CDPHE State Lab,9118,04/11/2021,3729
Colorado,5763976,Daily COVID-19 PCR Test Data From Clinical Laboratories,11/19/2020,People Tested at Non-CDPHE (Commerical) Labs,48879,04/11/2021,3730
Colorado,5763976,Daily COVID-19 PCR Test Data From Clinical Laboratories,11/19/2020,Cumulative People Tested at CDPHE State Lab,753672,04/11/2021,3731
Colorado,5763976,Daily COVID-19 PCR Test Data From Clinical Laboratories,11/19/2020,Cumulative People Tested at Non-CDPHE (Commerical) Labs,2036110,04/11/2021,3732
Colorado,5763976,Daily COVID-19 PCR Test Data From Clinical Laboratories,11/19/2020,7-Day Average Percent Positivity,0.125,04/11/2021,3733
Colorado,5763976,Daily COVID-19 PCR Test Data From Clinical Laboratories,11/19/2020,3-Day Average Percent Positivity,0.122,04/11/2021,3734
Colorado,5763976,Daily COVID-19 Antibody Test Data From Clinical Laboratories,11/19/2020,Antibody Tests Performed,896,04/11/2021,3735
Colorado,5763976,Daily COVID-19 Antibody Test Data From Clinical Laboratories,11/19/2020,Number of negative tests,775,04/11/2021,3736
Colorado,5763976,Daily COVID-19 Antibody Test Data From Clinical Laboratories,11/19/2020,Number of positive tests,121,04/11/2021,3737
Colorado,5763976,Daily COVID-19 Antibody Test Data From Clinical Laboratories,11/19/2020,Total Tests per 100K People,15.545,04/11/2021,3738
Colorado,5763976,Daily COVID-19 Antibody Test Data From Clinical Laboratories,11/19/2020,Percent Positivity,0.135,04/11/2021,3739
Colorado,5763976,Daily COVID-19 Antibody Test Data From Clinical Laboratories,11/19/2020,7-Day Average Percent Positivity,0.152,04/11/2021,3740
Colorado,5763976,Daily COVID-19 Antibody Test Data From Clinical Laboratories,11/19/2020,3-Day Average Percent Positivity,0.16,04/11/2021,3741
Colorado,5763976,Daily COVID-19 Antibody Test Data From Clinical Laboratories,11/19/2020,Cumulative Antibody Tests Performed,197013,04/11/2021,3742
Colorado,5763976,Daily COVID-19 PCR Test Data From Clinical Laboratories,11/20/2020,Percent Positivity,0.124,04/11/2021,3743
Colorado,5763976,Daily COVID-19 PCR Test Data From Clinical Laboratories,11/20/2020,People Tested at CDPHE State Lab,8242,04/11/2021,3744
Colorado,5763976,Daily COVID-19 PCR Test Data From Clinical Laboratories,11/20/2020,People Tested at Non-CDPHE (Commerical) Labs,47513,04/11/2021,3745
Colorado,5763976,Daily COVID-19 PCR Test Data From Clinical Laboratories,11/20/2020,Cumulative People Tested at CDPHE State Lab,761914,04/11/2021,3746
Colorado,5763976,Daily COVID-19 PCR Test Data From Clinical Laboratories,11/20/2020,Cumulative People Tested at Non-CDPHE (Commerical) Labs,2083623,04/11/2021,3747
Colorado,5763976,Daily COVID-19 PCR Test Data From Clinical Laboratories,11/20/2020,7-Day Average Percent Positivity,0.124,04/11/2021,3748
Colorado,5763976,Daily COVID-19 PCR Test Data From Clinical Laboratories,11/20/2020,3-Day Average Percent Positivity,0.122,04/11/2021,3749
Colorado,5763976,Daily COVID-19 Antibody Test Data From Clinical Laboratories,11/20/2020,Antibody Tests Performed,1181,04/11/2021,3750
Colorado,5763976,Daily COVID-19 Antibody Test Data From Clinical Laboratories,11/20/2020,Number of negative tests,997,04/11/2021,3751
Colorado,5763976,Daily COVID-19 Antibody Test Data From Clinical Laboratories,11/20/2020,Number of positive tests,184,04/11/2021,3752
Colorado,5763976,Daily COVID-19 Antibody Test Data From Clinical Laboratories,11/20/2020,Total Tests per 100K People,20.489,04/11/2021,3753
Colorado,5763976,Daily COVID-19 Antibody Test Data From Clinical Laboratories,11/20/2020,Percent Positivity,0.156,04/11/2021,3754
Colorado,5763976,Daily COVID-19 Antibody Test Data From Clinical Laboratories,10/30/2020,3-Day Average Percent Positivity,0.126,04/11/2021,3755
Colorado,5763976,Daily COVID-19 Antibody Test Data From Clinical Laboratories,11/05/2020,Percent Positivity,0.148,04/11/2021,3756
Colorado,5763976,Weekly COVID-19 PCR Test Data From Clinical Laboratories,11/08/2020,People Tested at Non-CDPHE (Commerical) Labs,232858,04/11/2021,3757
Colorado,5763976,Daily COVID-19 Antibody Test Data From Clinical Laboratories,11/11/2020,Percent Positivity,0,04/11/2021,3758
Colorado,5763976,Daily COVID-19 Antibody Test Data From Clinical Laboratories,10/27/2020,Total Tests per 100K People,7.425,04/11/2021,3759
Colorado,5763976,Daily COVID-19 Antibody Test Data From Clinical Laboratories,11/11/2020,7-Day Average Percent Positivity,0.146,04/11/2021,3760
Colorado,5763976,Daily COVID-19 Antibody Test Data From Clinical Laboratories,11/11/2020,3-Day Average Percent Positivity,0.139,04/11/2021,3761
Colorado,5763976,Daily COVID-19 Antibody Test Data From Clinical Laboratories,11/11/2020,Cumulative Antibody Tests Performed,191015,04/11/2021,3762
Colorado,5763976,Daily COVID-19 PCR Test Data From Clinical Laboratories,11/12/2020,Percent Positivity,0.139,04/11/2021,3763
Colorado,5763976,Daily COVID-19 PCR Test Data From Clinical Laboratories,11/12/2020,People Tested at CDPHE State Lab,9141,04/11/2021,3764
Colorado,5763976,Daily COVID-19 PCR Test Data From Clinical Laboratories,11/12/2020,People Tested at Non-CDPHE (Commerical) Labs,43931,04/11/2021,3765
Colorado,5763976,Daily COVID-19 PCR Test Data From Clinical Laboratories,11/12/2020,Cumulative People Tested at CDPHE State Lab,697138,04/11/2021,3766
Colorado,5763976,Daily COVID-19 PCR Test Data From Clinical Laboratories,11/12/2020,Cumulative People Tested at Non-CDPHE (Commerical) Labs,1776739,04/11/2021,3767
Colorado,5763976,Daily COVID-19 PCR Test Data From Clinical Laboratories,11/12/2020,7-Day Average Percent Positivity,0.123,04/11/2021,3768
Colorado,5763976,Daily COVID-19 PCR Test Data From Clinical Laboratories,11/12/2020,3-Day Average Percent Positivity,0.124,04/11/2021,3769
Colorado,5763976,Daily COVID-19 Antibody Test Data From Clinical Laboratories,11/12/2020,Antibody Tests Performed,1289,04/11/2021,3770
Colorado,5763976,Daily COVID-19 Antibody Test Data From Clinical Laboratories,11/12/2020,Number of negative tests,1081,04/11/2021,3771
Colorado,5763976,Daily COVID-19 Antibody Test Data From Clinical Laboratories,11/12/2020,Number of positive tests,208,04/11/2021,3772
Colorado,5763976,Daily COVID-19 Antibody Test Data From Clinical Laboratories,11/12/2020,Total Tests per 100K People,22.363,04/11/2021,3773
Colorado,5763976,Daily COVID-19 Antibody Test Data From Clinical Laboratories,11/12/2020,Percent Positivity,0.161,04/11/2021,3774
Colorado,5763976,Daily COVID-19 Antibody Test Data From Clinical Laboratories,11/12/2020,7-Day Average Percent Positivity,0.151,04/11/2021,3775
Colorado,5763976,Daily COVID-19 Antibody Test Data From Clinical Laboratories,11/12/2020,3-Day Average Percent Positivity,0.164,04/11/2021,3776
Colorado,5763976,Daily COVID-19 Antibody Test Data From Clinical Laboratories,11/12/2020,Cumulative Antibody Tests Performed,192304,04/11/2021,3777
Colorado,5763976,Daily COVID-19 PCR Test Data From Clinical Laboratories,11/13/2020,Percent Positivity,0.134,04/11/2021,3778
Colorado,5763976,Daily COVID-19 PCR Test Data From Clinical Laboratories,11/13/2020,People Tested at CDPHE State Lab,7236,04/11/2021,3779
Colorado,5763976,Daily COVID-19 PCR Test Data From Clinical Laboratories,11/13/2020,People Tested at Non-CDPHE (Commerical) Labs,35653,04/11/2021,3780
Colorado,5763976,Daily COVID-19 PCR Test Data From Clinical Laboratories,11/13/2020,Cumulative People Tested at CDPHE State Lab,704374,04/11/2021,3781
Colorado,5763976,Daily COVID-19 PCR Test Data From Clinical Laboratories,11/13/2020,Cumulative People Tested at Non-CDPHE (Commerical) Labs,1812392,04/11/2021,3782
Colorado,5763976,Daily COVID-19 PCR Test Data From Clinical Laboratories,11/13/2020,7-Day Average Percent Positivity,0.126,04/11/2021,3783
Colorado,5763976,Daily COVID-19 PCR Test Data From Clinical Laboratories,11/13/2020,3-Day Average Percent Positivity,0.133,04/11/2021,3784
Colorado,5763976,Daily COVID-19 Antibody Test Data From Clinical Laboratories,11/13/2020,Antibody Tests Performed,867,04/11/2021,3785
Colorado,5763976,Daily COVID-19 Antibody Test Data From Clinical Laboratories,11/13/2020,Number of negative tests,748,04/11/2021,3786
Colorado,5763976,Daily COVID-19 Antibody Test Data From Clinical Laboratories,11/13/2020,Number of positive tests,119,04/11/2021,3787
Colorado,5763976,Daily COVID-19 Antibody Test Data From Clinical Laboratories,11/13/2020,Total Tests per 100K People,15.042,04/11/2021,3788
Colorado,5763976,Daily COVID-19 Antibody Test Data From Clinical Laboratories,11/13/2020,Percent Positivity,0.137,04/11/2021,3789
Colorado,5763976,Daily COVID-19 Antibody Test Data From Clinical Laboratories,11/13/2020,7-Day Average Percent Positivity,0.152,04/11/2021,3790
Colorado,5763976,Daily COVID-19 Antibody Test Data From Clinical Laboratories,11/13/2020,3-Day Average Percent Positivity,0.152,04/11/2021,3791
Colorado,5763976,Daily COVID-19 Antibody Test Data From Clinical Laboratories,11/13/2020,Cumulative Antibody Tests Performed,193171,04/11/2021,3792
Colorado,5763976,Daily COVID-19 PCR Test Data From Clinical Laboratories,11/14/2020,Percent Positivity,0.131,04/11/2021,3793
Colorado,5763976,Daily COVID-19 PCR Test Data From Clinical Laboratories,11/14/2020,People Tested at CDPHE State Lab,6024,04/11/2021,3794
Colorado,5763976,Daily COVID-19 PCR Test Data From Clinical Laboratories,11/14/2020,People Tested at Non-CDPHE (Commerical) Labs,33392,04/11/2021,3795
Colorado,5763976,Daily COVID-19 PCR Test Data From Clinical Laboratories,11/14/2020,Cumulative People Tested at CDPHE State Lab,710398,04/11/2021,3796
Colorado,5763976,Daily COVID-19 PCR Test Data From Clinical Laboratories,11/14/2020,Cumulative People Tested at Non-CDPHE (Commerical) Labs,1845784,04/11/2021,3797
Colorado,5763976,Daily COVID-19 PCR Test Data From Clinical Laboratories,11/14/2020,7-Day Average Percent Positivity,0.127,04/11/2021,3798
Colorado,5763976,Daily COVID-19 PCR Test Data From Clinical Laboratories,11/14/2020,3-Day Average Percent Positivity,0.135,04/11/2021,3799
Colorado,5763976,Daily COVID-19 Antibody Test Data From Clinical Laboratories,11/14/2020,Antibody Tests Performed,650,04/11/2021,3800
Colorado,5763976,Daily COVID-19 Antibody Test Data From Clinical Laboratories,11/14/2020,Number of negative tests,544,04/11/2021,3801
Colorado,5763976,Daily COVID-19 Antibody Test Data From Clinical Laboratories,11/14/2020,Number of positive tests,106,04/11/2021,3802
Colorado,5763976,Daily COVID-19 Antibody Test Data From Clinical Laboratories,11/14/2020,Total Tests per 100K People,11.277,04/11/2021,3803
Colorado,5763976,Daily COVID-19 Antibody Test Data From Clinical Laboratories,11/14/2020,Percent Positivity,0.163,04/11/2021,3804
Colorado,5763976,Daily COVID-19 Antibody Test Data From Clinical Laboratories,11/14/2020,7-Day Average Percent Positivity,0.15,04/11/2021,3805
Colorado,5763976,Daily COVID-19 Antibody Test Data From Clinical Laboratories,11/14/2020,3-Day Average Percent Positivity,0.154,04/11/2021,3806
Colorado,5763976,Weekly COVID-19 PCR Test Data From Clinical Laboratories,11/08/2020,Weekly Percent Positivity,0.127,04/11/2021,3807
Colorado,5763976,Weekly COVID-19 PCR Test Data From Clinical Laboratories,11/08/2020,Cumulative People Tested at CDPHE State Lab,710398,04/11/2021,3808
Colorado,5763976,Weekly COVID-19 PCR Test Data From Clinical Laboratories,11/08/2020,Cumulative People Tested at Non-CDPHE (Commerical) Labs,1845784,04/11/2021,3809
Colorado,5763976,Weekly COVID-19 PCR Test Data From Clinical Laboratories,11/08/2020,Percent Change in Weekly Positivity,0.12,04/11/2021,3810
Colorado,5763976,Weekly COVID-19 Antibody Test Data From Clinical Laboratories,11/08/2020,Antibody Tests Performed,3815,04/11/2021,3811
Colorado,5763976,Weekly COVID-19 Antibody Test Data From Clinical Laboratories,11/08/2020,Number of positive tests,574,04/11/2021,3812
Colorado,5763976,Weekly COVID-19 Antibody Test Data From Clinical Laboratories,11/08/2020,Number of negative tests,3241,04/11/2021,3813
Colorado,5763976,Weekly COVID-19 Antibody Test Data From Clinical Laboratories,11/08/2020,Weekly Percent Positivity,0.15,04/11/2021,3814
Colorado,5763976,Weekly COVID-19 Antibody Test Data From Clinical Laboratories,11/08/2020,Cumulative Antibody Tests Performed,193821,04/11/2021,3815
Colorado,5763976,Weekly COVID-19 Antibody Test Data From Clinical Laboratories,11/08/2020,Percent Change in Weekly Positivity,0.07,04/11/2021,3816
Colorado,5763976,Daily COVID-19 PCR Test Data From Clinical Laboratories,11/09/2020,Percent Positivity,0.123,04/11/2021,3817
Colorado,5763976,Daily COVID-19 PCR Test Data From Clinical Laboratories,11/09/2020,People Tested at CDPHE State Lab,7458,04/11/2021,3818
Colorado,5763976,Daily COVID-19 PCR Test Data From Clinical Laboratories,11/09/2020,People Tested at Non-CDPHE (Commerical) Labs,25242,04/11/2021,3819
Colorado,5763976,Daily COVID-19 PCR Test Data From Clinical Laboratories,11/09/2020,Cumulative People Tested at CDPHE State Lab,669021,04/11/2021,3820
Colorado,5763976,Daily COVID-19 PCR Test Data From Clinical Laboratories,11/09/2020,Cumulative People Tested at Non-CDPHE (Commerical) Labs,1664371,04/11/2021,3821
Colorado,5763976,Daily COVID-19 PCR Test Data From Clinical Laboratories,11/09/2020,7-Day Average Percent Positivity,0.118,04/11/2021,3822
Colorado,5763976,Daily COVID-19 PCR Test Data From Clinical Laboratories,11/09/2020,3-Day Average Percent Positivity,0.125,04/11/2021,3823
Colorado,5763976,Daily COVID-19 Antibody Test Data From Clinical Laboratories,11/09/2020,Antibody Tests Performed,416,04/11/2021,3824
Colorado,5763976,Daily COVID-19 Antibody Test Data From Clinical Laboratories,11/09/2020,Number of negative tests,371,04/11/2021,3825
Colorado,5763976,Daily COVID-19 Antibody Test Data From Clinical Laboratories,11/09/2020,Number of positive tests,45,04/11/2021,3826
Colorado,5763976,Daily COVID-19 Antibody Test Data From Clinical Laboratories,11/09/2020,Total Tests per 100K People,7.217,04/11/2021,3827
Colorado,5763976,Daily COVID-19 Antibody Test Data From Clinical Laboratories,11/09/2020,Percent Positivity,0.108,04/11/2021,3828
Colorado,5763976,Daily COVID-19 Antibody Test Data From Clinical Laboratories,11/09/2020,7-Day Average Percent Positivity,0.144,04/11/2021,3829
Colorado,5763976,Daily COVID-19 Antibody Test Data From Clinical Laboratories,11/09/2020,3-Day Average Percent Positivity,0.147,04/11/2021,3830
Colorado,5763976,Daily COVID-19 Antibody Test Data From Clinical Laboratories,11/09/2020,Cumulative Antibody Tests Performed,190612,04/11/2021,3831
Colorado,5763976,Daily COVID-19 PCR Test Data From Clinical Laboratories,11/10/2020,Percent Positivity,0.105,04/11/2021,3832
Colorado,5763976,Daily COVID-19 PCR Test Data From Clinical Laboratories,11/10/2020,People Tested at CDPHE State Lab,8843,04/11/2021,3833
Colorado,5763976,Daily COVID-19 PCR Test Data From Clinical Laboratories,11/10/2020,People Tested at Non-CDPHE (Commerical) Labs,33115,04/11/2021,3834
Colorado,5763976,Daily COVID-19 PCR Test Data From Clinical Laboratories,11/10/2020,Cumulative People Tested at CDPHE State Lab,677864,04/11/2021,3835
Colorado,5763976,Daily COVID-19 PCR Test Data From Clinical Laboratories,11/10/2020,Cumulative People Tested at Non-CDPHE (Commerical) Labs,1697486,04/11/2021,3836
Colorado,5763976,Daily COVID-19 PCR Test Data From Clinical Laboratories,11/10/2020,7-Day Average Percent Positivity,0.116,04/11/2021,3837
Colorado,5763976,Daily COVID-19 PCR Test Data From Clinical Laboratories,11/10/2020,3-Day Average Percent Positivity,0.118,04/11/2021,3838
Colorado,5763976,Daily COVID-19 Antibody Test Data From Clinical Laboratories,11/10/2020,Antibody Tests Performed,402,04/11/2021,3839
Colorado,5763976,Daily COVID-19 Antibody Test Data From Clinical Laboratories,11/10/2020,Number of negative tests,333,04/11/2021,3840
Colorado,5763976,Daily COVID-19 Antibody Test Data From Clinical Laboratories,11/10/2020,Number of positive tests,69,04/11/2021,3841
Colorado,5763976,Daily COVID-19 Antibody Test Data From Clinical Laboratories,11/10/2020,Total Tests per 100K People,6.974,04/11/2021,3842
Colorado,5763976,Daily COVID-19 Antibody Test Data From Clinical Laboratories,11/10/2020,Percent Positivity,0.172,04/11/2021,3843
Colorado,5763976,Daily COVID-19 Antibody Test Data From Clinical Laboratories,11/10/2020,7-Day Average Percent Positivity,0.146,04/11/2021,3844
Colorado,5763976,Daily COVID-19 Antibody Test Data From Clinical Laboratories,11/10/2020,3-Day Average Percent Positivity,0.14,04/11/2021,3845
Colorado,5763976,Daily COVID-19 Antibody Test Data From Clinical Laboratories,11/10/2020,Cumulative Antibody Tests Performed,191014,04/11/2021,3846
Colorado,5763976,Daily COVID-19 PCR Test Data From Clinical Laboratories,11/11/2020,Percent Positivity,0.126,04/11/2021,3847
Colorado,5763976,Daily COVID-19 PCR Test Data From Clinical Laboratories,11/11/2020,People Tested at CDPHE State Lab,10133,04/11/2021,3848
Colorado,5763976,Daily COVID-19 PCR Test Data From Clinical Laboratories,11/11/2020,People Tested at Non-CDPHE (Commerical) Labs,35322,04/11/2021,3849
Colorado,5763976,Daily COVID-19 PCR Test Data From Clinical Laboratories,11/11/2020,Cumulative People Tested at CDPHE State Lab,687997,04/11/2021,3850
Colorado,5763976,Daily COVID-19 PCR Test Data From Clinical Laboratories,11/11/2020,Cumulative People Tested at Non-CDPHE (Commerical) Labs,1732808,04/11/2021,3851
Colorado,5763976,Daily COVID-19 PCR Test Data From Clinical Laboratories,11/11/2020,7-Day Average Percent Positivity,0.118,04/11/2021,3852
Colorado,5763976,Daily COVID-19 PCR Test Data From Clinical Laboratories,11/11/2020,3-Day Average Percent Positivity,0.118,04/11/2021,3853
Colorado,5763976,Daily COVID-19 Antibody Test Data From Clinical Laboratories,11/11/2020,Antibody Tests Performed,1,04/11/2021,3854
Colorado,5763976,Daily COVID-19 Antibody Test Data From Clinical Laboratories,11/11/2020,Number of negative tests,1,04/11/2021,3855
Colorado,5763976,Daily COVID-19 Antibody Test Data From Clinical Laboratories,11/05/2020,7-Day Average Percent Positivity,0.131,04/11/2021,3856
Colorado,5763976,Daily COVID-19 Antibody Test Data From Clinical Laboratories,10/30/2020,Cumulative Antibody Tests Performed,185501,04/11/2021,3857
Colorado,5763976,Daily COVID-19 Antibody Test Data From Clinical Laboratories,10/27/2020,Percent Positivity,0.149,04/11/2021,3858
Colorado,5763976,Daily COVID-19 PCR Test Data From Clinical Laboratories,10/31/2020,Percent Positivity,0.099,04/11/2021,3859
Colorado,5763976,Daily COVID-19 PCR Test Data From Clinical Laboratories,10/31/2020,People Tested at CDPHE State Lab,7117,04/11/2021,3860
Colorado,5763976,Daily COVID-19 PCR Test Data From Clinical Laboratories,10/31/2020,People Tested at Non-CDPHE (Commerical) Labs,23124,04/11/2021,3861
Colorado,5763976,Daily COVID-19 PCR Test Data From Clinical Laboratories,10/31/2020,Cumulative People Tested at CDPHE State Lab,602316,04/11/2021,3862
Colorado,5763976,Daily COVID-19 PCR Test Data From Clinical Laboratories,10/31/2020,Cumulative People Tested at Non-CDPHE (Commerical) Labs,1446959,04/11/2021,3863
Colorado,5763976,Daily COVID-19 PCR Test Data From Clinical Laboratories,10/31/2020,7-Day Average Percent Positivity,0.083,04/11/2021,3864
Colorado,5763976,Daily COVID-19 PCR Test Data From Clinical Laboratories,10/31/2020,3-Day Average Percent Positivity,0.092,04/11/2021,3865
Colorado,5763976,Daily COVID-19 Antibody Test Data From Clinical Laboratories,10/31/2020,Antibody Tests Performed,448,04/11/2021,3866
Colorado,5763976,Daily COVID-19 Antibody Test Data From Clinical Laboratories,10/31/2020,Number of negative tests,383,04/11/2021,3867
Colorado,5763976,Daily COVID-19 Antibody Test Data From Clinical Laboratories,10/31/2020,Number of positive tests,65,04/11/2021,3868
Colorado,5763976,Daily COVID-19 Antibody Test Data From Clinical Laboratories,10/31/2020,Total Tests per 100K People,7.772,04/11/2021,3869
Colorado,5763976,Daily COVID-19 Antibody Test Data From Clinical Laboratories,10/31/2020,Percent Positivity,0.145,04/11/2021,3870
Colorado,5763976,Daily COVID-19 Antibody Test Data From Clinical Laboratories,10/31/2020,7-Day Average Percent Positivity,0.159,04/11/2021,3871
Colorado,5763976,Daily COVID-19 Antibody Test Data From Clinical Laboratories,10/31/2020,3-Day Average Percent Positivity,0.122,04/11/2021,3872
Colorado,5763976,Daily COVID-19 Antibody Test Data From Clinical Laboratories,10/31/2020,Cumulative Antibody Tests Performed,185949,04/11/2021,3873
Colorado,5763976,Daily COVID-19 PCR Test Data From Clinical Laboratories,11/01/2020,Percent Positivity,0.107,04/11/2021,3874
Colorado,5763976,Daily COVID-19 PCR Test Data From Clinical Laboratories,11/01/2020,People Tested at CDPHE State Lab,6240,04/11/2021,3875
Colorado,5763976,Daily COVID-19 PCR Test Data From Clinical Laboratories,11/01/2020,People Tested at Non-CDPHE (Commerical) Labs,19747,04/11/2021,3876
Colorado,5763976,Daily COVID-19 PCR Test Data From Clinical Laboratories,11/01/2020,Cumulative People Tested at CDPHE State Lab,608556,04/11/2021,3877
Colorado,5763976,Daily COVID-19 PCR Test Data From Clinical Laboratories,11/01/2020,Cumulative People Tested at Non-CDPHE (Commerical) Labs,1466706,04/11/2021,3878
Colorado,5763976,Daily COVID-19 PCR Test Data From Clinical Laboratories,11/01/2020,7-Day Average Percent Positivity,0.087,04/11/2021,3879
Colorado,5763976,Daily COVID-19 PCR Test Data From Clinical Laboratories,11/01/2020,3-Day Average Percent Positivity,0.097,04/11/2021,3880
Colorado,5763976,Daily COVID-19 Antibody Test Data From Clinical Laboratories,11/01/2020,Antibody Tests Performed,461,04/11/2021,3881
Colorado,5763976,Daily COVID-19 Antibody Test Data From Clinical Laboratories,11/01/2020,Number of negative tests,413,04/11/2021,3882
Colorado,5763976,Daily COVID-19 Antibody Test Data From Clinical Laboratories,11/01/2020,Number of positive tests,48,04/11/2021,3883
Colorado,5763976,Daily COVID-19 Antibody Test Data From Clinical Laboratories,11/01/2020,Total Tests per 100K People,7.998,04/11/2021,3884
Colorado,5763976,Daily COVID-19 Antibody Test Data From Clinical Laboratories,11/01/2020,Percent Positivity,0.104,04/11/2021,3885
Colorado,5763976,Daily COVID-19 Antibody Test Data From Clinical Laboratories,11/01/2020,7-Day Average Percent Positivity,0.127,04/11/2021,3886
Colorado,5763976,Daily COVID-19 Antibody Test Data From Clinical Laboratories,11/01/2020,3-Day Average Percent Positivity,0.116,04/11/2021,3887
Colorado,5763976,Daily COVID-19 Antibody Test Data From Clinical Laboratories,11/01/2020,Cumulative Antibody Tests Performed,186410,04/11/2021,3888
Colorado,5763976,Weekly COVID-19 PCR Test Data From Clinical Laboratories,11/01/2020,People Tested at CDPHE State Lab,51973,04/11/2021,3889
Colorado,5763976,Weekly COVID-19 PCR Test Data From Clinical Laboratories,11/01/2020,People Tested at Non-CDPHE (Commerical) Labs,165967,04/11/2021,3890
Colorado,5763976,Weekly COVID-19 PCR Test Data From Clinical Laboratories,11/01/2020,Weekly Percent Positivity,0.113,04/11/2021,3891
Colorado,5763976,Weekly COVID-19 PCR Test Data From Clinical Laboratories,11/01/2020,Cumulative People Tested at CDPHE State Lab,654289,04/11/2021,3892
Colorado,5763976,Weekly COVID-19 PCR Test Data From Clinical Laboratories,11/01/2020,Cumulative People Tested at Non-CDPHE (Commerical) Labs,1612926,04/11/2021,3893
Colorado,5763976,Weekly COVID-19 PCR Test Data From Clinical Laboratories,11/01/2020,Percent Change in Weekly Positivity,0.37,04/11/2021,3894
Colorado,5763976,Weekly COVID-19 Antibody Test Data From Clinical Laboratories,11/01/2020,Antibody Tests Performed,4057,04/11/2021,3895
Colorado,5763976,Weekly COVID-19 Antibody Test Data From Clinical Laboratories,11/01/2020,Number of positive tests,568,04/11/2021,3896
Colorado,5763976,Weekly COVID-19 Antibody Test Data From Clinical Laboratories,11/01/2020,Number of negative tests,3489,04/11/2021,3897
Colorado,5763976,Weekly COVID-19 Antibody Test Data From Clinical Laboratories,11/01/2020,Weekly Percent Positivity,0.14,04/11/2021,3898
Colorado,5763976,Weekly COVID-19 Antibody Test Data From Clinical Laboratories,11/01/2020,Cumulative Antibody Tests Performed,190006,04/11/2021,3899
Colorado,5763976,Weekly COVID-19 Antibody Test Data From Clinical Laboratories,11/01/2020,Percent Change in Weekly Positivity,-0.12,04/11/2021,3900
Colorado,5763976,Daily COVID-19 PCR Test Data From Clinical Laboratories,11/02/2020,Percent Positivity,0.112,04/11/2021,3901
Colorado,5763976,Daily COVID-19 PCR Test Data From Clinical Laboratories,11/02/2020,People Tested at CDPHE State Lab,7936,04/11/2021,3902
Colorado,5763976,Daily COVID-19 PCR Test Data From Clinical Laboratories,11/02/2020,People Tested at Non-CDPHE (Commerical) Labs,16753,04/11/2021,3903
Colorado,5763976,Daily COVID-19 PCR Test Data From Clinical Laboratories,11/02/2020,Cumulative People Tested at CDPHE State Lab,616492,04/11/2021,3904
Colorado,5763976,Daily COVID-19 PCR Test Data From Clinical Laboratories,11/02/2020,Cumulative People Tested at Non-CDPHE (Commerical) Labs,1483459,04/11/2021,3905
Colorado,5763976,Daily COVID-19 PCR Test Data From Clinical Laboratories,11/02/2020,7-Day Average Percent Positivity,0.092,04/11/2021,3906
Colorado,5763976,Daily COVID-19 Antibody Test Data From Clinical Laboratories,11/05/2020,3-Day Average Percent Positivity,0.149,04/11/2021,3907
Colorado,5763976,Daily COVID-19 Antibody Test Data From Clinical Laboratories,10/27/2020,7-Day Average Percent Positivity,0.156,04/11/2021,3908
Colorado,5763976,Daily COVID-19 Antibody Test Data From Clinical Laboratories,11/05/2020,Cumulative Antibody Tests Performed,188714,04/11/2021,3909
Colorado,5763976,Daily COVID-19 PCR Test Data From Clinical Laboratories,11/06/2020,Percent Positivity,0.113,04/11/2021,3910
Colorado,5763976,Daily COVID-19 PCR Test Data From Clinical Laboratories,11/06/2020,People Tested at CDPHE State Lab,7549,04/11/2021,3911
Colorado,5763976,Daily COVID-19 PCR Test Data From Clinical Laboratories,11/06/2020,People Tested at Non-CDPHE (Commerical) Labs,31178,04/11/2021,3912
Colorado,5763976,Daily COVID-19 PCR Test Data From Clinical Laboratories,11/06/2020,Cumulative People Tested at CDPHE State Lab,648201,04/11/2021,3913
Colorado,5763976,Daily COVID-19 PCR Test Data From Clinical Laboratories,11/06/2020,Cumulative People Tested at Non-CDPHE (Commerical) Labs,1587554,04/11/2021,3914
Colorado,5763976,Daily COVID-19 PCR Test Data From Clinical Laboratories,11/06/2020,7-Day Average Percent Positivity,0.11,04/11/2021,3915
Colorado,5763976,Daily COVID-19 PCR Test Data From Clinical Laboratories,11/06/2020,3-Day Average Percent Positivity,0.113,04/11/2021,3916
Colorado,5763976,Daily COVID-19 Antibody Test Data From Clinical Laboratories,11/06/2020,Antibody Tests Performed,786,04/11/2021,3917
Colorado,5763976,Daily COVID-19 Antibody Test Data From Clinical Laboratories,11/06/2020,Number of negative tests,683,04/11/2021,3918
Colorado,5763976,Daily COVID-19 Antibody Test Data From Clinical Laboratories,11/06/2020,Number of positive tests,103,04/11/2021,3919
Colorado,5763976,Daily COVID-19 Antibody Test Data From Clinical Laboratories,11/06/2020,Total Tests per 100K People,13.636,04/11/2021,3920
Colorado,5763976,Daily COVID-19 Antibody Test Data From Clinical Laboratories,11/06/2020,Percent Positivity,0.131,04/11/2021,3921
Colorado,5763976,Daily COVID-19 Antibody Test Data From Clinical Laboratories,11/06/2020,7-Day Average Percent Positivity,0.136,04/11/2021,3922
Colorado,5763976,Daily COVID-19 Antibody Test Data From Clinical Laboratories,11/06/2020,3-Day Average Percent Positivity,0.142,04/11/2021,3923
Colorado,5763976,Daily COVID-19 Antibody Test Data From Clinical Laboratories,11/06/2020,Cumulative Antibody Tests Performed,189500,04/11/2021,3924
Colorado,5763976,Daily COVID-19 PCR Test Data From Clinical Laboratories,11/07/2020,Percent Positivity,0.122,04/11/2021,3925
Colorado,5763976,Daily COVID-19 PCR Test Data From Clinical Laboratories,11/07/2020,People Tested at CDPHE State Lab,6088,04/11/2021,3926
Colorado,5763976,Daily COVID-19 PCR Test Data From Clinical Laboratories,11/07/2020,People Tested at Non-CDPHE (Commerical) Labs,25372,04/11/2021,3927
Colorado,5763976,Daily COVID-19 PCR Test Data From Clinical Laboratories,11/07/2020,Cumulative People Tested at CDPHE State Lab,654289,04/11/2021,3928
Colorado,5763976,Daily COVID-19 PCR Test Data From Clinical Laboratories,11/07/2020,Cumulative People Tested at Non-CDPHE (Commerical) Labs,1612926,04/11/2021,3929
Colorado,5763976,Daily COVID-19 PCR Test Data From Clinical Laboratories,11/07/2020,7-Day Average Percent Positivity,0.113,04/11/2021,3930
Colorado,5763976,Daily COVID-19 PCR Test Data From Clinical Laboratories,11/07/2020,3-Day Average Percent Positivity,0.115,04/11/2021,3931
Colorado,5763976,Daily COVID-19 Antibody Test Data From Clinical Laboratories,11/07/2020,Antibody Tests Performed,506,04/11/2021,3932
Colorado,5763976,Daily COVID-19 Antibody Test Data From Clinical Laboratories,11/07/2020,Number of negative tests,415,04/11/2021,3933
Colorado,5763976,Daily COVID-19 Antibody Test Data From Clinical Laboratories,11/07/2020,Number of positive tests,91,04/11/2021,3934
Colorado,5763976,Daily COVID-19 Antibody Test Data From Clinical Laboratories,11/07/2020,Total Tests per 100K People,8.779,04/11/2021,3935
Colorado,5763976,Daily COVID-19 Antibody Test Data From Clinical Laboratories,11/07/2020,Percent Positivity,0.18,04/11/2021,3936
Colorado,5763976,Daily COVID-19 Antibody Test Data From Clinical Laboratories,11/07/2020,7-Day Average Percent Positivity,0.14,04/11/2021,3937
Colorado,5763976,Daily COVID-19 Antibody Test Data From Clinical Laboratories,11/07/2020,3-Day Average Percent Positivity,0.15,04/11/2021,3938
Colorado,5763976,Daily COVID-19 Antibody Test Data From Clinical Laboratories,11/07/2020,Cumulative Antibody Tests Performed,190006,04/11/2021,3939
Colorado,5763976,Daily COVID-19 PCR Test Data From Clinical Laboratories,11/08/2020,Percent Positivity,0.129,04/11/2021,3940
Colorado,5763976,Daily COVID-19 PCR Test Data From Clinical Laboratories,11/08/2020,People Tested at CDPHE State Lab,7274,04/11/2021,3941
Colorado,5763976,Daily COVID-19 PCR Test Data From Clinical Laboratories,11/08/2020,People Tested at Non-CDPHE (Commerical) Labs,26203,04/11/2021,3942
Colorado,5763976,Daily COVID-19 PCR Test Data From Clinical Laboratories,11/08/2020,Cumulative People Tested at CDPHE State Lab,661563,04/11/2021,3943
Colorado,5763976,Daily COVID-19 PCR Test Data From Clinical Laboratories,11/08/2020,Cumulative People Tested at Non-CDPHE (Commerical) Labs,1639129,04/11/2021,3944
Colorado,5763976,Daily COVID-19 PCR Test Data From Clinical Laboratories,11/08/2020,7-Day Average Percent Positivity,0.116,04/11/2021,3945
Colorado,5763976,Daily COVID-19 PCR Test Data From Clinical Laboratories,11/08/2020,3-Day Average Percent Positivity,0.121,04/11/2021,3946
Colorado,5763976,Daily COVID-19 Antibody Test Data From Clinical Laboratories,11/08/2020,Antibody Tests Performed,190,04/11/2021,3947
Colorado,5763976,Daily COVID-19 Antibody Test Data From Clinical Laboratories,11/08/2020,Number of negative tests,163,04/11/2021,3948
Colorado,5763976,Daily COVID-19 Antibody Test Data From Clinical Laboratories,11/08/2020,Number of positive tests,27,04/11/2021,3949
Colorado,5763976,Daily COVID-19 Antibody Test Data From Clinical Laboratories,11/08/2020,Total Tests per 100K People,3.296,04/11/2021,3950
Colorado,5763976,Daily COVID-19 Antibody Test Data From Clinical Laboratories,11/08/2020,Percent Positivity,0.142,04/11/2021,3951
Colorado,5763976,Daily COVID-19 Antibody Test Data From Clinical Laboratories,11/08/2020,7-Day Average Percent Positivity,0.144,04/11/2021,3952
Colorado,5763976,Daily COVID-19 Antibody Test Data From Clinical Laboratories,11/08/2020,3-Day Average Percent Positivity,0.149,04/11/2021,3953
Colorado,5763976,Daily COVID-19 Antibody Test Data From Clinical Laboratories,11/08/2020,Cumulative Antibody Tests Performed,190196,04/11/2021,3954
Colorado,5763976,Weekly COVID-19 PCR Test Data From Clinical Laboratories,11/08/2020,People Tested at CDPHE State Lab,56109,04/11/2021,3955
Colorado,5763976,Daily COVID-19 Antibody Test Data From Clinical Laboratories,10/27/2020,3-Day Average Percent Positivity,0.198,04/11/2021,3956
Colorado,5763976,Daily COVID-19 Antibody Test Data From Clinical Laboratories,10/27/2020,Cumulative Antibody Tests Performed,183397,04/11/2021,3957
Colorado,5763976,Daily COVID-19 PCR Test Data From Clinical Laboratories,10/28/2020,Percent Positivity,0.07,04/11/2021,3958
Colorado,5763976,Daily COVID-19 PCR Test Data From Clinical Laboratories,10/28/2020,People Tested at CDPHE State Lab,6912,04/11/2021,3959
Colorado,5763976,Daily COVID-19 PCR Test Data From Clinical Laboratories,10/28/2020,People Tested at Non-CDPHE (Commerical) Labs,18581,04/11/2021,3960
Colorado,5763976,Daily COVID-19 PCR Test Data From Clinical Laboratories,10/28/2020,Cumulative People Tested at CDPHE State Lab,576061,04/11/2021,3961
Colorado,5763976,Daily COVID-19 PCR Test Data From Clinical Laboratories,10/28/2020,Cumulative People Tested at Non-CDPHE (Commerical) Labs,1381124,04/11/2021,3962
Colorado,5763976,Daily COVID-19 PCR Test Data From Clinical Laboratories,10/28/2020,7-Day Average Percent Positivity,0.07,04/11/2021,3963
Colorado,5763976,Daily COVID-19 PCR Test Data From Clinical Laboratories,10/28/2020,3-Day Average Percent Positivity,0.071,04/11/2021,3964
Colorado,5763976,Daily COVID-19 Antibody Test Data From Clinical Laboratories,10/28/2020,Antibody Tests Performed,644,04/11/2021,3965
Colorado,5763976,Daily COVID-19 Antibody Test Data From Clinical Laboratories,10/28/2020,Number of negative tests,547,04/11/2021,3966
Colorado,5763976,Daily COVID-19 Antibody Test Data From Clinical Laboratories,10/28/2020,Number of positive tests,97,04/11/2021,3967
Colorado,5763976,Daily COVID-19 Antibody Test Data From Clinical Laboratories,10/28/2020,Total Tests per 100K People,11.173,04/11/2021,3968
Colorado,5763976,Daily COVID-19 Antibody Test Data From Clinical Laboratories,10/28/2020,Percent Positivity,0.151,04/11/2021,3969
Colorado,5763976,Daily COVID-19 Antibody Test Data From Clinical Laboratories,10/28/2020,7-Day Average Percent Positivity,0.162,04/11/2021,3970
Colorado,5763976,Daily COVID-19 Antibody Test Data From Clinical Laboratories,10/28/2020,3-Day Average Percent Positivity,0.142,04/11/2021,3971
Colorado,5763976,Daily COVID-19 Antibody Test Data From Clinical Laboratories,10/28/2020,Cumulative Antibody Tests Performed,184041,04/11/2021,3972
Colorado,5763976,Daily COVID-19 PCR Test Data From Clinical Laboratories,10/29/2020,Percent Positivity,0.091,04/11/2021,3973
Colorado,5763976,Daily COVID-19 PCR Test Data From Clinical Laboratories,10/29/2020,People Tested at CDPHE State Lab,8101,04/11/2021,3974
Colorado,5763976,Daily COVID-19 PCR Test Data From Clinical Laboratories,10/29/2020,People Tested at Non-CDPHE (Commerical) Labs,19357,04/11/2021,3975
Colorado,5763976,Daily COVID-19 PCR Test Data From Clinical Laboratories,10/29/2020,Cumulative People Tested at CDPHE State Lab,584162,04/11/2021,3976
Colorado,5763976,Daily COVID-19 PCR Test Data From Clinical Laboratories,10/29/2020,Cumulative People Tested at Non-CDPHE (Commerical) Labs,1400481,04/11/2021,3977
Colorado,5763976,Daily COVID-19 PCR Test Data From Clinical Laboratories,10/29/2020,7-Day Average Percent Positivity,0.075,04/11/2021,3978
Colorado,5763976,Daily COVID-19 PCR Test Data From Clinical Laboratories,10/29/2020,3-Day Average Percent Positivity,0.079,04/11/2021,3979
Colorado,5763976,Daily COVID-19 Antibody Test Data From Clinical Laboratories,10/29/2020,Antibody Tests Performed,723,04/11/2021,3980
Colorado,5763976,Daily COVID-19 Antibody Test Data From Clinical Laboratories,10/29/2020,Number of negative tests,634,04/11/2021,3981
Colorado,5763976,Daily COVID-19 Antibody Test Data From Clinical Laboratories,10/29/2020,Number of positive tests,89,04/11/2021,3982
Colorado,5763976,Daily COVID-19 Antibody Test Data From Clinical Laboratories,10/29/2020,Total Tests per 100K People,12.543,04/11/2021,3983
Colorado,5763976,Daily COVID-19 Antibody Test Data From Clinical Laboratories,10/29/2020,Percent Positivity,0.123,04/11/2021,3984
Colorado,5763976,Daily COVID-19 Antibody Test Data From Clinical Laboratories,10/29/2020,7-Day Average Percent Positivity,0.165,04/11/2021,3985
Colorado,5763976,Daily COVID-19 Antibody Test Data From Clinical Laboratories,10/29/2020,3-Day Average Percent Positivity,0.139,04/11/2021,3986
Colorado,5763976,Daily COVID-19 Antibody Test Data From Clinical Laboratories,10/29/2020,Cumulative Antibody Tests Performed,184764,04/11/2021,3987
Colorado,5763976,Daily COVID-19 PCR Test Data From Clinical Laboratories,10/30/2020,Percent Positivity,0.088,04/11/2021,3988
Colorado,5763976,Daily COVID-19 PCR Test Data From Clinical Laboratories,10/30/2020,People Tested at CDPHE State Lab,11037,04/11/2021,3989
Colorado,5763976,Daily COVID-19 PCR Test Data From Clinical Laboratories,10/30/2020,People Tested at Non-CDPHE (Commerical) Labs,23354,04/11/2021,3990
Colorado,5763976,Daily COVID-19 PCR Test Data From Clinical Laboratories,10/30/2020,Cumulative People Tested at CDPHE State Lab,595199,04/11/2021,3991
Colorado,5763976,Daily COVID-19 PCR Test Data From Clinical Laboratories,10/30/2020,Cumulative People Tested at Non-CDPHE (Commerical) Labs,1423835,04/11/2021,3992
Colorado,5763976,Daily COVID-19 PCR Test Data From Clinical Laboratories,10/30/2020,7-Day Average Percent Positivity,0.079,04/11/2021,3993
Colorado,5763976,Daily COVID-19 PCR Test Data From Clinical Laboratories,10/30/2020,3-Day Average Percent Positivity,0.084,04/11/2021,3994
Colorado,5763976,Daily COVID-19 Antibody Test Data From Clinical Laboratories,10/30/2020,Antibody Tests Performed,737,04/11/2021,3995
Colorado,5763976,Daily COVID-19 Antibody Test Data From Clinical Laboratories,10/30/2020,Number of negative tests,659,04/11/2021,3996
Colorado,5763976,Daily COVID-19 Antibody Test Data From Clinical Laboratories,10/30/2020,Number of positive tests,78,04/11/2021,3997
Colorado,5763976,Daily COVID-19 Antibody Test Data From Clinical Laboratories,10/30/2020,Total Tests per 100K People,12.786,04/11/2021,3998
Colorado,5763976,Daily COVID-19 Antibody Test Data From Clinical Laboratories,10/30/2020,Percent Positivity,0.106,04/11/2021,3999
Colorado,5763976,Daily COVID-19 Antibody Test Data From Clinical Laboratories,10/30/2020,7-Day Average Percent Positivity,0.161,04/11/2021,4000
Colorado,5763976,Daily COVID-19 PCR Test Data From Clinical Laboratories,12/08/2020,3-Day Average Percent Positivity,0.114,04/11/2021,4001
Colorado,5763976,Daily COVID-19 Antibody Test Data From Clinical Laboratories,12/08/2020,Antibody Tests Performed,1126,04/11/2021,4002
Colorado,5763976,Daily COVID-19 Antibody Test Data From Clinical Laboratories,12/08/2020,Number of negative tests,837,04/11/2021,4003
Colorado,5763976,Daily COVID-19 Antibody Test Data From Clinical Laboratories,12/08/2020,Number of positive tests,289,04/11/2021,4004
Colorado,5763976,Daily COVID-19 Antibody Test Data From Clinical Laboratories,12/08/2020,Total Tests per 100K People,19.535,04/11/2021,4005
Colorado,5763976,Daily COVID-19 Antibody Test Data From Clinical Laboratories,12/08/2020,Percent Positivity,0.257,04/11/2021,4006
Colorado,5763976,Daily COVID-19 Antibody Test Data From Clinical Laboratories,12/08/2020,7-Day Average Percent Positivity,0.204,04/11/2021,4007
Colorado,5763976,Daily COVID-19 Antibody Test Data From Clinical Laboratories,12/08/2020,3-Day Average Percent Positivity,0.208,04/11/2021,4008
Colorado,5763976,Daily COVID-19 Antibody Test Data From Clinical Laboratories,12/08/2020,Cumulative Antibody Tests Performed,219679,04/11/2021,4009
Colorado,5763976,Daily COVID-19 PCR Test Data From Clinical Laboratories,12/09/2020,Percent Positivity,0.096,04/11/2021,4010
Colorado,5763976,Daily COVID-19 PCR Test Data From Clinical Laboratories,12/09/2020,People Tested at CDPHE State Lab,6086,04/11/2021,4011
Colorado,5763976,Daily COVID-19 PCR Test Data From Clinical Laboratories,12/09/2020,People Tested at Non-CDPHE (Commerical) Labs,45000,04/11/2021,4012
Colorado,5763976,Daily COVID-19 PCR Test Data From Clinical Laboratories,12/09/2020,Cumulative People Tested at CDPHE State Lab,891687,04/11/2021,4013
Colorado,5763976,Daily COVID-19 PCR Test Data From Clinical Laboratories,12/09/2020,Cumulative People Tested at Non-CDPHE (Commerical) Labs,2801378,04/11/2021,4014
Colorado,5763976,Daily COVID-19 Antibody Test Data From Clinical Laboratories,12/11/2020,Percent Positivity,0.19,04/11/2021,4015
Colorado,5763976,Daily COVID-19 Antibody Test Data From Clinical Laboratories,11/26/2020,Total Tests per 100K People,34.421,04/11/2021,4016
Colorado,5763976,Daily COVID-19 PCR Test Data From Clinical Laboratories,12/09/2020,7-Day Average Percent Positivity,0.111,04/11/2021,4017
Colorado,5763976,Daily COVID-19 PCR Test Data From Clinical Laboratories,12/09/2020,3-Day Average Percent Positivity,0.103,04/11/2021,4018
Colorado,5763976,Daily COVID-19 Antibody Test Data From Clinical Laboratories,12/09/2020,Antibody Tests Performed,5484,04/11/2021,4019
Colorado,5763976,Daily COVID-19 Antibody Test Data From Clinical Laboratories,12/09/2020,Number of negative tests,4552,04/11/2021,4020
Colorado,5763976,Daily COVID-19 Antibody Test Data From Clinical Laboratories,12/09/2020,Number of positive tests,932,04/11/2021,4021
Colorado,5763976,Daily COVID-19 Antibody Test Data From Clinical Laboratories,12/09/2020,Total Tests per 100K People,95.143,04/11/2021,4022
Colorado,5763976,Daily COVID-19 Antibody Test Data From Clinical Laboratories,12/09/2020,Percent Positivity,0.17,04/11/2021,4023
Colorado,5763976,Daily COVID-19 Antibody Test Data From Clinical Laboratories,12/09/2020,7-Day Average Percent Positivity,0.189,04/11/2021,4024
Colorado,5763976,Daily COVID-19 Antibody Test Data From Clinical Laboratories,12/09/2020,3-Day Average Percent Positivity,0.181,04/11/2021,4025
Colorado,5763976,Daily COVID-19 Antibody Test Data From Clinical Laboratories,12/09/2020,Cumulative Antibody Tests Performed,225163,04/11/2021,4026
Colorado,5763976,Daily COVID-19 PCR Test Data From Clinical Laboratories,12/10/2020,Percent Positivity,0.085,04/11/2021,4027
Colorado,5763976,Daily COVID-19 PCR Test Data From Clinical Laboratories,12/10/2020,People Tested at CDPHE State Lab,5718,04/11/2021,4028
Colorado,5763976,Daily COVID-19 PCR Test Data From Clinical Laboratories,12/10/2020,People Tested at Non-CDPHE (Commerical) Labs,44386,04/11/2021,4029
Colorado,5763976,Daily COVID-19 PCR Test Data From Clinical Laboratories,12/10/2020,Cumulative People Tested at CDPHE State Lab,897405,04/11/2021,4030
Colorado,5763976,Daily COVID-19 PCR Test Data From Clinical Laboratories,12/10/2020,Cumulative People Tested at Non-CDPHE (Commerical) Labs,2845764,04/11/2021,4031
Colorado,5763976,Daily COVID-19 PCR Test Data From Clinical Laboratories,12/10/2020,7-Day Average Percent Positivity,0.105,04/11/2021,4032
Colorado,5763976,Daily COVID-19 PCR Test Data From Clinical Laboratories,12/10/2020,3-Day Average Percent Positivity,0.091,04/11/2021,4033
Colorado,5763976,Daily COVID-19 Antibody Test Data From Clinical Laboratories,12/10/2020,Antibody Tests Performed,4536,04/11/2021,4034
Colorado,5763976,Daily COVID-19 Antibody Test Data From Clinical Laboratories,12/10/2020,Number of negative tests,3731,04/11/2021,4035
Colorado,5763976,Daily COVID-19 Antibody Test Data From Clinical Laboratories,12/10/2020,Number of positive tests,805,04/11/2021,4036
Colorado,5763976,Daily COVID-19 Antibody Test Data From Clinical Laboratories,12/10/2020,Total Tests per 100K People,78.696,04/11/2021,4037
Colorado,5763976,Daily COVID-19 Antibody Test Data From Clinical Laboratories,12/10/2020,Percent Positivity,0.177,04/11/2021,4038
Colorado,5763976,Daily COVID-19 Antibody Test Data From Clinical Laboratories,12/10/2020,7-Day Average Percent Positivity,0.184,04/11/2021,4039
Colorado,5763976,Daily COVID-19 Antibody Test Data From Clinical Laboratories,12/10/2020,3-Day Average Percent Positivity,0.182,04/11/2021,4040
Colorado,5763976,Daily COVID-19 Antibody Test Data From Clinical Laboratories,12/10/2020,Cumulative Antibody Tests Performed,229699,04/11/2021,4041
Colorado,5763976,Daily COVID-19 PCR Test Data From Clinical Laboratories,12/11/2020,Percent Positivity,0.097,04/11/2021,4042
Colorado,5763976,Daily COVID-19 PCR Test Data From Clinical Laboratories,12/11/2020,People Tested at CDPHE State Lab,4498,04/11/2021,4043
Colorado,5763976,Daily COVID-19 PCR Test Data From Clinical Laboratories,12/11/2020,People Tested at Non-CDPHE (Commerical) Labs,43394,04/11/2021,4044
Colorado,5763976,Weekly COVID-19 PCR Test Data From Clinical Laboratories,11/29/2020,People Tested at CDPHE State Lab,47351,04/11/2021,4045
Colorado,5763976,Daily COVID-19 Antibody Test Data From Clinical Laboratories,12/05/2020,3-Day Average Percent Positivity,0.198,04/11/2021,4046
Colorado,5763976,Daily COVID-19 PCR Test Data From Clinical Laboratories,12/11/2020,Cumulative People Tested at CDPHE State Lab,901903,04/11/2021,4047
Colorado,5763976,Daily COVID-19 PCR Test Data From Clinical Laboratories,12/11/2020,Cumulative People Tested at Non-CDPHE (Commerical) Labs,2889158,04/11/2021,4048
Colorado,5763976,Daily COVID-19 PCR Test Data From Clinical Laboratories,12/11/2020,7-Day Average Percent Positivity,0.103,04/11/2021,4049
Colorado,5763976,Daily COVID-19 PCR Test Data From Clinical Laboratories,12/11/2020,3-Day Average Percent Positivity,0.093,04/11/2021,4050
Colorado,5763976,Daily COVID-19 Antibody Test Data From Clinical Laboratories,12/11/2020,Antibody Tests Performed,3767,04/11/2021,4051
Colorado,5763976,Daily COVID-19 Antibody Test Data From Clinical Laboratories,12/11/2020,Number of negative tests,3052,04/11/2021,4052
Colorado,5763976,Daily COVID-19 Antibody Test Data From Clinical Laboratories,12/11/2020,Number of positive tests,715,04/11/2021,4053
Colorado,5763976,Daily COVID-19 Antibody Test Data From Clinical Laboratories,12/11/2020,Total Tests per 100K People,65.354,04/11/2021,4054
Colorado,5763976,Daily COVID-19 Antibody Test Data From Clinical Laboratories,12/02/2020,Number of negative tests,1789,04/11/2021,4055
Colorado,5763976,Daily COVID-19 Antibody Test Data From Clinical Laboratories,11/20/2020,7-Day Average Percent Positivity,0.156,04/11/2021,4056
Colorado,5763976,Daily COVID-19 PCR Test Data From Clinical Laboratories,11/23/2020,7-Day Average Percent Positivity,0.117,04/11/2021,4057
Colorado,5763976,Weekly COVID-19 PCR Test Data From Clinical Laboratories,11/29/2020,People Tested at Non-CDPHE (Commerical) Labs,259218,04/11/2021,4058
Colorado,5763976,Weekly COVID-19 PCR Test Data From Clinical Laboratories,11/29/2020,Weekly Percent Positivity,0.123,04/11/2021,4059
Colorado,5763976,Weekly COVID-19 PCR Test Data From Clinical Laboratories,11/29/2020,Cumulative People Tested at CDPHE State Lab,876552,04/11/2021,4060
Colorado,5763976,Weekly COVID-19 PCR Test Data From Clinical Laboratories,11/29/2020,Cumulative People Tested at Non-CDPHE (Commerical) Labs,2650047,04/11/2021,4061
Colorado,5763976,Weekly COVID-19 PCR Test Data From Clinical Laboratories,11/29/2020,Percent Change in Weekly Positivity,0.11,04/11/2021,4062
Colorado,5763976,Weekly COVID-19 Antibody Test Data From Clinical Laboratories,11/29/2020,Antibody Tests Performed,8706,04/11/2021,4063
Colorado,5763976,Weekly COVID-19 Antibody Test Data From Clinical Laboratories,11/29/2020,Number of positive tests,1717,04/11/2021,4064
Colorado,5763976,Weekly COVID-19 Antibody Test Data From Clinical Laboratories,11/29/2020,Number of negative tests,6989,04/11/2021,4065
Colorado,5763976,Weekly COVID-19 Antibody Test Data From Clinical Laboratories,11/29/2020,Weekly Percent Positivity,0.197,04/11/2021,4066
Colorado,5763976,Weekly COVID-19 Antibody Test Data From Clinical Laboratories,11/29/2020,Cumulative Antibody Tests Performed,216236,04/11/2021,4067
Colorado,5763976,Weekly COVID-19 Antibody Test Data From Clinical Laboratories,11/29/2020,Percent Change in Weekly Positivity,0.05,04/11/2021,4068
Colorado,5763976,Daily COVID-19 PCR Test Data From Clinical Laboratories,11/30/2020,Percent Positivity,0.145,04/11/2021,4069
Colorado,5763976,Daily COVID-19 PCR Test Data From Clinical Laboratories,11/30/2020,People Tested at CDPHE State Lab,10354,04/11/2021,4070
Colorado,5763976,Daily COVID-19 PCR Test Data From Clinical Laboratories,11/30/2020,People Tested at Non-CDPHE (Commerical) Labs,27197,04/11/2021,4071
Colorado,5763976,Daily COVID-19 PCR Test Data From Clinical Laboratories,11/30/2020,Cumulative People Tested at CDPHE State Lab,847880,04/11/2021,4072
Colorado,5763976,Daily COVID-19 PCR Test Data From Clinical Laboratories,11/30/2020,Cumulative People Tested at Non-CDPHE (Commerical) Labs,2453746,04/11/2021,4073
Colorado,5763976,Daily COVID-19 PCR Test Data From Clinical Laboratories,11/30/2020,7-Day Average Percent Positivity,0.117,04/11/2021,4074
Colorado,5763976,Daily COVID-19 PCR Test Data From Clinical Laboratories,11/30/2020,3-Day Average Percent Positivity,0.132,04/11/2021,4075
Colorado,5763976,Daily COVID-19 Antibody Test Data From Clinical Laboratories,11/30/2020,Antibody Tests Performed,574,04/11/2021,4076
Colorado,5763976,Daily COVID-19 Antibody Test Data From Clinical Laboratories,11/30/2020,Number of negative tests,462,04/11/2021,4077
Colorado,5763976,Daily COVID-19 Antibody Test Data From Clinical Laboratories,11/30/2020,Number of positive tests,112,04/11/2021,4078
Colorado,5763976,Daily COVID-19 Antibody Test Data From Clinical Laboratories,11/30/2020,Total Tests per 100K People,9.958,04/11/2021,4079
Colorado,5763976,Daily COVID-19 Antibody Test Data From Clinical Laboratories,11/30/2020,Percent Positivity,0.195,04/11/2021,4080
Colorado,5763976,Daily COVID-19 Antibody Test Data From Clinical Laboratories,11/30/2020,7-Day Average Percent Positivity,0.189,04/11/2021,4081
Colorado,5763976,Daily COVID-19 Antibody Test Data From Clinical Laboratories,11/30/2020,3-Day Average Percent Positivity,0.197,04/11/2021,4082
Colorado,5763976,Daily COVID-19 Antibody Test Data From Clinical Laboratories,11/30/2020,Cumulative Antibody Tests Performed,208600,04/11/2021,4083
Colorado,5763976,Daily COVID-19 PCR Test Data From Clinical Laboratories,12/01/2020,Percent Positivity,0.132,04/11/2021,4084
Colorado,5763976,Daily COVID-19 PCR Test Data From Clinical Laboratories,12/01/2020,People Tested at CDPHE State Lab,6063,04/11/2021,4085
Colorado,5763976,Daily COVID-19 PCR Test Data From Clinical Laboratories,12/01/2020,People Tested at Non-CDPHE (Commerical) Labs,28385,04/11/2021,4086
Colorado,5763976,Daily COVID-19 PCR Test Data From Clinical Laboratories,12/01/2020,Cumulative People Tested at CDPHE State Lab,853943,04/11/2021,4087
Colorado,5763976,Daily COVID-19 PCR Test Data From Clinical Laboratories,12/01/2020,Cumulative People Tested at Non-CDPHE (Commerical) Labs,2482131,04/11/2021,4088
Colorado,5763976,Daily COVID-19 PCR Test Data From Clinical Laboratories,12/01/2020,7-Day Average Percent Positivity,0.119,04/11/2021,4089
Colorado,5763976,Daily COVID-19 PCR Test Data From Clinical Laboratories,12/01/2020,3-Day Average Percent Positivity,0.133,04/11/2021,4090
Colorado,5763976,Daily COVID-19 Antibody Test Data From Clinical Laboratories,12/01/2020,Antibody Tests Performed,1343,04/11/2021,4091
Colorado,5763976,Daily COVID-19 Antibody Test Data From Clinical Laboratories,12/01/2020,Number of negative tests,1079,04/11/2021,4092
Colorado,5763976,Daily COVID-19 Antibody Test Data From Clinical Laboratories,12/01/2020,Number of positive tests,264,04/11/2021,4093
Colorado,5763976,Daily COVID-19 Antibody Test Data From Clinical Laboratories,12/01/2020,Total Tests per 100K People,23.3,04/11/2021,4094
Colorado,5763976,Daily COVID-19 Antibody Test Data From Clinical Laboratories,12/01/2020,Percent Positivity,0.197,04/11/2021,4095
Colorado,5763976,Daily COVID-19 Antibody Test Data From Clinical Laboratories,12/01/2020,7-Day Average Percent Positivity,0.189,04/11/2021,4096
Colorado,5763976,Daily COVID-19 Antibody Test Data From Clinical Laboratories,12/01/2020,3-Day Average Percent Positivity,0.185,04/11/2021,4097
Colorado,5763976,Daily COVID-19 Antibody Test Data From Clinical Laboratories,12/01/2020,Cumulative Antibody Tests Performed,209943,04/11/2021,4098
Colorado,5763976,Daily COVID-19 PCR Test Data From Clinical Laboratories,12/02/2020,Percent Positivity,0.123,04/11/2021,4099
Colorado,5763976,Daily COVID-19 PCR Test Data From Clinical Laboratories,12/02/2020,People Tested at CDPHE State Lab,5389,04/11/2021,4100
Colorado,5763976,Daily COVID-19 PCR Test Data From Clinical Laboratories,12/02/2020,People Tested at Non-CDPHE (Commerical) Labs,49282,04/11/2021,4101
Colorado,5763976,Daily COVID-19 PCR Test Data From Clinical Laboratories,12/02/2020,Cumulative People Tested at CDPHE State Lab,859332,04/11/2021,4102
Colorado,5763976,Daily COVID-19 PCR Test Data From Clinical Laboratories,12/02/2020,Cumulative People Tested at Non-CDPHE (Commerical) Labs,2531413,04/11/2021,4103
Colorado,5763976,Daily COVID-19 PCR Test Data From Clinical Laboratories,12/02/2020,7-Day Average Percent Positivity,0.123,04/11/2021,4104
Colorado,5763976,Daily COVID-19 PCR Test Data From Clinical Laboratories,12/02/2020,3-Day Average Percent Positivity,0.132,04/11/2021,4105
Colorado,5763976,Daily COVID-19 Antibody Test Data From Clinical Laboratories,12/02/2020,Antibody Tests Performed,2264,04/11/2021,4106
Colorado,5763976,Daily COVID-19 PCR Test Data From Clinical Laboratories,11/23/2020,3-Day Average Percent Positivity,0.108,04/11/2021,4107
Colorado,5763976,Daily COVID-19 Antibody Test Data From Clinical Laboratories,11/20/2020,3-Day Average Percent Positivity,0.154,04/11/2021,4108
Colorado,5763976,Daily COVID-19 Antibody Test Data From Clinical Laboratories,12/02/2020,Number of positive tests,475,04/11/2021,4109
Colorado,5763976,Daily COVID-19 Antibody Test Data From Clinical Laboratories,12/11/2020,7-Day Average Percent Positivity,0.184,04/11/2021,4110
Colorado,5763976,Daily COVID-19 Antibody Test Data From Clinical Laboratories,11/26/2020,Percent Positivity,0.176,04/11/2021,4111
Colorado,5763976,Daily COVID-19 Antibody Test Data From Clinical Laboratories,11/26/2020,7-Day Average Percent Positivity,0.175,04/11/2021,4112
Colorado,5763976,Daily COVID-19 Antibody Test Data From Clinical Laboratories,12/05/2020,Cumulative Antibody Tests Performed,216236,04/11/2021,4113
Colorado,5763976,Daily COVID-19 Antibody Test Data From Clinical Laboratories,11/26/2020,3-Day Average Percent Positivity,0.189,04/11/2021,4114
Colorado,5763976,Daily COVID-19 Antibody Test Data From Clinical Laboratories,11/26/2020,Cumulative Antibody Tests Performed,205289,04/11/2021,4115
Colorado,5763976,Daily COVID-19 PCR Test Data From Clinical Laboratories,12/06/2020,Percent Positivity,0.126,04/11/2021,4116
Colorado,5763976,Daily COVID-19 PCR Test Data From Clinical Laboratories,11/27/2020,Percent Positivity,0.106,04/11/2021,4117
Colorado,5763976,Daily COVID-19 PCR Test Data From Clinical Laboratories,12/06/2020,People Tested at CDPHE State Lab,2509,04/11/2021,4118
Colorado,5763976,Daily COVID-19 Antibody Test Data From Clinical Laboratories,12/11/2020,3-Day Average Percent Positivity,0.178,04/11/2021,4119
Colorado,5763976,Daily COVID-19 Antibody Test Data From Clinical Laboratories,12/02/2020,Total Tests per 100K People,39.278,04/11/2021,4120
Colorado,5763976,Daily COVID-19 Antibody Test Data From Clinical Laboratories,11/20/2020,Cumulative Antibody Tests Performed,198194,04/11/2021,4121
Colorado,5763976,Daily COVID-19 PCR Test Data From Clinical Laboratories,11/27/2020,People Tested at CDPHE State Lab,7099,04/11/2021,4122
Colorado,5763976,Daily COVID-19 Antibody Test Data From Clinical Laboratories,11/23/2020,Antibody Tests Performed,786,04/11/2021,4123
Colorado,5763976,Daily COVID-19 PCR Test Data From Clinical Laboratories,12/06/2020,People Tested at Non-CDPHE (Commerical) Labs,35628,04/11/2021,4124
Colorado,5763976,Daily COVID-19 Antibody Test Data From Clinical Laboratories,12/11/2020,Cumulative Antibody Tests Performed,233466,04/11/2021,4125
Colorado,5763976,Daily COVID-19 Antibody Test Data From Clinical Laboratories,12/02/2020,Percent Positivity,0.21,04/11/2021,4126
Colorado,5763976,Daily COVID-19 PCR Test Data From Clinical Laboratories,11/21/2020,Percent Positivity,0.105,04/11/2021,4127
Colorado,5763976,Daily COVID-19 PCR Test Data From Clinical Laboratories,11/27/2020,People Tested at Non-CDPHE (Commerical) Labs,45332,04/11/2021,4128
Colorado,5763976,Daily COVID-19 Antibody Test Data From Clinical Laboratories,11/23/2020,Number of negative tests,636,04/11/2021,4129
Colorado,5763976,Daily COVID-19 PCR Test Data From Clinical Laboratories,12/06/2020,Cumulative People Tested at CDPHE State Lab,879061,04/11/2021,4130
Colorado,5763976,Daily COVID-19 PCR Test Data From Clinical Laboratories,12/12/2020,Percent Positivity,0.089,04/11/2021,4131
Colorado,5763976,Daily COVID-19 Antibody Test Data From Clinical Laboratories,12/02/2020,7-Day Average Percent Positivity,0.193,04/11/2021,4132
Colorado,5763976,Daily COVID-19 PCR Test Data From Clinical Laboratories,11/21/2020,People Tested at CDPHE State Lab,5261,04/11/2021,4133
Colorado,5763976,Daily COVID-19 PCR Test Data From Clinical Laboratories,11/27/2020,Cumulative People Tested at CDPHE State Lab,824137,04/11/2021,4134
Colorado,5763976,Daily COVID-19 Antibody Test Data From Clinical Laboratories,11/23/2020,Number of positive tests,150,04/11/2021,4135
Colorado,5763976,Daily COVID-19 PCR Test Data From Clinical Laboratories,12/06/2020,Cumulative People Tested at Non-CDPHE (Commerical) Labs,2685675,04/11/2021,4136
Colorado,5763976,Daily COVID-19 PCR Test Data From Clinical Laboratories,12/12/2020,People Tested at CDPHE State Lab,2715,04/11/2021,4137
Colorado,5763976,Daily COVID-19 PCR Test Data From Clinical Laboratories,12/12/2020,People Tested at Non-CDPHE (Commerical) Labs,33428,04/11/2021,4138
Colorado,5763976,Daily COVID-19 PCR Test Data From Clinical Laboratories,12/12/2020,Cumulative People Tested at CDPHE State Lab,904618,04/11/2021,4139
Colorado,5763976,Daily COVID-19 PCR Test Data From Clinical Laboratories,12/12/2020,Cumulative People Tested at Non-CDPHE (Commerical) Labs,2922586,04/11/2021,4140
Colorado,5763976,Daily COVID-19 PCR Test Data From Clinical Laboratories,12/12/2020,7-Day Average Percent Positivity,0.1,04/11/2021,4141
Colorado,5763976,Daily COVID-19 PCR Test Data From Clinical Laboratories,12/12/2020,3-Day Average Percent Positivity,0.09,04/11/2021,4142
Colorado,5763976,Daily COVID-19 Antibody Test Data From Clinical Laboratories,12/12/2020,Antibody Tests Performed,2997,04/11/2021,4143
Colorado,5763976,Daily COVID-19 Antibody Test Data From Clinical Laboratories,12/12/2020,Number of negative tests,2455,04/11/2021,4144
Colorado,5763976,Daily COVID-19 Antibody Test Data From Clinical Laboratories,12/12/2020,Number of positive tests,542,04/11/2021,4145
Colorado,5763976,Daily COVID-19 Antibody Test Data From Clinical Laboratories,12/12/2020,Total Tests per 100K People,51.995,04/11/2021,4146
Colorado,5763976,Daily COVID-19 Antibody Test Data From Clinical Laboratories,12/12/2020,Percent Positivity,0.181,04/11/2021,4147
Colorado,5763976,Daily COVID-19 Antibody Test Data From Clinical Laboratories,12/12/2020,7-Day Average Percent Positivity,0.183,04/11/2021,4148
Colorado,5763976,Daily COVID-19 Antibody Test Data From Clinical Laboratories,12/12/2020,3-Day Average Percent Positivity,0.182,04/11/2021,4149
Colorado,5763976,Daily COVID-19 Antibody Test Data From Clinical Laboratories,12/12/2020,Cumulative Antibody Tests Performed,236463,04/11/2021,4150
Colorado,5763976,Daily COVID-19 PCR Test Data From Clinical Laboratories,12/13/2020,Percent Positivity,0.097,04/11/2021,4151
Colorado,5763976,Daily COVID-19 PCR Test Data From Clinical Laboratories,12/13/2020,People Tested at CDPHE State Lab,441,04/11/2021,4152
Colorado,5763976,Daily COVID-19 PCR Test Data From Clinical Laboratories,12/13/2020,People Tested at Non-CDPHE (Commerical) Labs,37019,04/11/2021,4153
Colorado,5763976,Daily COVID-19 PCR Test Data From Clinical Laboratories,12/13/2020,Cumulative People Tested at CDPHE State Lab,905059,04/11/2021,4154
Colorado,5763976,Daily COVID-19 PCR Test Data From Clinical Laboratories,12/13/2020,Cumulative People Tested at Non-CDPHE (Commerical) Labs,2959605,04/11/2021,4155
Colorado,5763976,Daily COVID-19 PCR Test Data From Clinical Laboratories,12/13/2020,7-Day Average Percent Positivity,0.097,04/11/2021,4156
Colorado,5763976,Daily COVID-19 PCR Test Data From Clinical Laboratories,12/13/2020,3-Day Average Percent Positivity,0.095,04/11/2021,4157
Colorado,5763976,Daily COVID-19 Antibody Test Data From Clinical Laboratories,12/13/2020,Antibody Tests Performed,774,04/11/2021,4158
Colorado,5763976,Daily COVID-19 Antibody Test Data From Clinical Laboratories,12/13/2020,Number of negative tests,609,04/11/2021,4159
Colorado,5763976,Daily COVID-19 Antibody Test Data From Clinical Laboratories,12/13/2020,Number of positive tests,165,04/11/2021,4160
Colorado,5763976,Daily COVID-19 Antibody Test Data From Clinical Laboratories,12/13/2020,Total Tests per 100K People,13.428,04/11/2021,4161
Colorado,5763976,Daily COVID-19 Antibody Test Data From Clinical Laboratories,12/13/2020,Percent Positivity,0.213,04/11/2021,4162
Colorado,5763976,Daily COVID-19 Antibody Test Data From Clinical Laboratories,12/13/2020,7-Day Average Percent Positivity,0.183,04/11/2021,4163
Colorado,5763976,Daily COVID-19 Antibody Test Data From Clinical Laboratories,12/13/2020,3-Day Average Percent Positivity,0.189,04/11/2021,4164
Colorado,5763976,Daily COVID-19 Antibody Test Data From Clinical Laboratories,12/13/2020,Cumulative Antibody Tests Performed,237237,04/11/2021,4165
Colorado,5763976,Weekly COVID-19 PCR Test Data From Clinical Laboratories,12/13/2020,People Tested at CDPHE State Lab,27064,04/11/2021,4166
Colorado,5763976,Weekly COVID-19 PCR Test Data From Clinical Laboratories,12/13/2020,People Tested at Non-CDPHE (Commerical) Labs,247870,04/11/2021,4167
Colorado,5763976,Weekly COVID-19 PCR Test Data From Clinical Laboratories,12/13/2020,Weekly Percent Positivity,0.078,04/11/2021,4168
Colorado,5763976,Weekly COVID-19 PCR Test Data From Clinical Laboratories,12/13/2020,Cumulative People Tested at CDPHE State Lab,931682,04/11/2021,4169
Colorado,5763976,Weekly COVID-19 PCR Test Data From Clinical Laboratories,12/13/2020,Cumulative People Tested at Non-CDPHE (Commerical) Labs,3170456,04/11/2021,4170
Colorado,5763976,Weekly COVID-19 PCR Test Data From Clinical Laboratories,12/13/2020,Percent Change in Weekly Positivity,-0.22,04/11/2021,4171
Colorado,5763976,Weekly COVID-19 Antibody Test Data From Clinical Laboratories,12/13/2020,Antibody Tests Performed,24403,04/11/2021,4172
Colorado,5763976,Weekly COVID-19 Antibody Test Data From Clinical Laboratories,12/13/2020,Number of positive tests,4257,04/11/2021,4173
Colorado,5763976,Weekly COVID-19 Antibody Test Data From Clinical Laboratories,12/13/2020,Number of negative tests,20146,04/11/2021,4174
Colorado,5763976,Weekly COVID-19 Antibody Test Data From Clinical Laboratories,12/13/2020,Weekly Percent Positivity,0.174,04/11/2021,4175
Colorado,5763976,Weekly COVID-19 Antibody Test Data From Clinical Laboratories,12/13/2020,Cumulative Antibody Tests Performed,260866,04/11/2021,4176
Colorado,5763976,Weekly COVID-19 Antibody Test Data From Clinical Laboratories,12/13/2020,Percent Change in Weekly Positivity,-0.05,04/11/2021,4177
Colorado,5763976,Daily COVID-19 PCR Test Data From Clinical Laboratories,12/14/2020,Percent Positivity,0.065,04/11/2021,4178
Colorado,5763976,Daily COVID-19 PCR Test Data From Clinical Laboratories,12/14/2020,People Tested at CDPHE State Lab,806,04/11/2021,4179
Colorado,5763976,Daily COVID-19 PCR Test Data From Clinical Laboratories,12/14/2020,People Tested at Non-CDPHE (Commerical) Labs,31344,04/11/2021,4180
Colorado,5763976,Daily COVID-19 PCR Test Data From Clinical Laboratories,12/14/2020,Cumulative People Tested at CDPHE State Lab,905865,04/11/2021,4181
Colorado,5763976,Daily COVID-19 Antibody Test Data From Clinical Laboratories,11/23/2020,Total Tests per 100K People,13.636,04/11/2021,4182
Colorado,5763976,Daily COVID-19 Antibody Test Data From Clinical Laboratories,11/23/2020,Percent Positivity,0.191,04/11/2021,4183
Colorado,5763976,Daily COVID-19 Antibody Test Data From Clinical Laboratories,11/23/2020,7-Day Average Percent Positivity,0.158,04/11/2021,4184
Colorado,5763976,Daily COVID-19 Antibody Test Data From Clinical Laboratories,11/23/2020,3-Day Average Percent Positivity,0.159,04/11/2021,4185
Colorado,5763976,Daily COVID-19 Antibody Test Data From Clinical Laboratories,11/23/2020,Cumulative Antibody Tests Performed,200573,04/11/2021,4186
Colorado,5763976,Daily COVID-19 PCR Test Data From Clinical Laboratories,11/24/2020,Percent Positivity,0.109,04/11/2021,4187
Colorado,5763976,Daily COVID-19 PCR Test Data From Clinical Laboratories,11/24/2020,People Tested at CDPHE State Lab,6885,04/11/2021,4188
Colorado,5763976,Daily COVID-19 PCR Test Data From Clinical Laboratories,11/24/2020,People Tested at Non-CDPHE (Commerical) Labs,35074,04/11/2021,4189
Colorado,5763976,Daily COVID-19 PCR Test Data From Clinical Laboratories,11/24/2020,Cumulative People Tested at CDPHE State Lab,797217,04/11/2021,4190
Colorado,5763976,Daily COVID-19 PCR Test Data From Clinical Laboratories,11/24/2020,Cumulative People Tested at Non-CDPHE (Commerical) Labs,2224146,04/11/2021,4191
Colorado,5763976,Daily COVID-19 PCR Test Data From Clinical Laboratories,11/24/2020,7-Day Average Percent Positivity,0.115,04/11/2021,4192
Colorado,5763976,Daily COVID-19 PCR Test Data From Clinical Laboratories,11/24/2020,3-Day Average Percent Positivity,0.11,04/11/2021,4193
Colorado,5763976,Daily COVID-19 Antibody Test Data From Clinical Laboratories,11/24/2020,Antibody Tests Performed,976,04/11/2021,4194
Colorado,5763976,Daily COVID-19 Antibody Test Data From Clinical Laboratories,11/24/2020,Number of negative tests,785,04/11/2021,4195
Colorado,5763976,Daily COVID-19 Antibody Test Data From Clinical Laboratories,11/24/2020,Number of positive tests,191,04/11/2021,4196
Colorado,5763976,Daily COVID-19 Antibody Test Data From Clinical Laboratories,11/24/2020,Total Tests per 100K People,16.933,04/11/2021,4197
Colorado,5763976,Daily COVID-19 Antibody Test Data From Clinical Laboratories,11/24/2020,Percent Positivity,0.196,04/11/2021,4198
Colorado,5763976,Daily COVID-19 Antibody Test Data From Clinical Laboratories,11/24/2020,7-Day Average Percent Positivity,0.162,04/11/2021,4199
Colorado,5763976,Daily COVID-19 Antibody Test Data From Clinical Laboratories,11/24/2020,3-Day Average Percent Positivity,0.178,04/11/2021,4200
Colorado,5763976,Daily COVID-19 Antibody Test Data From Clinical Laboratories,11/24/2020,Cumulative Antibody Tests Performed,201549,04/11/2021,4201
Colorado,5763976,Daily COVID-19 PCR Test Data From Clinical Laboratories,11/25/2020,Percent Positivity,0.105,04/11/2021,4202
Colorado,5763976,Daily COVID-19 PCR Test Data From Clinical Laboratories,11/25/2020,People Tested at CDPHE State Lab,11315,04/11/2021,4203
Colorado,5763976,Daily COVID-19 PCR Test Data From Clinical Laboratories,11/25/2020,People Tested at Non-CDPHE (Commerical) Labs,55397,04/11/2021,4204
Colorado,5763976,Daily COVID-19 PCR Test Data From Clinical Laboratories,11/25/2020,Cumulative People Tested at CDPHE State Lab,808532,04/11/2021,4205
Colorado,5763976,Daily COVID-19 PCR Test Data From Clinical Laboratories,11/25/2020,Cumulative People Tested at Non-CDPHE (Commerical) Labs,2279543,04/11/2021,4206
Colorado,5763976,Daily COVID-19 PCR Test Data From Clinical Laboratories,11/27/2020,Cumulative People Tested at Non-CDPHE (Commerical) Labs,2363044,04/11/2021,4207
Colorado,5763976,Daily COVID-19 PCR Test Data From Clinical Laboratories,11/25/2020,7-Day Average Percent Positivity,0.112,04/11/2021,4208
Colorado,5763976,Daily COVID-19 PCR Test Data From Clinical Laboratories,11/25/2020,3-Day Average Percent Positivity,0.107,04/11/2021,4209
Colorado,5763976,Daily COVID-19 Antibody Test Data From Clinical Laboratories,11/25/2020,Antibody Tests Performed,1756,04/11/2021,4210
Colorado,5763976,Daily COVID-19 Antibody Test Data From Clinical Laboratories,11/25/2020,Number of negative tests,1406,04/11/2021,4211
Colorado,5763976,Daily COVID-19 Antibody Test Data From Clinical Laboratories,11/25/2020,Number of positive tests,350,04/11/2021,4212
Colorado,5763976,Daily COVID-19 Antibody Test Data From Clinical Laboratories,11/25/2020,Total Tests per 100K People,30.465,04/11/2021,4213
Colorado,5763976,Daily COVID-19 Antibody Test Data From Clinical Laboratories,11/25/2020,Percent Positivity,0.199,04/11/2021,4214
Colorado,5763976,Daily COVID-19 Antibody Test Data From Clinical Laboratories,11/25/2020,7-Day Average Percent Positivity,0.17,04/11/2021,4215
Colorado,5763976,Daily COVID-19 Antibody Test Data From Clinical Laboratories,11/25/2020,3-Day Average Percent Positivity,0.196,04/11/2021,4216
Colorado,5763976,Daily COVID-19 Antibody Test Data From Clinical Laboratories,11/25/2020,Cumulative Antibody Tests Performed,203305,04/11/2021,4217
Colorado,5763976,Daily COVID-19 PCR Test Data From Clinical Laboratories,11/26/2020,Percent Positivity,0.116,04/11/2021,4218
Colorado,5763976,Daily COVID-19 PCR Test Data From Clinical Laboratories,11/26/2020,People Tested at CDPHE State Lab,8506,04/11/2021,4219
Colorado,5763976,Daily COVID-19 PCR Test Data From Clinical Laboratories,11/26/2020,People Tested at Non-CDPHE (Commerical) Labs,38169,04/11/2021,4220
Colorado,5763976,Daily COVID-19 PCR Test Data From Clinical Laboratories,12/06/2020,7-Day Average Percent Positivity,0.123,04/11/2021,4221
Colorado,5763976,Daily COVID-19 Antibody Test Data From Clinical Laboratories,12/02/2020,3-Day Average Percent Positivity,0.203,04/11/2021,4222
Colorado,5763976,Daily COVID-19 PCR Test Data From Clinical Laboratories,11/21/2020,People Tested at Non-CDPHE (Commerical) Labs,43427,04/11/2021,4223
Colorado,5763976,Daily COVID-19 PCR Test Data From Clinical Laboratories,11/26/2020,Cumulative People Tested at CDPHE State Lab,817038,04/11/2021,4224
Colorado,5763976,Daily COVID-19 PCR Test Data From Clinical Laboratories,11/26/2020,Cumulative People Tested at Non-CDPHE (Commerical) Labs,2317712,04/11/2021,4225
Colorado,5763976,Daily COVID-19 PCR Test Data From Clinical Laboratories,11/26/2020,7-Day Average Percent Positivity,0.111,04/11/2021,4226
Colorado,5763976,Daily COVID-19 PCR Test Data From Clinical Laboratories,11/26/2020,3-Day Average Percent Positivity,0.11,04/11/2021,4227
Colorado,5763976,Daily COVID-19 Antibody Test Data From Clinical Laboratories,11/26/2020,Antibody Tests Performed,1984,04/11/2021,4228
Colorado,5763976,Daily COVID-19 Antibody Test Data From Clinical Laboratories,11/26/2020,Number of negative tests,1635,04/11/2021,4229
Colorado,5763976,Daily COVID-19 Antibody Test Data From Clinical Laboratories,11/26/2020,Number of positive tests,349,04/11/2021,4230
Colorado,5763976,Daily COVID-19 PCR Test Data From Clinical Laboratories,12/06/2020,3-Day Average Percent Positivity,0.116,04/11/2021,4231
Colorado,5763976,Daily COVID-19 Antibody Test Data From Clinical Laboratories,12/06/2020,Antibody Tests Performed,741,04/11/2021,4232
Colorado,5763976,Daily COVID-19 Antibody Test Data From Clinical Laboratories,12/06/2020,Number of negative tests,577,04/11/2021,4233
Colorado,5763976,Daily COVID-19 Antibody Test Data From Clinical Laboratories,12/06/2020,Number of positive tests,164,04/11/2021,4234
Colorado,5763976,Daily COVID-19 Antibody Test Data From Clinical Laboratories,12/06/2020,Total Tests per 100K People,12.856,04/11/2021,4235
Colorado,5763976,Daily COVID-19 Antibody Test Data From Clinical Laboratories,12/06/2020,Percent Positivity,0.221,04/11/2021,4236
Colorado,5763976,Daily COVID-19 Antibody Test Data From Clinical Laboratories,12/06/2020,7-Day Average Percent Positivity,0.202,04/11/2021,4237
Colorado,5763976,Daily COVID-19 Antibody Test Data From Clinical Laboratories,12/06/2020,3-Day Average Percent Positivity,0.207,04/11/2021,4238
Colorado,5763976,Daily COVID-19 Antibody Test Data From Clinical Laboratories,12/06/2020,Cumulative Antibody Tests Performed,216977,04/11/2021,4239
Colorado,5763976,Weekly COVID-19 PCR Test Data From Clinical Laboratories,12/06/2020,People Tested at CDPHE State Lab,28066,04/11/2021,4240
Colorado,5763976,Weekly COVID-19 PCR Test Data From Clinical Laboratories,12/06/2020,People Tested at Non-CDPHE (Commerical) Labs,272539,04/11/2021,4241
Colorado,5763976,Weekly COVID-19 PCR Test Data From Clinical Laboratories,12/06/2020,Weekly Percent Positivity,0.1,04/11/2021,4242
Colorado,5763976,Weekly COVID-19 PCR Test Data From Clinical Laboratories,12/06/2020,Cumulative People Tested at CDPHE State Lab,904618,04/11/2021,4243
Colorado,5763976,Weekly COVID-19 PCR Test Data From Clinical Laboratories,12/06/2020,Cumulative People Tested at Non-CDPHE (Commerical) Labs,2922586,04/11/2021,4244
Colorado,5763976,Weekly COVID-19 PCR Test Data From Clinical Laboratories,12/06/2020,Percent Change in Weekly Positivity,-0.18,04/11/2021,4245
Colorado,5763976,Weekly COVID-19 Antibody Test Data From Clinical Laboratories,12/06/2020,Antibody Tests Performed,20227,04/11/2021,4246
Colorado,5763976,Weekly COVID-19 Antibody Test Data From Clinical Laboratories,12/06/2020,Number of positive tests,3712,04/11/2021,4247
Colorado,5763976,Weekly COVID-19 Antibody Test Data From Clinical Laboratories,12/06/2020,Number of negative tests,16515,04/11/2021,4248
Colorado,5763976,Weekly COVID-19 Antibody Test Data From Clinical Laboratories,12/06/2020,Weekly Percent Positivity,0.183,04/11/2021,4249
Colorado,5763976,Weekly COVID-19 Antibody Test Data From Clinical Laboratories,12/06/2020,Cumulative Antibody Tests Performed,236463,04/11/2021,4250
Colorado,5763976,Weekly COVID-19 Antibody Test Data From Clinical Laboratories,12/06/2020,Percent Change in Weekly Positivity,-0.07,04/11/2021,4251
Colorado,5763976,Daily COVID-19 PCR Test Data From Clinical Laboratories,12/07/2020,Percent Positivity,0.125,04/11/2021,4252
Colorado,5763976,Daily COVID-19 PCR Test Data From Clinical Laboratories,12/07/2020,People Tested at CDPHE State Lab,929,04/11/2021,4253
Colorado,5763976,Daily COVID-19 PCR Test Data From Clinical Laboratories,12/07/2020,People Tested at Non-CDPHE (Commerical) Labs,34795,04/11/2021,4254
Colorado,5763976,Daily COVID-19 PCR Test Data From Clinical Laboratories,12/07/2020,Cumulative People Tested at CDPHE State Lab,879990,04/11/2021,4255
Colorado,5763976,Daily COVID-19 PCR Test Data From Clinical Laboratories,12/07/2020,Cumulative People Tested at Non-CDPHE (Commerical) Labs,2720470,04/11/2021,4256
Colorado,5763976,Daily COVID-19 PCR Test Data From Clinical Laboratories,12/07/2020,7-Day Average Percent Positivity,0.12,04/11/2021,4257
Colorado,5763976,Daily COVID-19 PCR Test Data From Clinical Laboratories,12/07/2020,3-Day Average Percent Positivity,0.12,04/11/2021,4258
Colorado,5763976,Daily COVID-19 Antibody Test Data From Clinical Laboratories,12/07/2020,Antibody Tests Performed,1576,04/11/2021,4259
Colorado,5763976,Daily COVID-19 Antibody Test Data From Clinical Laboratories,12/07/2020,Number of negative tests,1311,04/11/2021,4260
Colorado,5763976,Daily COVID-19 Antibody Test Data From Clinical Laboratories,12/07/2020,Number of positive tests,265,04/11/2021,4261
Colorado,5763976,Daily COVID-19 Antibody Test Data From Clinical Laboratories,12/07/2020,Total Tests per 100K People,27.342,04/11/2021,4262
Colorado,5763976,Daily COVID-19 Antibody Test Data From Clinical Laboratories,12/07/2020,Percent Positivity,0.168,04/11/2021,4263
Colorado,5763976,Daily COVID-19 Antibody Test Data From Clinical Laboratories,12/07/2020,7-Day Average Percent Positivity,0.197,04/11/2021,4264
Colorado,5763976,Daily COVID-19 Antibody Test Data From Clinical Laboratories,12/07/2020,3-Day Average Percent Positivity,0.185,04/11/2021,4265
Colorado,5763976,Daily COVID-19 Antibody Test Data From Clinical Laboratories,12/07/2020,Cumulative Antibody Tests Performed,218553,04/11/2021,4266
Colorado,5763976,Daily COVID-19 PCR Test Data From Clinical Laboratories,12/08/2020,Percent Positivity,0.093,04/11/2021,4267
Colorado,5763976,Daily COVID-19 PCR Test Data From Clinical Laboratories,12/08/2020,People Tested at CDPHE State Lab,5611,04/11/2021,4268
Colorado,5763976,Daily COVID-19 PCR Test Data From Clinical Laboratories,12/08/2020,People Tested at Non-CDPHE (Commerical) Labs,35908,04/11/2021,4269
Colorado,5763976,Daily COVID-19 PCR Test Data From Clinical Laboratories,12/08/2020,Cumulative People Tested at CDPHE State Lab,885601,04/11/2021,4270
Colorado,5763976,Daily COVID-19 PCR Test Data From Clinical Laboratories,12/08/2020,Cumulative People Tested at Non-CDPHE (Commerical) Labs,2756378,04/11/2021,4271
Colorado,5763976,Daily COVID-19 PCR Test Data From Clinical Laboratories,12/08/2020,7-Day Average Percent Positivity,0.115,04/11/2021,4272
Colorado,5763976,Daily COVID-19 Antibody Test Data From Clinical Laboratories,12/02/2020,Cumulative Antibody Tests Performed,212207,04/11/2021,4273
Colorado,5763976,Daily COVID-19 PCR Test Data From Clinical Laboratories,11/21/2020,Cumulative People Tested at CDPHE State Lab,767175,04/11/2021,4274
Colorado,5763976,Daily COVID-19 PCR Test Data From Clinical Laboratories,12/03/2020,Percent Positivity,0.116,04/11/2021,4275
Colorado,5763976,Daily COVID-19 PCR Test Data From Clinical Laboratories,11/27/2020,7-Day Average Percent Positivity,0.108,04/11/2021,4276
Colorado,5763976,Daily COVID-19 PCR Test Data From Clinical Laboratories,11/27/2020,3-Day Average Percent Positivity,0.108,04/11/2021,4277
Colorado,5763976,Daily COVID-19 Antibody Test Data From Clinical Laboratories,11/27/2020,Antibody Tests Performed,1000,04/11/2021,4278
Colorado,5763976,Daily COVID-19 Antibody Test Data From Clinical Laboratories,11/27/2020,Number of negative tests,828,04/11/2021,4279
Colorado,5763976,Daily COVID-19 Antibody Test Data From Clinical Laboratories,11/27/2020,Number of positive tests,172,04/11/2021,4280
Colorado,5763976,Daily COVID-19 Antibody Test Data From Clinical Laboratories,11/27/2020,Total Tests per 100K People,17.349,04/11/2021,4281
Colorado,5763976,Daily COVID-19 Antibody Test Data From Clinical Laboratories,11/27/2020,Percent Positivity,0.172,04/11/2021,4282
Colorado,5763976,Daily COVID-19 Antibody Test Data From Clinical Laboratories,11/27/2020,7-Day Average Percent Positivity,0.178,04/11/2021,4283
Colorado,5763976,Daily COVID-19 Antibody Test Data From Clinical Laboratories,11/27/2020,3-Day Average Percent Positivity,0.184,04/11/2021,4284
Colorado,5763976,Daily COVID-19 Antibody Test Data From Clinical Laboratories,11/27/2020,Cumulative Antibody Tests Performed,206289,04/11/2021,4285
Colorado,5763976,Daily COVID-19 PCR Test Data From Clinical Laboratories,11/28/2020,Percent Positivity,0.128,04/11/2021,4286
Colorado,5763976,Daily COVID-19 PCR Test Data From Clinical Laboratories,11/28/2020,People Tested at CDPHE State Lab,5064,04/11/2021,4287
Colorado,5763976,Daily COVID-19 PCR Test Data From Clinical Laboratories,11/28/2020,People Tested at Non-CDPHE (Commerical) Labs,27785,04/11/2021,4288
Colorado,5763976,Daily COVID-19 PCR Test Data From Clinical Laboratories,11/28/2020,Cumulative People Tested at CDPHE State Lab,829201,04/11/2021,4289
Colorado,5763976,Daily COVID-19 PCR Test Data From Clinical Laboratories,11/28/2020,Cumulative People Tested at Non-CDPHE (Commerical) Labs,2390829,04/11/2021,4290
Colorado,5763976,Daily COVID-19 PCR Test Data From Clinical Laboratories,11/28/2020,7-Day Average Percent Positivity,0.111,04/11/2021,4291
Colorado,5763976,Daily COVID-19 PCR Test Data From Clinical Laboratories,11/28/2020,3-Day Average Percent Positivity,0.115,04/11/2021,4292
Colorado,5763976,Daily COVID-19 Antibody Test Data From Clinical Laboratories,11/28/2020,Antibody Tests Performed,1241,04/11/2021,4293
Colorado,5763976,Daily COVID-19 Antibody Test Data From Clinical Laboratories,11/28/2020,Number of negative tests,968,04/11/2021,4294
Colorado,5763976,Daily COVID-19 Antibody Test Data From Clinical Laboratories,11/28/2020,Number of positive tests,273,04/11/2021,4295
Colorado,5763976,Daily COVID-19 Antibody Test Data From Clinical Laboratories,11/28/2020,Total Tests per 100K People,21.53,04/11/2021,4296
Colorado,5763976,Daily COVID-19 Antibody Test Data From Clinical Laboratories,11/28/2020,Percent Positivity,0.22,04/11/2021,4297
Colorado,5763976,Daily COVID-19 Antibody Test Data From Clinical Laboratories,11/28/2020,7-Day Average Percent Positivity,0.188,04/11/2021,4298
Colorado,5763976,Daily COVID-19 Antibody Test Data From Clinical Laboratories,11/28/2020,3-Day Average Percent Positivity,0.188,04/11/2021,4299
Colorado,5763976,Daily COVID-19 Antibody Test Data From Clinical Laboratories,11/28/2020,Cumulative Antibody Tests Performed,207530,04/11/2021,4300
Colorado,5763976,Daily COVID-19 PCR Test Data From Clinical Laboratories,11/29/2020,Percent Positivity,0.124,04/11/2021,4301
Colorado,5763976,Daily COVID-19 PCR Test Data From Clinical Laboratories,11/29/2020,People Tested at CDPHE State Lab,8325,04/11/2021,4302
Colorado,5763976,Daily COVID-19 PCR Test Data From Clinical Laboratories,11/29/2020,People Tested at Non-CDPHE (Commerical) Labs,35720,04/11/2021,4303
Colorado,5763976,Daily COVID-19 PCR Test Data From Clinical Laboratories,11/29/2020,Cumulative People Tested at CDPHE State Lab,837526,04/11/2021,4304
Colorado,5763976,Daily COVID-19 PCR Test Data From Clinical Laboratories,11/29/2020,Cumulative People Tested at Non-CDPHE (Commerical) Labs,2426549,04/11/2021,4305
Colorado,5763976,Daily COVID-19 PCR Test Data From Clinical Laboratories,11/29/2020,7-Day Average Percent Positivity,0.113,04/11/2021,4306
Colorado,5763976,Daily COVID-19 PCR Test Data From Clinical Laboratories,11/29/2020,3-Day Average Percent Positivity,0.118,04/11/2021,4307
Colorado,5763976,Daily COVID-19 Antibody Test Data From Clinical Laboratories,11/29/2020,Antibody Tests Performed,496,04/11/2021,4308
Colorado,5763976,Daily COVID-19 Antibody Test Data From Clinical Laboratories,11/29/2020,Number of negative tests,426,04/11/2021,4309
Colorado,5763976,Daily COVID-19 Antibody Test Data From Clinical Laboratories,11/29/2020,Number of positive tests,70,04/11/2021,4310
Colorado,5763976,Daily COVID-19 Antibody Test Data From Clinical Laboratories,11/29/2020,Total Tests per 100K People,8.605,04/11/2021,4311
Colorado,5763976,Daily COVID-19 Antibody Test Data From Clinical Laboratories,11/29/2020,Percent Positivity,0.141,04/11/2021,4312
Colorado,5763976,Daily COVID-19 Antibody Test Data From Clinical Laboratories,11/29/2020,7-Day Average Percent Positivity,0.189,04/11/2021,4313
Colorado,5763976,Daily COVID-19 Antibody Test Data From Clinical Laboratories,11/29/2020,3-Day Average Percent Positivity,0.188,04/11/2021,4314
Colorado,5763976,Daily COVID-19 Antibody Test Data From Clinical Laboratories,11/29/2020,Cumulative Antibody Tests Performed,208026,04/11/2021,4315
Colorado,5763976,Daily COVID-19 PCR Test Data From Clinical Laboratories,11/21/2020,Cumulative People Tested at Non-CDPHE (Commerical) Labs,2127050,04/11/2021,4316
Colorado,5763976,Daily COVID-19 PCR Test Data From Clinical Laboratories,12/03/2020,People Tested at CDPHE State Lab,7044,04/11/2021,4317
Colorado,5763976,Daily COVID-19 PCR Test Data From Clinical Laboratories,11/21/2020,7-Day Average Percent Positivity,0.12,04/11/2021,4318
Colorado,5763976,Daily COVID-19 PCR Test Data From Clinical Laboratories,11/21/2020,3-Day Average Percent Positivity,0.116,04/11/2021,4319
Colorado,5763976,Daily COVID-19 Antibody Test Data From Clinical Laboratories,11/21/2020,Antibody Tests Performed,924,04/11/2021,4320
Colorado,5763976,Daily COVID-19 Antibody Test Data From Clinical Laboratories,11/21/2020,Number of negative tests,790,04/11/2021,4321
Colorado,5763976,Daily COVID-19 Antibody Test Data From Clinical Laboratories,11/21/2020,Number of positive tests,134,04/11/2021,4322
Colorado,5763976,Daily COVID-19 Antibody Test Data From Clinical Laboratories,11/21/2020,Total Tests per 100K People,16.031,04/11/2021,4323
Colorado,5763976,Daily COVID-19 Antibody Test Data From Clinical Laboratories,11/21/2020,Percent Positivity,0.145,04/11/2021,4324
Colorado,5763976,Daily COVID-19 Antibody Test Data From Clinical Laboratories,11/21/2020,7-Day Average Percent Positivity,0.153,04/11/2021,4325
Colorado,5763976,Daily COVID-19 Antibody Test Data From Clinical Laboratories,11/21/2020,3-Day Average Percent Positivity,0.146,04/11/2021,4326
Colorado,5763976,Daily COVID-19 Antibody Test Data From Clinical Laboratories,11/21/2020,Cumulative Antibody Tests Performed,199118,04/11/2021,4327
Colorado,5763976,Daily COVID-19 PCR Test Data From Clinical Laboratories,11/22/2020,Percent Positivity,0.111,04/11/2021,4328
Colorado,5763976,Daily COVID-19 PCR Test Data From Clinical Laboratories,11/22/2020,People Tested at CDPHE State Lab,11178,04/11/2021,4329
Colorado,5763976,Daily COVID-19 PCR Test Data From Clinical Laboratories,11/22/2020,People Tested at Non-CDPHE (Commerical) Labs,35750,04/11/2021,4330
Colorado,5763976,Daily COVID-19 PCR Test Data From Clinical Laboratories,11/22/2020,Cumulative People Tested at CDPHE State Lab,778353,04/11/2021,4331
Colorado,5763976,Daily COVID-19 PCR Test Data From Clinical Laboratories,11/22/2020,Cumulative People Tested at Non-CDPHE (Commerical) Labs,2162800,04/11/2021,4332
Colorado,5763976,Daily COVID-19 PCR Test Data From Clinical Laboratories,11/22/2020,7-Day Average Percent Positivity,0.118,04/11/2021,4333
Colorado,5763976,Daily COVID-19 PCR Test Data From Clinical Laboratories,11/22/2020,3-Day Average Percent Positivity,0.114,04/11/2021,4334
Colorado,5763976,Daily COVID-19 Antibody Test Data From Clinical Laboratories,11/22/2020,Antibody Tests Performed,669,04/11/2021,4335
Colorado,5763976,Daily COVID-19 Antibody Test Data From Clinical Laboratories,11/22/2020,Number of negative tests,576,04/11/2021,4336
Colorado,5763976,Daily COVID-19 Antibody Test Data From Clinical Laboratories,11/22/2020,Number of positive tests,93,04/11/2021,4337
Colorado,5763976,Daily COVID-19 Antibody Test Data From Clinical Laboratories,11/22/2020,Total Tests per 100K People,11.607,04/11/2021,4338
Colorado,5763976,Daily COVID-19 Antibody Test Data From Clinical Laboratories,11/22/2020,Percent Positivity,0.139,04/11/2021,4339
Colorado,5763976,Daily COVID-19 Antibody Test Data From Clinical Laboratories,11/22/2020,7-Day Average Percent Positivity,0.153,04/11/2021,4340
Colorado,5763976,Daily COVID-19 Antibody Test Data From Clinical Laboratories,11/22/2020,3-Day Average Percent Positivity,0.148,04/11/2021,4341
Colorado,5763976,Daily COVID-19 Antibody Test Data From Clinical Laboratories,11/22/2020,Cumulative Antibody Tests Performed,199787,04/11/2021,4342
Colorado,5763976,Weekly COVID-19 PCR Test Data From Clinical Laboratories,11/22/2020,People Tested at CDPHE State Lab,62026,04/11/2021,4343
Colorado,5763976,Weekly COVID-19 PCR Test Data From Clinical Laboratories,11/22/2020,People Tested at Non-CDPHE (Commerical) Labs,263779,04/11/2021,4344
Colorado,5763976,Weekly COVID-19 PCR Test Data From Clinical Laboratories,11/22/2020,Weekly Percent Positivity,0.111,04/11/2021,4345
Colorado,5763976,Weekly COVID-19 PCR Test Data From Clinical Laboratories,11/22/2020,Cumulative People Tested at CDPHE State Lab,829201,04/11/2021,4346
Colorado,5763976,Weekly COVID-19 PCR Test Data From Clinical Laboratories,11/22/2020,Cumulative People Tested at Non-CDPHE (Commerical) Labs,2390829,04/11/2021,4347
Colorado,5763976,Weekly COVID-19 PCR Test Data From Clinical Laboratories,11/22/2020,Percent Change in Weekly Positivity,-0.08,04/11/2021,4348
Colorado,5763976,Weekly COVID-19 Antibody Test Data From Clinical Laboratories,11/22/2020,Antibody Tests Performed,8412,04/11/2021,4349
Colorado,5763976,Weekly COVID-19 Antibody Test Data From Clinical Laboratories,11/22/2020,Number of positive tests,1578,04/11/2021,4350
Colorado,5763976,Weekly COVID-19 Antibody Test Data From Clinical Laboratories,11/22/2020,Number of negative tests,6834,04/11/2021,4351
Colorado,5763976,Weekly COVID-19 Antibody Test Data From Clinical Laboratories,11/22/2020,Weekly Percent Positivity,0.188,04/11/2021,4352
Colorado,5763976,Weekly COVID-19 Antibody Test Data From Clinical Laboratories,11/22/2020,Cumulative Antibody Tests Performed,207530,04/11/2021,4353
Colorado,5763976,Weekly COVID-19 Antibody Test Data From Clinical Laboratories,11/22/2020,Percent Change in Weekly Positivity,0.23,04/11/2021,4354
Colorado,5763976,Daily COVID-19 PCR Test Data From Clinical Laboratories,11/23/2020,Percent Positivity,0.108,04/11/2021,4355
Colorado,5763976,Daily COVID-19 PCR Test Data From Clinical Laboratories,11/23/2020,People Tested at CDPHE State Lab,11979,04/11/2021,4356
Colorado,5763976,Daily COVID-19 PCR Test Data From Clinical Laboratories,11/23/2020,People Tested at Non-CDPHE (Commerical) Labs,26272,04/11/2021,4357
Colorado,5763976,Daily COVID-19 PCR Test Data From Clinical Laboratories,11/23/2020,Cumulative People Tested at CDPHE State Lab,790332,04/11/2021,4358
Colorado,5763976,Daily COVID-19 PCR Test Data From Clinical Laboratories,11/23/2020,Cumulative People Tested at Non-CDPHE (Commerical) Labs,2189072,04/11/2021,4359
Colorado,5763976,Daily COVID-19 PCR Test Data From Clinical Laboratories,12/03/2020,People Tested at Non-CDPHE (Commerical) Labs,47571,04/11/2021,4360
Colorado,5763976,Daily COVID-19 PCR Test Data From Clinical Laboratories,12/03/2020,Cumulative People Tested at CDPHE State Lab,866376,04/11/2021,4361
Colorado,5763976,Daily COVID-19 PCR Test Data From Clinical Laboratories,12/03/2020,Cumulative People Tested at Non-CDPHE (Commerical) Labs,2578984,04/11/2021,4362
Colorado,5763976,Daily COVID-19 PCR Test Data From Clinical Laboratories,12/03/2020,7-Day Average Percent Positivity,0.123,04/11/2021,4363
Colorado,5763976,Daily COVID-19 PCR Test Data From Clinical Laboratories,12/03/2020,3-Day Average Percent Positivity,0.122,04/11/2021,4364
Colorado,5763976,Daily COVID-19 Antibody Test Data From Clinical Laboratories,12/03/2020,Antibody Tests Performed,2362,04/11/2021,4365
Colorado,5763976,Daily COVID-19 Antibody Test Data From Clinical Laboratories,12/03/2020,Number of negative tests,1901,04/11/2021,4366
Colorado,5763976,Daily COVID-19 Antibody Test Data From Clinical Laboratories,12/03/2020,Number of positive tests,461,04/11/2021,4367
Colorado,5763976,Daily COVID-19 Antibody Test Data From Clinical Laboratories,12/03/2020,Total Tests per 100K People,40.979,04/11/2021,4368
Colorado,5763976,Daily COVID-19 Antibody Test Data From Clinical Laboratories,12/03/2020,Percent Positivity,0.195,04/11/2021,4369
Colorado,5763976,Daily COVID-19 Antibody Test Data From Clinical Laboratories,12/03/2020,7-Day Average Percent Positivity,0.197,04/11/2021,4370
Colorado,5763976,Daily COVID-19 Antibody Test Data From Clinical Laboratories,12/03/2020,3-Day Average Percent Positivity,0.201,04/11/2021,4371
Colorado,5763976,Daily COVID-19 Antibody Test Data From Clinical Laboratories,12/03/2020,Cumulative Antibody Tests Performed,214569,04/11/2021,4372
Colorado,5763976,Daily COVID-19 PCR Test Data From Clinical Laboratories,12/04/2020,Percent Positivity,0.114,04/11/2021,4373
Colorado,5763976,Daily COVID-19 PCR Test Data From Clinical Laboratories,12/04/2020,People Tested at CDPHE State Lab,4836,04/11/2021,4374
Colorado,5763976,Daily COVID-19 PCR Test Data From Clinical Laboratories,12/04/2020,People Tested at Non-CDPHE (Commerical) Labs,39994,04/11/2021,4375
Colorado,5763976,Daily COVID-19 PCR Test Data From Clinical Laboratories,12/04/2020,Cumulative People Tested at CDPHE State Lab,871212,04/11/2021,4376
Colorado,5763976,Daily COVID-19 PCR Test Data From Clinical Laboratories,12/04/2020,Cumulative People Tested at Non-CDPHE (Commerical) Labs,2618978,04/11/2021,4377
Colorado,5763976,Daily COVID-19 PCR Test Data From Clinical Laboratories,12/04/2020,7-Day Average Percent Positivity,0.125,04/11/2021,4378
Colorado,5763976,Daily COVID-19 PCR Test Data From Clinical Laboratories,12/04/2020,3-Day Average Percent Positivity,0.118,04/11/2021,4379
Colorado,5763976,Daily COVID-19 Antibody Test Data From Clinical Laboratories,12/04/2020,Antibody Tests Performed,1666,04/11/2021,4380
Colorado,5763976,Daily COVID-19 Antibody Test Data From Clinical Laboratories,12/04/2020,Number of negative tests,1331,04/11/2021,4381
Colorado,5763976,Daily COVID-19 Antibody Test Data From Clinical Laboratories,12/04/2020,Number of positive tests,335,04/11/2021,4382
Colorado,5763976,Daily COVID-19 Antibody Test Data From Clinical Laboratories,12/04/2020,Total Tests per 100K People,28.904,04/11/2021,4383
Colorado,5763976,Daily COVID-19 Antibody Test Data From Clinical Laboratories,12/04/2020,Percent Positivity,0.201,04/11/2021,4384
Colorado,5763976,Daily COVID-19 Antibody Test Data From Clinical Laboratories,12/04/2020,7-Day Average Percent Positivity,0.2,04/11/2021,4385
Colorado,5763976,Daily COVID-19 Antibody Test Data From Clinical Laboratories,12/04/2020,3-Day Average Percent Positivity,0.202,04/11/2021,4386
Colorado,5763976,Daily COVID-19 Antibody Test Data From Clinical Laboratories,12/04/2020,Cumulative Antibody Tests Performed,216235,04/11/2021,4387
Colorado,5763976,Daily COVID-19 PCR Test Data From Clinical Laboratories,12/05/2020,Percent Positivity,0.109,04/11/2021,4388
Colorado,5763976,Daily COVID-19 PCR Test Data From Clinical Laboratories,12/05/2020,People Tested at CDPHE State Lab,5340,04/11/2021,4389
Colorado,5763976,Daily COVID-19 PCR Test Data From Clinical Laboratories,12/05/2020,People Tested at Non-CDPHE (Commerical) Labs,31069,04/11/2021,4390
Colorado,5763976,Daily COVID-19 PCR Test Data From Clinical Laboratories,12/05/2020,Cumulative People Tested at CDPHE State Lab,876552,04/11/2021,4391
Colorado,5763976,Daily COVID-19 PCR Test Data From Clinical Laboratories,12/05/2020,Cumulative People Tested at Non-CDPHE (Commerical) Labs,2650047,04/11/2021,4392
Colorado,5763976,Daily COVID-19 PCR Test Data From Clinical Laboratories,12/05/2020,7-Day Average Percent Positivity,0.123,04/11/2021,4393
Colorado,5763976,Daily COVID-19 PCR Test Data From Clinical Laboratories,12/05/2020,3-Day Average Percent Positivity,0.114,04/11/2021,4394
Colorado,5763976,Daily COVID-19 Antibody Test Data From Clinical Laboratories,12/05/2020,Antibody Tests Performed,1,04/11/2021,4395
Colorado,5763976,Daily COVID-19 Antibody Test Data From Clinical Laboratories,12/05/2020,Number of negative tests,1,04/11/2021,4396
Colorado,5763976,Daily COVID-19 Antibody Test Data From Clinical Laboratories,12/05/2020,Number of positive tests,0,04/11/2021,4397
Colorado,5763976,Daily COVID-19 Antibody Test Data From Clinical Laboratories,12/05/2020,Total Tests per 100K People,0.017,04/11/2021,4398
Colorado,5763976,Daily COVID-19 Antibody Test Data From Clinical Laboratories,12/05/2020,Percent Positivity,0,04/11/2021,4399
Colorado,5763976,Daily COVID-19 Antibody Test Data From Clinical Laboratories,12/05/2020,7-Day Average Percent Positivity,0.197,04/11/2021,4400
Colorado,5763976,Daily COVID-19 Antibody Test Data From Clinical Laboratories,12/26/2020,7-Day Average Percent Positivity,0.204,04/11/2021,4401
Colorado,5763976,Daily COVID-19 Antibody Test Data From Clinical Laboratories,12/26/2020,3-Day Average Percent Positivity,0.22,04/11/2021,4402
Colorado,5763976,Daily COVID-19 Antibody Test Data From Clinical Laboratories,12/26/2020,Cumulative Antibody Tests Performed,275067,04/11/2021,4403
Colorado,5763976,Daily COVID-19 PCR Test Data From Clinical Laboratories,12/27/2020,Percent Positivity,0.087,04/11/2021,4404
Colorado,5763976,Daily COVID-19 PCR Test Data From Clinical Laboratories,12/27/2020,People Tested at CDPHE State Lab,442,04/11/2021,4405
Colorado,5763976,Daily COVID-19 PCR Test Data From Clinical Laboratories,12/27/2020,People Tested at Non-CDPHE (Commerical) Labs,22203,04/11/2021,4406
Colorado,5763976,Daily COVID-19 PCR Test Data From Clinical Laboratories,12/27/2020,Cumulative People Tested at CDPHE State Lab,953323,04/11/2021,4407
Colorado,5763976,Daily COVID-19 PCR Test Data From Clinical Laboratories,12/27/2020,Cumulative People Tested at Non-CDPHE (Commerical) Labs,3431117,04/11/2021,4408
Colorado,5763976,Daily COVID-19 PCR Test Data From Clinical Laboratories,12/27/2020,7-Day Average Percent Positivity,0.061,04/11/2021,4409
Colorado,5763976,Daily COVID-19 PCR Test Data From Clinical Laboratories,12/27/2020,3-Day Average Percent Positivity,0.066,04/11/2021,4410
Colorado,5763976,Daily COVID-19 Antibody Test Data From Clinical Laboratories,12/27/2020,Antibody Tests Performed,1197,04/11/2021,4411
Colorado,5763976,Daily COVID-19 Antibody Test Data From Clinical Laboratories,12/27/2020,Number of negative tests,971,04/11/2021,4412
Colorado,5763976,Daily COVID-19 Antibody Test Data From Clinical Laboratories,12/27/2020,Number of positive tests,226,04/11/2021,4413
Colorado,5763976,Daily COVID-19 Antibody Test Data From Clinical Laboratories,12/27/2020,Total Tests per 100K People,20.767,04/11/2021,4414
Colorado,5763976,Daily COVID-19 Antibody Test Data From Clinical Laboratories,12/27/2020,Percent Positivity,0.189,04/11/2021,4415
Colorado,5763976,Daily COVID-19 Antibody Test Data From Clinical Laboratories,12/27/2020,7-Day Average Percent Positivity,0.206,04/11/2021,4416
Colorado,5763976,Daily COVID-19 Antibody Test Data From Clinical Laboratories,12/27/2020,3-Day Average Percent Positivity,0.205,04/11/2021,4417
Colorado,5763976,Daily COVID-19 Antibody Test Data From Clinical Laboratories,12/27/2020,Cumulative Antibody Tests Performed,276264,04/11/2021,4418
Colorado,5763976,Weekly COVID-19 PCR Test Data From Clinical Laboratories,12/27/2020,People Tested at CDPHE State Lab,16871,04/11/2021,4419
Colorado,5763976,Weekly COVID-19 PCR Test Data From Clinical Laboratories,12/27/2020,People Tested at Non-CDPHE (Commerical) Labs,122488,04/11/2021,4420
Colorado,5763976,Weekly COVID-19 PCR Test Data From Clinical Laboratories,12/27/2020,Weekly Percent Positivity,0.079,04/11/2021,4421
Colorado,5763976,Weekly COVID-19 PCR Test Data From Clinical Laboratories,12/27/2020,Cumulative People Tested at CDPHE State Lab,969752,04/11/2021,4422
Colorado,5763976,Weekly COVID-19 PCR Test Data From Clinical Laboratories,12/27/2020,Cumulative People Tested at Non-CDPHE (Commerical) Labs,3531402,04/11/2021,4423
Colorado,5763976,Weekly COVID-19 PCR Test Data From Clinical Laboratories,12/27/2020,Percent Change in Weekly Positivity,0.31,04/11/2021,4424
Colorado,5763976,Weekly COVID-19 Antibody Test Data From Clinical Laboratories,12/27/2020,Antibody Tests Performed,9467,04/11/2021,4425
Colorado,5763976,Weekly COVID-19 Antibody Test Data From Clinical Laboratories,12/27/2020,Number of positive tests,1813,04/11/2021,4426
Colorado,5763976,Weekly COVID-19 Antibody Test Data From Clinical Laboratories,12/27/2020,Number of negative tests,7654,04/11/2021,4427
Colorado,5763976,Weekly COVID-19 Antibody Test Data From Clinical Laboratories,12/27/2020,Weekly Percent Positivity,0.192,04/11/2021,4428
Colorado,5763976,Weekly COVID-19 Antibody Test Data From Clinical Laboratories,12/27/2020,Cumulative Antibody Tests Performed,284534,04/11/2021,4429
Colorado,5763976,Weekly COVID-19 Antibody Test Data From Clinical Laboratories,12/27/2020,Percent Change in Weekly Positivity,-0.06,04/11/2021,4430
Colorado,5763976,Daily COVID-19 PCR Test Data From Clinical Laboratories,12/28/2020,Percent Positivity,0.089,04/11/2021,4431
Colorado,5763976,Daily COVID-19 PCR Test Data From Clinical Laboratories,12/28/2020,People Tested at CDPHE State Lab,834,04/11/2021,4432
Colorado,5763976,Daily COVID-19 PCR Test Data From Clinical Laboratories,12/28/2020,People Tested at Non-CDPHE (Commerical) Labs,13212,04/11/2021,4433
Colorado,5763976,Daily COVID-19 PCR Test Data From Clinical Laboratories,12/28/2020,Cumulative People Tested at CDPHE State Lab,954157,04/11/2021,4434
Colorado,5763976,Daily COVID-19 PCR Test Data From Clinical Laboratories,12/28/2020,Cumulative People Tested at Non-CDPHE (Commerical) Labs,3444329,04/11/2021,4435
Colorado,5763976,Daily COVID-19 PCR Test Data From Clinical Laboratories,12/28/2020,7-Day Average Percent Positivity,0.064,04/11/2021,4436
Colorado,5763976,Daily COVID-19 PCR Test Data From Clinical Laboratories,12/28/2020,3-Day Average Percent Positivity,0.072,04/11/2021,4437
Colorado,5763976,Daily COVID-19 Antibody Test Data From Clinical Laboratories,12/28/2020,Antibody Tests Performed,1379,04/11/2021,4438
Colorado,5763976,Daily COVID-19 Antibody Test Data From Clinical Laboratories,12/28/2020,Number of negative tests,1152,04/11/2021,4439
Colorado,5763976,Daily COVID-19 Antibody Test Data From Clinical Laboratories,12/28/2020,Number of positive tests,227,04/11/2021,4440
Colorado,5763976,Daily COVID-19 Antibody Test Data From Clinical Laboratories,12/28/2020,Total Tests per 100K People,23.924,04/11/2021,4441
Colorado,5763976,Daily COVID-19 Antibody Test Data From Clinical Laboratories,12/28/2020,Percent Positivity,0.165,04/11/2021,4442
Colorado,5763976,Daily COVID-19 Antibody Test Data From Clinical Laboratories,12/28/2020,7-Day Average Percent Positivity,0.201,04/11/2021,4443
Colorado,5763976,Daily COVID-19 Antibody Test Data From Clinical Laboratories,12/28/2020,3-Day Average Percent Positivity,0.187,04/11/2021,4444
Colorado,5763976,Daily COVID-19 Antibody Test Data From Clinical Laboratories,12/28/2020,Cumulative Antibody Tests Performed,277643,04/11/2021,4445
Colorado,5763976,Daily COVID-19 PCR Test Data From Clinical Laboratories,12/29/2020,Percent Positivity,0.085,04/11/2021,4446
Colorado,5763976,Daily COVID-19 PCR Test Data From Clinical Laboratories,12/29/2020,People Tested at CDPHE State Lab,5119,04/11/2021,4447
Colorado,5763976,Daily COVID-19 PCR Test Data From Clinical Laboratories,12/29/2020,People Tested at Non-CDPHE (Commerical) Labs,20037,04/11/2021,4448
Colorado,5763976,Daily COVID-19 PCR Test Data From Clinical Laboratories,12/29/2020,Cumulative People Tested at CDPHE State Lab,959276,04/11/2021,4449
Colorado,5763976,Daily COVID-19 PCR Test Data From Clinical Laboratories,12/29/2020,Cumulative People Tested at Non-CDPHE (Commerical) Labs,3464366,04/11/2021,4450
Colorado,5763976,Daily COVID-19 PCR Test Data From Clinical Laboratories,01/04/2021,Cumulative People Tested at CDPHE State Lab,976370,04/11/2021,4451
Colorado,5763976,Daily COVID-19 PCR Test Data From Clinical Laboratories,01/04/2021,Cumulative People Tested at Non-CDPHE (Commerical) Labs,3632617,04/11/2021,4452
Colorado,5763976,Daily COVID-19 PCR Test Data From Clinical Laboratories,01/04/2021,7-Day Average Percent Positivity,0.075,04/11/2021,4453
Colorado,5763976,Daily COVID-19 PCR Test Data From Clinical Laboratories,01/04/2021,3-Day Average Percent Positivity,0.077,04/11/2021,4454
Colorado,5763976,Daily COVID-19 Antibody Test Data From Clinical Laboratories,01/04/2021,Antibody Tests Performed,1626,04/11/2021,4455
Colorado,5763976,Daily COVID-19 Antibody Test Data From Clinical Laboratories,01/04/2021,Number of negative tests,1257,04/11/2021,4456
Colorado,5763976,Daily COVID-19 Antibody Test Data From Clinical Laboratories,01/04/2021,Number of positive tests,369,04/11/2021,4457
Colorado,5763976,Daily COVID-19 Antibody Test Data From Clinical Laboratories,01/04/2021,Total Tests per 100K People,28.21,04/11/2021,4458
Colorado,5763976,Daily COVID-19 Antibody Test Data From Clinical Laboratories,01/04/2021,Percent Positivity,0.227,04/11/2021,4459
Colorado,5763976,Daily COVID-19 Antibody Test Data From Clinical Laboratories,01/04/2021,7-Day Average Percent Positivity,0.209,04/11/2021,4460
Colorado,5763976,Daily COVID-19 Antibody Test Data From Clinical Laboratories,01/04/2021,3-Day Average Percent Positivity,0.208,04/11/2021,4461
Colorado,5763976,Daily COVID-19 Antibody Test Data From Clinical Laboratories,01/04/2021,Cumulative Antibody Tests Performed,290666,04/11/2021,4462
Colorado,5763976,Daily COVID-19 PCR Test Data From Clinical Laboratories,01/05/2021,Percent Positivity,0.08,04/11/2021,4463
Colorado,5763976,Daily COVID-19 PCR Test Data From Clinical Laboratories,01/05/2021,People Tested at CDPHE State Lab,5396,04/11/2021,4464
Colorado,5763976,Daily COVID-19 PCR Test Data From Clinical Laboratories,01/05/2021,People Tested at Non-CDPHE (Commerical) Labs,21253,04/11/2021,4465
Colorado,5763976,Daily COVID-19 PCR Test Data From Clinical Laboratories,01/05/2021,Cumulative People Tested at CDPHE State Lab,981766,04/11/2021,4466
Colorado,5763976,Daily COVID-19 PCR Test Data From Clinical Laboratories,01/05/2021,Cumulative People Tested at Non-CDPHE (Commerical) Labs,3653870,04/11/2021,4467
Colorado,5763976,Daily COVID-19 PCR Test Data From Clinical Laboratories,01/05/2021,7-Day Average Percent Positivity,0.075,04/11/2021,4468
Colorado,5763976,Daily COVID-19 PCR Test Data From Clinical Laboratories,01/05/2021,3-Day Average Percent Positivity,0.079,04/11/2021,4469
Colorado,5763976,Daily COVID-19 Antibody Test Data From Clinical Laboratories,01/05/2021,Antibody Tests Performed,2551,04/11/2021,4470
Colorado,5763976,Daily COVID-19 Antibody Test Data From Clinical Laboratories,01/05/2021,Number of negative tests,2067,04/11/2021,4471
Colorado,5763976,Daily COVID-19 Antibody Test Data From Clinical Laboratories,01/05/2021,Number of positive tests,484,04/11/2021,4472
Colorado,5763976,Daily COVID-19 Antibody Test Data From Clinical Laboratories,01/05/2021,Total Tests per 100K People,44.258,04/11/2021,4473
Colorado,5763976,Daily COVID-19 Antibody Test Data From Clinical Laboratories,01/05/2021,Percent Positivity,0.19,04/11/2021,4474
Colorado,5763976,Daily COVID-19 Antibody Test Data From Clinical Laboratories,01/05/2021,7-Day Average Percent Positivity,0.204,04/11/2021,4475
Colorado,5763976,Daily COVID-19 Antibody Test Data From Clinical Laboratories,01/05/2021,3-Day Average Percent Positivity,0.202,04/11/2021,4476
Colorado,5763976,Daily COVID-19 Antibody Test Data From Clinical Laboratories,01/05/2021,Cumulative Antibody Tests Performed,293217,04/11/2021,4477
Colorado,5763976,Daily COVID-19 PCR Test Data From Clinical Laboratories,01/06/2021,Percent Positivity,0.065,04/11/2021,4478
Colorado,5763976,Daily COVID-19 PCR Test Data From Clinical Laboratories,01/06/2021,People Tested at CDPHE State Lab,3794,04/11/2021,4479
Colorado,5763976,Daily COVID-19 PCR Test Data From Clinical Laboratories,01/06/2021,People Tested at Non-CDPHE (Commerical) Labs,48529,04/11/2021,4480
Colorado,5763976,Daily COVID-19 PCR Test Data From Clinical Laboratories,01/06/2021,Cumulative People Tested at CDPHE State Lab,985560,04/11/2021,4481
Colorado,5763976,Daily COVID-19 PCR Test Data From Clinical Laboratories,01/06/2021,Cumulative People Tested at Non-CDPHE (Commerical) Labs,3702399,04/11/2021,4482
Colorado,5763976,Daily COVID-19 PCR Test Data From Clinical Laboratories,01/06/2021,7-Day Average Percent Positivity,0.073,04/11/2021,4483
Colorado,5763976,Daily COVID-19 PCR Test Data From Clinical Laboratories,01/06/2021,3-Day Average Percent Positivity,0.07,04/11/2021,4484
Colorado,5763976,Daily COVID-19 Antibody Test Data From Clinical Laboratories,01/06/2021,Antibody Tests Performed,3326,04/11/2021,4485
Colorado,5763976,Daily COVID-19 Antibody Test Data From Clinical Laboratories,01/06/2021,Number of negative tests,2651,04/11/2021,4486
Colorado,5763976,Daily COVID-19 Antibody Test Data From Clinical Laboratories,01/06/2021,Number of positive tests,675,04/11/2021,4487
Colorado,5763976,Daily COVID-19 Antibody Test Data From Clinical Laboratories,01/06/2021,Total Tests per 100K People,57.703,04/11/2021,4488
Colorado,5763976,Daily COVID-19 Antibody Test Data From Clinical Laboratories,01/06/2021,Percent Positivity,0.203,04/11/2021,4489
Colorado,5763976,Daily COVID-19 Antibody Test Data From Clinical Laboratories,01/06/2021,7-Day Average Percent Positivity,0.21,04/11/2021,4490
Colorado,5763976,Daily COVID-19 Antibody Test Data From Clinical Laboratories,01/06/2021,3-Day Average Percent Positivity,0.204,04/11/2021,4491
Colorado,5763976,Daily COVID-19 Antibody Test Data From Clinical Laboratories,01/06/2021,Cumulative Antibody Tests Performed,296543,04/11/2021,4492
Colorado,5763976,Daily COVID-19 PCR Test Data From Clinical Laboratories,01/07/2021,Percent Positivity,0.072,04/11/2021,4493
Colorado,5763976,Daily COVID-19 PCR Test Data From Clinical Laboratories,01/07/2021,People Tested at CDPHE State Lab,6870,04/11/2021,4494
Colorado,5763976,Daily COVID-19 PCR Test Data From Clinical Laboratories,01/07/2021,People Tested at Non-CDPHE (Commerical) Labs,35999,04/11/2021,4495
Colorado,5763976,Daily COVID-19 PCR Test Data From Clinical Laboratories,01/07/2021,Cumulative People Tested at CDPHE State Lab,992430,04/11/2021,4496
Colorado,5763976,Daily COVID-19 PCR Test Data From Clinical Laboratories,01/07/2021,Cumulative People Tested at Non-CDPHE (Commerical) Labs,3738398,04/11/2021,4497
Colorado,5763976,Daily COVID-19 PCR Test Data From Clinical Laboratories,01/07/2021,7-Day Average Percent Positivity,0.072,04/11/2021,4498
Colorado,5763976,Daily COVID-19 PCR Test Data From Clinical Laboratories,01/07/2021,3-Day Average Percent Positivity,0.071,04/11/2021,4499
Colorado,5763976,Daily COVID-19 Antibody Test Data From Clinical Laboratories,01/07/2021,Antibody Tests Performed,2967,04/11/2021,4500
Colorado,5763976,Daily COVID-19 PCR Test Data From Clinical Laboratories,12/29/2020,7-Day Average Percent Positivity,0.066,04/11/2021,4501
Colorado,5763976,Daily COVID-19 PCR Test Data From Clinical Laboratories,12/29/2020,3-Day Average Percent Positivity,0.087,04/11/2021,4502
Colorado,5763976,Daily COVID-19 Antibody Test Data From Clinical Laboratories,12/29/2020,Antibody Tests Performed,1445,04/11/2021,4503
Colorado,5763976,Daily COVID-19 Antibody Test Data From Clinical Laboratories,12/29/2020,Number of negative tests,1117,04/11/2021,4504
Colorado,5763976,Daily COVID-19 Antibody Test Data From Clinical Laboratories,12/29/2020,Number of positive tests,328,04/11/2021,4505
Colorado,5763976,Daily COVID-19 Antibody Test Data From Clinical Laboratories,12/29/2020,Total Tests per 100K People,25.07,04/11/2021,4506
Colorado,5763976,Daily COVID-19 Antibody Test Data From Clinical Laboratories,12/29/2020,Percent Positivity,0.227,04/11/2021,4507
Colorado,5763976,Daily COVID-19 Antibody Test Data From Clinical Laboratories,12/29/2020,7-Day Average Percent Positivity,0.204,04/11/2021,4508
Colorado,5763976,Daily COVID-19 Antibody Test Data From Clinical Laboratories,12/29/2020,3-Day Average Percent Positivity,0.194,04/11/2021,4509
Colorado,5763976,Daily COVID-19 Antibody Test Data From Clinical Laboratories,12/29/2020,Cumulative Antibody Tests Performed,279088,04/11/2021,4510
Colorado,5763976,Daily COVID-19 PCR Test Data From Clinical Laboratories,12/30/2020,Percent Positivity,0.072,04/11/2021,4511
Colorado,5763976,Daily COVID-19 PCR Test Data From Clinical Laboratories,12/30/2020,People Tested at CDPHE State Lab,4701,04/11/2021,4512
Colorado,5763976,Daily COVID-19 PCR Test Data From Clinical Laboratories,12/30/2020,People Tested at Non-CDPHE (Commerical) Labs,34290,04/11/2021,4513
Colorado,5763976,Daily COVID-19 PCR Test Data From Clinical Laboratories,12/30/2020,Cumulative People Tested at CDPHE State Lab,963977,04/11/2021,4514
Colorado,5763976,Daily COVID-19 PCR Test Data From Clinical Laboratories,12/30/2020,Cumulative People Tested at Non-CDPHE (Commerical) Labs,3498656,04/11/2021,4515
Colorado,5763976,Daily COVID-19 PCR Test Data From Clinical Laboratories,12/30/2020,7-Day Average Percent Positivity,0.069,04/11/2021,4516
Colorado,5763976,Daily COVID-19 PCR Test Data From Clinical Laboratories,12/30/2020,3-Day Average Percent Positivity,0.08,04/11/2021,4517
Colorado,5763976,Daily COVID-19 Antibody Test Data From Clinical Laboratories,12/30/2020,Antibody Tests Performed,3082,04/11/2021,4518
Colorado,5763976,Daily COVID-19 Antibody Test Data From Clinical Laboratories,12/30/2020,Number of negative tests,2543,04/11/2021,4519
Colorado,5763976,Daily COVID-19 Antibody Test Data From Clinical Laboratories,12/30/2020,Number of positive tests,539,04/11/2021,4520
Colorado,5763976,Daily COVID-19 Antibody Test Data From Clinical Laboratories,12/30/2020,Total Tests per 100K People,53.47,04/11/2021,4521
Colorado,5763976,Daily COVID-19 Antibody Test Data From Clinical Laboratories,12/30/2020,Percent Positivity,0.175,04/11/2021,4522
Colorado,5763976,Daily COVID-19 Antibody Test Data From Clinical Laboratories,12/30/2020,7-Day Average Percent Positivity,0.2,04/11/2021,4523
Colorado,5763976,Daily COVID-19 Antibody Test Data From Clinical Laboratories,12/30/2020,3-Day Average Percent Positivity,0.185,04/11/2021,4524
Colorado,5763976,Daily COVID-19 Antibody Test Data From Clinical Laboratories,12/30/2020,Cumulative Antibody Tests Performed,282170,04/11/2021,4525
Colorado,5763976,Daily COVID-19 PCR Test Data From Clinical Laboratories,12/31/2020,Percent Positivity,0.074,04/11/2021,4526
Colorado,5763976,Daily COVID-19 PCR Test Data From Clinical Laboratories,12/31/2020,People Tested at CDPHE State Lab,5775,04/11/2021,4527
Colorado,5763976,Daily COVID-19 PCR Test Data From Clinical Laboratories,12/31/2020,People Tested at Non-CDPHE (Commerical) Labs,32746,04/11/2021,4528
Colorado,5763976,Daily COVID-19 PCR Test Data From Clinical Laboratories,12/31/2020,Cumulative People Tested at CDPHE State Lab,969752,04/11/2021,4529
Colorado,5763976,Daily COVID-19 PCR Test Data From Clinical Laboratories,12/31/2020,Cumulative People Tested at Non-CDPHE (Commerical) Labs,3531402,04/11/2021,4530
Colorado,5763976,Daily COVID-19 PCR Test Data From Clinical Laboratories,12/31/2020,7-Day Average Percent Positivity,0.073,04/11/2021,4531
Colorado,5763976,Daily COVID-19 PCR Test Data From Clinical Laboratories,12/31/2020,3-Day Average Percent Positivity,0.076,04/11/2021,4532
Colorado,5763976,Daily COVID-19 Antibody Test Data From Clinical Laboratories,12/31/2020,Antibody Tests Performed,2364,04/11/2021,4533
Colorado,5763976,Daily COVID-19 Antibody Test Data From Clinical Laboratories,12/31/2020,Number of negative tests,1871,04/11/2021,4534
Colorado,5763976,Daily COVID-19 Antibody Test Data From Clinical Laboratories,12/31/2020,Number of positive tests,493,04/11/2021,4535
Colorado,5763976,Daily COVID-19 Antibody Test Data From Clinical Laboratories,12/31/2020,Total Tests per 100K People,41.013,04/11/2021,4536
Colorado,5763976,Daily COVID-19 Antibody Test Data From Clinical Laboratories,12/31/2020,Percent Positivity,0.208,04/11/2021,4537
Colorado,5763976,Daily COVID-19 Antibody Test Data From Clinical Laboratories,12/31/2020,7-Day Average Percent Positivity,0.196,04/11/2021,4538
Colorado,5763976,Daily COVID-19 Antibody Test Data From Clinical Laboratories,12/31/2020,3-Day Average Percent Positivity,0.197,04/11/2021,4539
Colorado,5763976,Daily COVID-19 Antibody Test Data From Clinical Laboratories,12/31/2020,Cumulative Antibody Tests Performed,284534,04/11/2021,4540
Colorado,5763976,Daily COVID-19 PCR Test Data From Clinical Laboratories,01/01/2021,Percent Positivity,0.069,04/11/2021,4541
Colorado,5763976,Daily COVID-19 PCR Test Data From Clinical Laboratories,01/01/2021,People Tested at CDPHE State Lab,5048,04/11/2021,4542
Colorado,5763976,Daily COVID-19 PCR Test Data From Clinical Laboratories,01/01/2021,People Tested at Non-CDPHE (Commerical) Labs,26209,04/11/2021,4543
Colorado,5763976,Daily COVID-19 PCR Test Data From Clinical Laboratories,01/01/2021,Cumulative People Tested at CDPHE State Lab,974800,04/11/2021,4544
Colorado,5763976,Daily COVID-19 PCR Test Data From Clinical Laboratories,01/01/2021,Cumulative People Tested at Non-CDPHE (Commerical) Labs,3557611,04/11/2021,4545
Colorado,5763976,Daily COVID-19 PCR Test Data From Clinical Laboratories,01/01/2021,7-Day Average Percent Positivity,0.073,04/11/2021,4546
Colorado,5763976,Daily COVID-19 PCR Test Data From Clinical Laboratories,01/01/2021,3-Day Average Percent Positivity,0.072,04/11/2021,4547
Colorado,5763976,Daily COVID-19 Antibody Test Data From Clinical Laboratories,01/01/2021,Antibody Tests Performed,1954,04/11/2021,4548
Colorado,5763976,Daily COVID-19 Antibody Test Data From Clinical Laboratories,01/01/2021,Number of negative tests,1464,04/11/2021,4549
Colorado,5763976,Daily COVID-19 Antibody Test Data From Clinical Laboratories,01/01/2021,Number of positive tests,490,04/11/2021,4550
Colorado,5763976,Daily COVID-19 Antibody Test Data From Clinical Laboratories,12/17/2020,Number of positive tests,755,04/11/2021,4551
Colorado,5763976,Daily COVID-19 Antibody Test Data From Clinical Laboratories,12/20/2020,Cumulative Antibody Tests Performed,262549,04/11/2021,4552
Colorado,5763976,Daily COVID-19 PCR Test Data From Clinical Laboratories,12/14/2020,Cumulative People Tested at Non-CDPHE (Commerical) Labs,2990949,04/11/2021,4553
Colorado,5763976,Daily COVID-19 Antibody Test Data From Clinical Laboratories,12/23/2020,Antibody Tests Performed,2642,04/11/2021,4554
Colorado,5763976,Daily COVID-19 Antibody Test Data From Clinical Laboratories,01/01/2021,Total Tests per 100K People,33.9,04/11/2021,4555
Colorado,5763976,Daily COVID-19 Antibody Test Data From Clinical Laboratories,12/17/2020,Total Tests per 100K People,88.012,04/11/2021,4556
Colorado,5763976,Daily COVID-19 Antibody Test Data From Clinical Laboratories,12/17/2020,Percent Positivity,0.149,04/11/2021,4557
Colorado,5763976,Daily COVID-19 Antibody Test Data From Clinical Laboratories,12/17/2020,7-Day Average Percent Positivity,0.175,04/11/2021,4558
Colorado,5763976,Daily COVID-19 Antibody Test Data From Clinical Laboratories,12/23/2020,Number of negative tests,2151,04/11/2021,4559
Colorado,5763976,Daily COVID-19 Antibody Test Data From Clinical Laboratories,12/17/2020,3-Day Average Percent Positivity,0.167,04/11/2021,4560
Colorado,5763976,Weekly COVID-19 PCR Test Data From Clinical Laboratories,12/20/2020,People Tested at CDPHE State Lab,21199,04/11/2021,4561
Colorado,5763976,Daily COVID-19 Antibody Test Data From Clinical Laboratories,12/17/2020,Cumulative Antibody Tests Performed,253957,04/11/2021,4562
Colorado,5763976,Daily COVID-19 Antibody Test Data From Clinical Laboratories,12/23/2020,Number of positive tests,491,04/11/2021,4563
Colorado,5763976,Daily COVID-19 Antibody Test Data From Clinical Laboratories,01/01/2021,Percent Positivity,0.251,04/11/2021,4564
Colorado,5763976,Weekly COVID-19 PCR Test Data From Clinical Laboratories,12/20/2020,People Tested at Non-CDPHE (Commerical) Labs,238458,04/11/2021,4565
Colorado,5763976,Weekly COVID-19 PCR Test Data From Clinical Laboratories,12/20/2020,Weekly Percent Positivity,0.06,04/11/2021,4566
Colorado,5763976,Weekly COVID-19 PCR Test Data From Clinical Laboratories,12/20/2020,Cumulative People Tested at CDPHE State Lab,952881,04/11/2021,4567
Colorado,5763976,Weekly COVID-19 PCR Test Data From Clinical Laboratories,12/20/2020,Cumulative People Tested at Non-CDPHE (Commerical) Labs,3408914,04/11/2021,4568
Colorado,5763976,Weekly COVID-19 PCR Test Data From Clinical Laboratories,12/20/2020,Percent Change in Weekly Positivity,-0.22,04/11/2021,4569
Colorado,5763976,Weekly COVID-19 Antibody Test Data From Clinical Laboratories,12/20/2020,Antibody Tests Performed,14201,04/11/2021,4570
Colorado,5763976,Weekly COVID-19 Antibody Test Data From Clinical Laboratories,12/20/2020,Number of positive tests,2903,04/11/2021,4571
Colorado,5763976,Weekly COVID-19 Antibody Test Data From Clinical Laboratories,12/20/2020,Number of negative tests,11298,04/11/2021,4572
Colorado,5763976,Weekly COVID-19 Antibody Test Data From Clinical Laboratories,12/20/2020,Weekly Percent Positivity,0.204,04/11/2021,4573
Colorado,5763976,Weekly COVID-19 Antibody Test Data From Clinical Laboratories,12/20/2020,Cumulative Antibody Tests Performed,275067,04/11/2021,4574
Colorado,5763976,Weekly COVID-19 Antibody Test Data From Clinical Laboratories,12/20/2020,Percent Change in Weekly Positivity,0.17,04/11/2021,4575
Colorado,5763976,Daily COVID-19 PCR Test Data From Clinical Laboratories,12/21/2020,Percent Positivity,0.057,04/11/2021,4576
Colorado,5763976,Daily COVID-19 PCR Test Data From Clinical Laboratories,12/21/2020,People Tested at CDPHE State Lab,1230,04/11/2021,4577
Colorado,5763976,Daily COVID-19 PCR Test Data From Clinical Laboratories,12/21/2020,People Tested at Non-CDPHE (Commerical) Labs,31449,04/11/2021,4578
Colorado,5763976,Daily COVID-19 PCR Test Data From Clinical Laboratories,12/21/2020,Cumulative People Tested at CDPHE State Lab,933248,04/11/2021,4579
Colorado,5763976,Daily COVID-19 PCR Test Data From Clinical Laboratories,12/21/2020,Cumulative People Tested at Non-CDPHE (Commerical) Labs,3233526,04/11/2021,4580
Colorado,5763976,Daily COVID-19 PCR Test Data From Clinical Laboratories,12/21/2020,7-Day Average Percent Positivity,0.074,04/11/2021,4581
Colorado,5763976,Daily COVID-19 PCR Test Data From Clinical Laboratories,12/21/2020,3-Day Average Percent Positivity,0.066,04/11/2021,4582
Colorado,5763976,Daily COVID-19 Antibody Test Data From Clinical Laboratories,12/21/2020,Antibody Tests Performed,2349,04/11/2021,4583
Colorado,5763976,Daily COVID-19 Antibody Test Data From Clinical Laboratories,12/21/2020,Number of negative tests,1854,04/11/2021,4584
Colorado,5763976,Daily COVID-19 Antibody Test Data From Clinical Laboratories,12/21/2020,Number of positive tests,495,04/11/2021,4585
Colorado,5763976,Daily COVID-19 Antibody Test Data From Clinical Laboratories,12/21/2020,Total Tests per 100K People,40.753,04/11/2021,4586
Colorado,5763976,Daily COVID-19 Antibody Test Data From Clinical Laboratories,12/21/2020,Percent Positivity,0.211,04/11/2021,4587
Colorado,5763976,Daily COVID-19 Antibody Test Data From Clinical Laboratories,12/21/2020,7-Day Average Percent Positivity,0.176,04/11/2021,4588
Colorado,5763976,Daily COVID-19 Antibody Test Data From Clinical Laboratories,12/21/2020,3-Day Average Percent Positivity,0.204,04/11/2021,4589
Colorado,5763976,Daily COVID-19 Antibody Test Data From Clinical Laboratories,12/21/2020,Cumulative Antibody Tests Performed,264898,04/11/2021,4590
Colorado,5763976,Daily COVID-19 PCR Test Data From Clinical Laboratories,12/22/2020,Percent Positivity,0.064,04/11/2021,4591
Colorado,5763976,Daily COVID-19 PCR Test Data From Clinical Laboratories,12/22/2020,People Tested at CDPHE State Lab,5094,04/11/2021,4592
Colorado,5763976,Daily COVID-19 PCR Test Data From Clinical Laboratories,12/22/2020,People Tested at Non-CDPHE (Commerical) Labs,35226,04/11/2021,4593
Colorado,5763976,Daily COVID-19 PCR Test Data From Clinical Laboratories,12/22/2020,Cumulative People Tested at CDPHE State Lab,938342,04/11/2021,4594
Colorado,5763976,Daily COVID-19 PCR Test Data From Clinical Laboratories,12/22/2020,Cumulative People Tested at Non-CDPHE (Commerical) Labs,3268752,04/11/2021,4595
Colorado,5763976,Daily COVID-19 PCR Test Data From Clinical Laboratories,12/22/2020,7-Day Average Percent Positivity,0.07,04/11/2021,4596
Colorado,5763976,Daily COVID-19 PCR Test Data From Clinical Laboratories,12/22/2020,3-Day Average Percent Positivity,0.064,04/11/2021,4597
Colorado,5763976,Daily COVID-19 Antibody Test Data From Clinical Laboratories,12/22/2020,Antibody Tests Performed,2314,04/11/2021,4598
Colorado,5763976,Daily COVID-19 Antibody Test Data From Clinical Laboratories,12/22/2020,Number of negative tests,1840,04/11/2021,4599
Colorado,5763976,Daily COVID-19 Antibody Test Data From Clinical Laboratories,12/22/2020,Number of positive tests,474,04/11/2021,4600
Colorado,5763976,Daily COVID-19 Antibody Test Data From Clinical Laboratories,12/22/2020,Total Tests per 100K People,40.146,04/11/2021,4601
Colorado,5763976,Daily COVID-19 Antibody Test Data From Clinical Laboratories,12/22/2020,Percent Positivity,0.205,04/11/2021,4602
Colorado,5763976,Daily COVID-19 Antibody Test Data From Clinical Laboratories,12/22/2020,7-Day Average Percent Positivity,0.181,04/11/2021,4603
Colorado,5763976,Daily COVID-19 Antibody Test Data From Clinical Laboratories,12/22/2020,3-Day Average Percent Positivity,0.2,04/11/2021,4604
Colorado,5763976,Daily COVID-19 Antibody Test Data From Clinical Laboratories,12/22/2020,Cumulative Antibody Tests Performed,267212,04/11/2021,4605
Colorado,5763976,Daily COVID-19 PCR Test Data From Clinical Laboratories,12/23/2020,Percent Positivity,0.058,04/11/2021,4606
Colorado,5763976,Daily COVID-19 PCR Test Data From Clinical Laboratories,12/14/2020,7-Day Average Percent Positivity,0.09,04/11/2021,4607
Colorado,5763976,Daily COVID-19 PCR Test Data From Clinical Laboratories,12/18/2020,Percent Positivity,0.076,04/11/2021,4608
Colorado,5763976,Daily COVID-19 Antibody Test Data From Clinical Laboratories,12/23/2020,Total Tests per 100K People,45.836,04/11/2021,4609
Colorado,5763976,Daily COVID-19 Antibody Test Data From Clinical Laboratories,01/01/2021,7-Day Average Percent Positivity,0.203,04/11/2021,4610
Colorado,5763976,Daily COVID-19 PCR Test Data From Clinical Laboratories,12/23/2020,People Tested at CDPHE State Lab,4311,04/11/2021,4611
Colorado,5763976,Daily COVID-19 PCR Test Data From Clinical Laboratories,12/23/2020,People Tested at Non-CDPHE (Commerical) Labs,40615,04/11/2021,4612
Colorado,5763976,Daily COVID-19 PCR Test Data From Clinical Laboratories,12/23/2020,Cumulative People Tested at CDPHE State Lab,942653,04/11/2021,4613
Colorado,5763976,Daily COVID-19 PCR Test Data From Clinical Laboratories,12/23/2020,Cumulative People Tested at Non-CDPHE (Commerical) Labs,3309367,04/11/2021,4614
Colorado,5763976,Daily COVID-19 PCR Test Data From Clinical Laboratories,12/23/2020,7-Day Average Percent Positivity,0.066,04/11/2021,4615
Colorado,5763976,Daily COVID-19 PCR Test Data From Clinical Laboratories,12/23/2020,3-Day Average Percent Positivity,0.06,04/11/2021,4616
Colorado,5763976,Daily COVID-19 PCR Test Data From Clinical Laboratories,12/14/2020,3-Day Average Percent Positivity,0.084,04/11/2021,4617
Colorado,5763976,Daily COVID-19 Antibody Test Data From Clinical Laboratories,12/14/2020,Antibody Tests Performed,3214,04/11/2021,4618
Colorado,5763976,Daily COVID-19 Antibody Test Data From Clinical Laboratories,12/14/2020,Number of negative tests,2640,04/11/2021,4619
Colorado,5763976,Daily COVID-19 Antibody Test Data From Clinical Laboratories,12/14/2020,Number of positive tests,574,04/11/2021,4620
Colorado,5763976,Daily COVID-19 Antibody Test Data From Clinical Laboratories,12/14/2020,Total Tests per 100K People,55.76,04/11/2021,4621
Colorado,5763976,Daily COVID-19 Antibody Test Data From Clinical Laboratories,12/14/2020,Percent Positivity,0.179,04/11/2021,4622
Colorado,5763976,Daily COVID-19 Antibody Test Data From Clinical Laboratories,12/14/2020,7-Day Average Percent Positivity,0.184,04/11/2021,4623
Colorado,5763976,Daily COVID-19 Antibody Test Data From Clinical Laboratories,12/14/2020,3-Day Average Percent Positivity,0.183,04/11/2021,4624
Colorado,5763976,Daily COVID-19 Antibody Test Data From Clinical Laboratories,12/14/2020,Cumulative Antibody Tests Performed,240451,04/11/2021,4625
Colorado,5763976,Daily COVID-19 PCR Test Data From Clinical Laboratories,12/15/2020,Percent Positivity,0.089,04/11/2021,4626
Colorado,5763976,Daily COVID-19 PCR Test Data From Clinical Laboratories,12/15/2020,People Tested at CDPHE State Lab,4924,04/11/2021,4627
Colorado,5763976,Daily COVID-19 PCR Test Data From Clinical Laboratories,12/15/2020,People Tested at Non-CDPHE (Commerical) Labs,30744,04/11/2021,4628
Colorado,5763976,Daily COVID-19 PCR Test Data From Clinical Laboratories,12/15/2020,Cumulative People Tested at CDPHE State Lab,910789,04/11/2021,4629
Colorado,5763976,Daily COVID-19 PCR Test Data From Clinical Laboratories,12/15/2020,Cumulative People Tested at Non-CDPHE (Commerical) Labs,3021693,04/11/2021,4630
Colorado,5763976,Daily COVID-19 PCR Test Data From Clinical Laboratories,12/15/2020,7-Day Average Percent Positivity,0.089,04/11/2021,4631
Colorado,5763976,Daily COVID-19 Antibody Test Data From Clinical Laboratories,12/23/2020,Percent Positivity,0.186,04/11/2021,4632
Colorado,5763976,Daily COVID-19 PCR Test Data From Clinical Laboratories,12/15/2020,3-Day Average Percent Positivity,0.084,04/11/2021,4633
Colorado,5763976,Daily COVID-19 PCR Test Data From Clinical Laboratories,12/18/2020,People Tested at CDPHE State Lab,6159,04/11/2021,4634
Colorado,5763976,Daily COVID-19 Antibody Test Data From Clinical Laboratories,12/23/2020,7-Day Average Percent Positivity,0.18,04/11/2021,4635
Colorado,5763976,Daily COVID-19 Antibody Test Data From Clinical Laboratories,01/01/2021,3-Day Average Percent Positivity,0.206,04/11/2021,4636
Colorado,5763976,Daily COVID-19 Antibody Test Data From Clinical Laboratories,12/15/2020,Antibody Tests Performed,3654,04/11/2021,4637
Colorado,5763976,Daily COVID-19 PCR Test Data From Clinical Laboratories,12/18/2020,People Tested at Non-CDPHE (Commerical) Labs,27366,04/11/2021,4638
Colorado,5763976,Daily COVID-19 PCR Test Data From Clinical Laboratories,12/18/2020,Cumulative People Tested at CDPHE State Lab,928507,04/11/2021,4639
Colorado,5763976,Daily COVID-19 PCR Test Data From Clinical Laboratories,12/18/2020,Cumulative People Tested at Non-CDPHE (Commerical) Labs,3133394,04/11/2021,4640
Colorado,5763976,Daily COVID-19 PCR Test Data From Clinical Laboratories,12/18/2020,7-Day Average Percent Positivity,0.081,04/11/2021,4641
Colorado,5763976,Daily COVID-19 PCR Test Data From Clinical Laboratories,12/18/2020,3-Day Average Percent Positivity,0.076,04/11/2021,4642
Colorado,5763976,Daily COVID-19 Antibody Test Data From Clinical Laboratories,12/18/2020,Antibody Tests Performed,4070,04/11/2021,4643
Colorado,5763976,Daily COVID-19 Antibody Test Data From Clinical Laboratories,12/18/2020,Number of negative tests,3418,04/11/2021,4644
Colorado,5763976,Daily COVID-19 Antibody Test Data From Clinical Laboratories,12/18/2020,Number of positive tests,652,04/11/2021,4645
Colorado,5763976,Daily COVID-19 Antibody Test Data From Clinical Laboratories,12/18/2020,Total Tests per 100K People,70.611,04/11/2021,4646
Colorado,5763976,Daily COVID-19 Antibody Test Data From Clinical Laboratories,12/18/2020,Percent Positivity,0.16,04/11/2021,4647
Colorado,5763976,Daily COVID-19 Antibody Test Data From Clinical Laboratories,12/18/2020,7-Day Average Percent Positivity,0.171,04/11/2021,4648
Colorado,5763976,Daily COVID-19 Antibody Test Data From Clinical Laboratories,12/18/2020,3-Day Average Percent Positivity,0.166,04/11/2021,4649
Colorado,5763976,Daily COVID-19 Antibody Test Data From Clinical Laboratories,12/18/2020,Cumulative Antibody Tests Performed,258027,04/11/2021,4650
Colorado,5763976,Daily COVID-19 PCR Test Data From Clinical Laboratories,12/19/2020,Percent Positivity,0.067,04/11/2021,4651
Colorado,5763976,Daily COVID-19 PCR Test Data From Clinical Laboratories,12/19/2020,People Tested at CDPHE State Lab,3175,04/11/2021,4652
Colorado,5763976,Daily COVID-19 PCR Test Data From Clinical Laboratories,12/19/2020,People Tested at Non-CDPHE (Commerical) Labs,37062,04/11/2021,4653
Colorado,5763976,Daily COVID-19 PCR Test Data From Clinical Laboratories,12/19/2020,Cumulative People Tested at CDPHE State Lab,931682,04/11/2021,4654
Colorado,5763976,Daily COVID-19 PCR Test Data From Clinical Laboratories,12/19/2020,Cumulative People Tested at Non-CDPHE (Commerical) Labs,3170456,04/11/2021,4655
Colorado,5763976,Daily COVID-19 PCR Test Data From Clinical Laboratories,12/19/2020,7-Day Average Percent Positivity,0.078,04/11/2021,4656
Colorado,5763976,Daily COVID-19 PCR Test Data From Clinical Laboratories,12/19/2020,3-Day Average Percent Positivity,0.071,04/11/2021,4657
Colorado,5763976,Daily COVID-19 Antibody Test Data From Clinical Laboratories,12/19/2020,Antibody Tests Performed,2839,04/11/2021,4658
Colorado,5763976,Daily COVID-19 Antibody Test Data From Clinical Laboratories,12/19/2020,Number of negative tests,2227,04/11/2021,4659
Colorado,5763976,Daily COVID-19 Antibody Test Data From Clinical Laboratories,12/19/2020,Number of positive tests,612,04/11/2021,4660
Colorado,5763976,Daily COVID-19 Antibody Test Data From Clinical Laboratories,12/19/2020,Total Tests per 100K People,49.254,04/11/2021,4661
Colorado,5763976,Daily COVID-19 Antibody Test Data From Clinical Laboratories,12/19/2020,Percent Positivity,0.216,04/11/2021,4662
Colorado,5763976,Daily COVID-19 Antibody Test Data From Clinical Laboratories,12/19/2020,7-Day Average Percent Positivity,0.174,04/11/2021,4663
Colorado,5763976,Daily COVID-19 Antibody Test Data From Clinical Laboratories,12/19/2020,3-Day Average Percent Positivity,0.169,04/11/2021,4664
Colorado,5763976,Daily COVID-19 Antibody Test Data From Clinical Laboratories,12/19/2020,Cumulative Antibody Tests Performed,260866,04/11/2021,4665
Colorado,5763976,Daily COVID-19 PCR Test Data From Clinical Laboratories,12/20/2020,Percent Positivity,0.072,04/11/2021,4666
Colorado,5763976,Daily COVID-19 PCR Test Data From Clinical Laboratories,12/20/2020,People Tested at CDPHE State Lab,336,04/11/2021,4667
Colorado,5763976,Daily COVID-19 PCR Test Data From Clinical Laboratories,12/20/2020,People Tested at Non-CDPHE (Commerical) Labs,31621,04/11/2021,4668
Colorado,5763976,Daily COVID-19 PCR Test Data From Clinical Laboratories,12/20/2020,Cumulative People Tested at CDPHE State Lab,932018,04/11/2021,4669
Colorado,5763976,Daily COVID-19 PCR Test Data From Clinical Laboratories,12/20/2020,Cumulative People Tested at Non-CDPHE (Commerical) Labs,3202077,04/11/2021,4670
Colorado,5763976,Daily COVID-19 PCR Test Data From Clinical Laboratories,12/20/2020,7-Day Average Percent Positivity,0.075,04/11/2021,4671
Colorado,5763976,Daily COVID-19 PCR Test Data From Clinical Laboratories,12/20/2020,3-Day Average Percent Positivity,0.071,04/11/2021,4672
Colorado,5763976,Daily COVID-19 Antibody Test Data From Clinical Laboratories,12/20/2020,Antibody Tests Performed,1683,04/11/2021,4673
Colorado,5763976,Daily COVID-19 Antibody Test Data From Clinical Laboratories,12/20/2020,Number of negative tests,1386,04/11/2021,4674
Colorado,5763976,Daily COVID-19 Antibody Test Data From Clinical Laboratories,12/20/2020,Number of positive tests,297,04/11/2021,4675
Colorado,5763976,Daily COVID-19 Antibody Test Data From Clinical Laboratories,12/20/2020,Total Tests per 100K People,29.199,04/11/2021,4676
Colorado,5763976,Daily COVID-19 Antibody Test Data From Clinical Laboratories,12/20/2020,Percent Positivity,0.176,04/11/2021,4677
Colorado,5763976,Daily COVID-19 Antibody Test Data From Clinical Laboratories,12/20/2020,7-Day Average Percent Positivity,0.173,04/11/2021,4678
Colorado,5763976,Daily COVID-19 Antibody Test Data From Clinical Laboratories,12/20/2020,3-Day Average Percent Positivity,0.182,04/11/2021,4679
Colorado,5763976,Daily COVID-19 Antibody Test Data From Clinical Laboratories,12/23/2020,3-Day Average Percent Positivity,0.2,04/11/2021,4680
Colorado,5763976,Daily COVID-19 Antibody Test Data From Clinical Laboratories,12/23/2020,Cumulative Antibody Tests Performed,269854,04/11/2021,4681
Colorado,5763976,Daily COVID-19 PCR Test Data From Clinical Laboratories,12/24/2020,Percent Positivity,0.058,04/11/2021,4682
Colorado,5763976,Daily COVID-19 PCR Test Data From Clinical Laboratories,12/24/2020,People Tested at CDPHE State Lab,7163,04/11/2021,4683
Colorado,5763976,Daily COVID-19 PCR Test Data From Clinical Laboratories,12/24/2020,People Tested at Non-CDPHE (Commerical) Labs,46541,04/11/2021,4684
Colorado,5763976,Daily COVID-19 PCR Test Data From Clinical Laboratories,12/24/2020,Cumulative People Tested at CDPHE State Lab,949816,04/11/2021,4685
Colorado,5763976,Daily COVID-19 PCR Test Data From Clinical Laboratories,12/24/2020,Cumulative People Tested at Non-CDPHE (Commerical) Labs,3355908,04/11/2021,4686
Colorado,5763976,Daily COVID-19 PCR Test Data From Clinical Laboratories,12/24/2020,7-Day Average Percent Positivity,0.064,04/11/2021,4687
Colorado,5763976,Daily COVID-19 PCR Test Data From Clinical Laboratories,12/24/2020,3-Day Average Percent Positivity,0.06,04/11/2021,4688
Colorado,5763976,Daily COVID-19 Antibody Test Data From Clinical Laboratories,12/15/2020,Number of negative tests,3062,04/11/2021,4689
Colorado,5763976,Daily COVID-19 Antibody Test Data From Clinical Laboratories,12/15/2020,Number of positive tests,592,04/11/2021,4690
Colorado,5763976,Daily COVID-19 Antibody Test Data From Clinical Laboratories,12/15/2020,Total Tests per 100K People,63.394,04/11/2021,4691
Colorado,5763976,Daily COVID-19 Antibody Test Data From Clinical Laboratories,12/15/2020,Percent Positivity,0.162,04/11/2021,4692
Colorado,5763976,Daily COVID-19 Antibody Test Data From Clinical Laboratories,12/15/2020,7-Day Average Percent Positivity,0.177,04/11/2021,4693
Colorado,5763976,Daily COVID-19 Antibody Test Data From Clinical Laboratories,12/15/2020,3-Day Average Percent Positivity,0.174,04/11/2021,4694
Colorado,5763976,Daily COVID-19 Antibody Test Data From Clinical Laboratories,12/15/2020,Cumulative Antibody Tests Performed,244105,04/11/2021,4695
Colorado,5763976,Daily COVID-19 PCR Test Data From Clinical Laboratories,12/16/2020,Percent Positivity,0.081,04/11/2021,4696
Colorado,5763976,Daily COVID-19 PCR Test Data From Clinical Laboratories,12/16/2020,People Tested at CDPHE State Lab,5895,04/11/2021,4697
Colorado,5763976,Daily COVID-19 PCR Test Data From Clinical Laboratories,12/16/2020,People Tested at Non-CDPHE (Commerical) Labs,41440,04/11/2021,4698
Colorado,5763976,Daily COVID-19 PCR Test Data From Clinical Laboratories,12/16/2020,Cumulative People Tested at CDPHE State Lab,916684,04/11/2021,4699
Colorado,5763976,Daily COVID-19 PCR Test Data From Clinical Laboratories,12/16/2020,Cumulative People Tested at Non-CDPHE (Commerical) Labs,3063133,04/11/2021,4700
Colorado,5763976,Daily COVID-19 PCR Test Data From Clinical Laboratories,12/16/2020,7-Day Average Percent Positivity,0.087,04/11/2021,4701
Colorado,5763976,Daily COVID-19 PCR Test Data From Clinical Laboratories,12/16/2020,3-Day Average Percent Positivity,0.079,04/11/2021,4702
Colorado,5763976,Daily COVID-19 Antibody Test Data From Clinical Laboratories,12/16/2020,Antibody Tests Performed,4779,04/11/2021,4703
Colorado,5763976,Daily COVID-19 Antibody Test Data From Clinical Laboratories,12/16/2020,Number of negative tests,3872,04/11/2021,4704
Colorado,5763976,Daily COVID-19 Antibody Test Data From Clinical Laboratories,12/16/2020,Number of positive tests,907,04/11/2021,4705
Colorado,5763976,Daily COVID-19 Antibody Test Data From Clinical Laboratories,12/16/2020,Total Tests per 100K People,82.912,04/11/2021,4706
Colorado,5763976,Daily COVID-19 Antibody Test Data From Clinical Laboratories,12/16/2020,Percent Positivity,0.19,04/11/2021,4707
Colorado,5763976,Daily COVID-19 Antibody Test Data From Clinical Laboratories,12/16/2020,7-Day Average Percent Positivity,0.181,04/11/2021,4708
Colorado,5763976,Daily COVID-19 Antibody Test Data From Clinical Laboratories,12/16/2020,3-Day Average Percent Positivity,0.178,04/11/2021,4709
Colorado,5763976,Daily COVID-19 Antibody Test Data From Clinical Laboratories,12/16/2020,Cumulative Antibody Tests Performed,248884,04/11/2021,4710
Colorado,5763976,Daily COVID-19 PCR Test Data From Clinical Laboratories,12/17/2020,Percent Positivity,0.072,04/11/2021,4711
Colorado,5763976,Daily COVID-19 PCR Test Data From Clinical Laboratories,12/17/2020,People Tested at CDPHE State Lab,5664,04/11/2021,4712
Colorado,5763976,Daily COVID-19 PCR Test Data From Clinical Laboratories,12/17/2020,People Tested at Non-CDPHE (Commerical) Labs,42895,04/11/2021,4713
Colorado,5763976,Daily COVID-19 PCR Test Data From Clinical Laboratories,12/17/2020,Cumulative People Tested at CDPHE State Lab,922348,04/11/2021,4714
Colorado,5763976,Daily COVID-19 PCR Test Data From Clinical Laboratories,12/17/2020,Cumulative People Tested at Non-CDPHE (Commerical) Labs,3106028,04/11/2021,4715
Colorado,5763976,Daily COVID-19 PCR Test Data From Clinical Laboratories,12/17/2020,7-Day Average Percent Positivity,0.084,04/11/2021,4716
Colorado,5763976,Daily COVID-19 PCR Test Data From Clinical Laboratories,12/17/2020,3-Day Average Percent Positivity,0.08,04/11/2021,4717
Colorado,5763976,Daily COVID-19 Antibody Test Data From Clinical Laboratories,12/17/2020,Antibody Tests Performed,5073,04/11/2021,4718
Colorado,5763976,Daily COVID-19 Antibody Test Data From Clinical Laboratories,12/17/2020,Number of negative tests,4318,04/11/2021,4719
Colorado,5763976,Daily COVID-19 Antibody Test Data From Clinical Laboratories,12/24/2020,Antibody Tests Performed,2427,04/11/2021,4720
Colorado,5763976,Daily COVID-19 Antibody Test Data From Clinical Laboratories,01/01/2021,Cumulative Antibody Tests Performed,286488,04/11/2021,4721
Colorado,5763976,Daily COVID-19 Antibody Test Data From Clinical Laboratories,12/24/2020,Number of negative tests,1873,04/11/2021,4722
Colorado,5763976,Daily COVID-19 Antibody Test Data From Clinical Laboratories,12/24/2020,Number of positive tests,554,04/11/2021,4723
Colorado,5763976,Daily COVID-19 Antibody Test Data From Clinical Laboratories,12/24/2020,Total Tests per 100K People,42.106,04/11/2021,4724
Colorado,5763976,Daily COVID-19 Antibody Test Data From Clinical Laboratories,12/24/2020,Percent Positivity,0.228,04/11/2021,4725
Colorado,5763976,Daily COVID-19 Antibody Test Data From Clinical Laboratories,12/24/2020,7-Day Average Percent Positivity,0.195,04/11/2021,4726
Colorado,5763976,Daily COVID-19 Antibody Test Data From Clinical Laboratories,12/24/2020,3-Day Average Percent Positivity,0.206,04/11/2021,4727
Colorado,5763976,Daily COVID-19 Antibody Test Data From Clinical Laboratories,12/24/2020,Cumulative Antibody Tests Performed,272281,04/11/2021,4728
Colorado,5763976,Daily COVID-19 PCR Test Data From Clinical Laboratories,12/25/2020,Percent Positivity,0.064,04/11/2021,4729
Colorado,5763976,Daily COVID-19 PCR Test Data From Clinical Laboratories,12/25/2020,People Tested at CDPHE State Lab,2620,04/11/2021,4730
Colorado,5763976,Daily COVID-19 PCR Test Data From Clinical Laboratories,12/25/2020,People Tested at Non-CDPHE (Commerical) Labs,21511,04/11/2021,4731
Colorado,5763976,Daily COVID-19 PCR Test Data From Clinical Laboratories,12/25/2020,Cumulative People Tested at CDPHE State Lab,952436,04/11/2021,4732
Colorado,5763976,Daily COVID-19 PCR Test Data From Clinical Laboratories,12/25/2020,Cumulative People Tested at Non-CDPHE (Commerical) Labs,3377419,04/11/2021,4733
Colorado,5763976,Daily COVID-19 PCR Test Data From Clinical Laboratories,12/25/2020,7-Day Average Percent Positivity,0.062,04/11/2021,4734
Colorado,5763976,Daily COVID-19 PCR Test Data From Clinical Laboratories,12/25/2020,3-Day Average Percent Positivity,0.059,04/11/2021,4735
Colorado,5763976,Daily COVID-19 Antibody Test Data From Clinical Laboratories,12/25/2020,Antibody Tests Performed,2172,04/11/2021,4736
Colorado,5763976,Daily COVID-19 Antibody Test Data From Clinical Laboratories,12/25/2020,Number of negative tests,1724,04/11/2021,4737
Colorado,5763976,Daily COVID-19 Antibody Test Data From Clinical Laboratories,12/25/2020,Number of positive tests,448,04/11/2021,4738
Colorado,5763976,Daily COVID-19 Antibody Test Data From Clinical Laboratories,12/25/2020,Total Tests per 100K People,37.682,04/11/2021,4739
Colorado,5763976,Daily COVID-19 Antibody Test Data From Clinical Laboratories,12/25/2020,Percent Positivity,0.206,04/11/2021,4740
Colorado,5763976,Daily COVID-19 Antibody Test Data From Clinical Laboratories,12/25/2020,7-Day Average Percent Positivity,0.205,04/11/2021,4741
Colorado,5763976,Daily COVID-19 Antibody Test Data From Clinical Laboratories,12/25/2020,3-Day Average Percent Positivity,0.206,04/11/2021,4742
Colorado,5763976,Daily COVID-19 Antibody Test Data From Clinical Laboratories,12/25/2020,Cumulative Antibody Tests Performed,274453,04/11/2021,4743
Colorado,5763976,Daily COVID-19 PCR Test Data From Clinical Laboratories,12/26/2020,Percent Positivity,0.054,04/11/2021,4744
Colorado,5763976,Daily COVID-19 PCR Test Data From Clinical Laboratories,12/26/2020,People Tested at CDPHE State Lab,445,04/11/2021,4745
Colorado,5763976,Daily COVID-19 PCR Test Data From Clinical Laboratories,12/26/2020,People Tested at Non-CDPHE (Commerical) Labs,31495,04/11/2021,4746
Colorado,5763976,Daily COVID-19 PCR Test Data From Clinical Laboratories,12/26/2020,Cumulative People Tested at CDPHE State Lab,952881,04/11/2021,4747
Colorado,5763976,Daily COVID-19 PCR Test Data From Clinical Laboratories,12/26/2020,Cumulative People Tested at Non-CDPHE (Commerical) Labs,3408914,04/11/2021,4748
Colorado,5763976,Daily COVID-19 PCR Test Data From Clinical Laboratories,12/26/2020,7-Day Average Percent Positivity,0.06,04/11/2021,4749
Colorado,5763976,Daily COVID-19 PCR Test Data From Clinical Laboratories,12/26/2020,3-Day Average Percent Positivity,0.058,04/11/2021,4750
Colorado,5763976,Daily COVID-19 Antibody Test Data From Clinical Laboratories,12/26/2020,Antibody Tests Performed,614,04/11/2021,4751
Colorado,5763976,Daily COVID-19 Antibody Test Data From Clinical Laboratories,12/26/2020,Number of negative tests,470,04/11/2021,4752
Colorado,5763976,Daily COVID-19 Antibody Test Data From Clinical Laboratories,12/26/2020,Number of positive tests,144,04/11/2021,4753
Colorado,5763976,Daily COVID-19 Antibody Test Data From Clinical Laboratories,12/26/2020,Total Tests per 100K People,10.652,04/11/2021,4754
Colorado,5763976,Daily COVID-19 Antibody Test Data From Clinical Laboratories,12/26/2020,Percent Positivity,0.234,04/11/2021,4755
Colorado,5763976,Daily COVID-19 PCR Test Data From Clinical Laboratories,01/02/2021,Percent Positivity,0.075,04/11/2021,4756
Colorado,5763976,Daily COVID-19 PCR Test Data From Clinical Laboratories,01/02/2021,People Tested at CDPHE State Lab,331,04/11/2021,4757
Colorado,5763976,Daily COVID-19 PCR Test Data From Clinical Laboratories,01/02/2021,People Tested at Non-CDPHE (Commerical) Labs,27618,04/11/2021,4758
Colorado,5763976,Daily COVID-19 PCR Test Data From Clinical Laboratories,01/02/2021,Cumulative People Tested at CDPHE State Lab,975131,04/11/2021,4759
Colorado,5763976,Daily COVID-19 PCR Test Data From Clinical Laboratories,01/02/2021,Cumulative People Tested at Non-CDPHE (Commerical) Labs,3585229,04/11/2021,4760
Colorado,5763976,Daily COVID-19 PCR Test Data From Clinical Laboratories,01/02/2021,7-Day Average Percent Positivity,0.077,04/11/2021,4761
Colorado,5763976,Daily COVID-19 PCR Test Data From Clinical Laboratories,01/02/2021,3-Day Average Percent Positivity,0.073,04/11/2021,4762
Colorado,5763976,Daily COVID-19 Antibody Test Data From Clinical Laboratories,01/02/2021,Antibody Tests Performed,1456,04/11/2021,4763
Colorado,5763976,Daily COVID-19 Antibody Test Data From Clinical Laboratories,01/02/2021,Number of negative tests,1167,04/11/2021,4764
Colorado,5763976,Daily COVID-19 Antibody Test Data From Clinical Laboratories,01/02/2021,Number of positive tests,289,04/11/2021,4765
Colorado,5763976,Daily COVID-19 Antibody Test Data From Clinical Laboratories,01/02/2021,Total Tests per 100K People,25.26,04/11/2021,4766
Colorado,5763976,Daily COVID-19 Antibody Test Data From Clinical Laboratories,01/02/2021,Percent Positivity,0.199,04/11/2021,4767
Colorado,5763976,Daily COVID-19 Antibody Test Data From Clinical Laboratories,01/02/2021,7-Day Average Percent Positivity,0.201,04/11/2021,4768
Colorado,5763976,Daily COVID-19 Antibody Test Data From Clinical Laboratories,01/02/2021,3-Day Average Percent Positivity,0.22,04/11/2021,4769
Colorado,5763976,Daily COVID-19 Antibody Test Data From Clinical Laboratories,01/02/2021,Cumulative Antibody Tests Performed,287944,04/11/2021,4770
Colorado,5763976,Daily COVID-19 PCR Test Data From Clinical Laboratories,01/03/2021,Percent Positivity,0.082,04/11/2021,4771
Colorado,5763976,Daily COVID-19 PCR Test Data From Clinical Laboratories,01/03/2021,People Tested at CDPHE State Lab,483,04/11/2021,4772
Colorado,5763976,Daily COVID-19 PCR Test Data From Clinical Laboratories,01/03/2021,People Tested at Non-CDPHE (Commerical) Labs,27399,04/11/2021,4773
Colorado,5763976,Daily COVID-19 PCR Test Data From Clinical Laboratories,01/03/2021,Cumulative People Tested at CDPHE State Lab,975614,04/11/2021,4774
Colorado,5763976,Daily COVID-19 PCR Test Data From Clinical Laboratories,01/03/2021,Cumulative People Tested at Non-CDPHE (Commerical) Labs,3612628,04/11/2021,4775
Colorado,5763976,Daily COVID-19 PCR Test Data From Clinical Laboratories,01/03/2021,7-Day Average Percent Positivity,0.076,04/11/2021,4776
Colorado,5763976,Daily COVID-19 PCR Test Data From Clinical Laboratories,01/03/2021,3-Day Average Percent Positivity,0.075,04/11/2021,4777
Colorado,5763976,Daily COVID-19 Antibody Test Data From Clinical Laboratories,01/03/2021,Antibody Tests Performed,1096,04/11/2021,4778
Colorado,5763976,Daily COVID-19 Antibody Test Data From Clinical Laboratories,01/03/2021,Number of negative tests,883,04/11/2021,4779
Colorado,5763976,Daily COVID-19 Antibody Test Data From Clinical Laboratories,01/03/2021,Number of positive tests,213,04/11/2021,4780
Colorado,5763976,Daily COVID-19 Antibody Test Data From Clinical Laboratories,01/03/2021,Total Tests per 100K People,19.015,04/11/2021,4781
Colorado,5763976,Daily COVID-19 Antibody Test Data From Clinical Laboratories,01/03/2021,Percent Positivity,0.194,04/11/2021,4782
Colorado,5763976,Daily COVID-19 Antibody Test Data From Clinical Laboratories,01/03/2021,7-Day Average Percent Positivity,0.202,04/11/2021,4783
Colorado,5763976,Daily COVID-19 Antibody Test Data From Clinical Laboratories,01/03/2021,3-Day Average Percent Positivity,0.22,04/11/2021,4784
Colorado,5763976,Daily COVID-19 Antibody Test Data From Clinical Laboratories,01/03/2021,Cumulative Antibody Tests Performed,289040,04/11/2021,4785
Colorado,5763976,Weekly COVID-19 PCR Test Data From Clinical Laboratories,01/03/2021,People Tested at CDPHE State Lab,29050,04/11/2021,4786
Colorado,5763976,Weekly COVID-19 PCR Test Data From Clinical Laboratories,01/03/2021,People Tested at Non-CDPHE (Commerical) Labs,280538,04/11/2021,4787
Colorado,5763976,Weekly COVID-19 PCR Test Data From Clinical Laboratories,01/03/2021,Weekly Percent Positivity,0.071,04/11/2021,4788
Colorado,5763976,Weekly COVID-19 PCR Test Data From Clinical Laboratories,01/03/2021,Cumulative People Tested at CDPHE State Lab,998802,04/11/2021,4789
Colorado,5763976,Weekly COVID-19 PCR Test Data From Clinical Laboratories,01/03/2021,Cumulative People Tested at Non-CDPHE (Commerical) Labs,3811940,04/11/2021,4790
Colorado,5763976,Weekly COVID-19 PCR Test Data From Clinical Laboratories,01/03/2021,Percent Change in Weekly Positivity,-0.1,04/11/2021,4791
Colorado,5763976,Weekly COVID-19 Antibody Test Data From Clinical Laboratories,01/03/2021,Antibody Tests Performed,17981,04/11/2021,4792
Colorado,5763976,Weekly COVID-19 Antibody Test Data From Clinical Laboratories,01/03/2021,Number of positive tests,3802,04/11/2021,4793
Colorado,5763976,Weekly COVID-19 Antibody Test Data From Clinical Laboratories,01/03/2021,Number of negative tests,14179,04/11/2021,4794
Colorado,5763976,Weekly COVID-19 Antibody Test Data From Clinical Laboratories,01/03/2021,Weekly Percent Positivity,0.211,04/11/2021,4795
Colorado,5763976,Weekly COVID-19 Antibody Test Data From Clinical Laboratories,01/03/2021,Cumulative Antibody Tests Performed,302515,04/11/2021,4796
Colorado,5763976,Weekly COVID-19 Antibody Test Data From Clinical Laboratories,01/03/2021,Percent Change in Weekly Positivity,0.1,04/11/2021,4797
Colorado,5763976,Daily COVID-19 PCR Test Data From Clinical Laboratories,01/04/2021,Percent Positivity,0.072,04/11/2021,4798
Colorado,5763976,Daily COVID-19 PCR Test Data From Clinical Laboratories,01/04/2021,People Tested at CDPHE State Lab,756,04/11/2021,4799
Colorado,5763976,Daily COVID-19 PCR Test Data From Clinical Laboratories,01/04/2021,People Tested at Non-CDPHE (Commerical) Labs,19989,04/11/2021,4800
Colorado,5763976,Daily COVID-19 PCR Test Data From Clinical Laboratories,01/25/2021,People Tested at Non-CDPHE (Commerical) Labs,12054,04/11/2021,4801
Colorado,5763976,Daily COVID-19 PCR Test Data From Clinical Laboratories,01/25/2021,Cumulative People Tested at CDPHE State Lab,1054255,04/11/2021,4802
Colorado,5763976,Daily COVID-19 PCR Test Data From Clinical Laboratories,01/25/2021,Cumulative People Tested at Non-CDPHE (Commerical) Labs,4253517,04/11/2021,4803
Colorado,5763976,Daily COVID-19 PCR Test Data From Clinical Laboratories,01/25/2021,7-Day Average Percent Positivity,0.051,04/11/2021,4804
Colorado,5763976,Daily COVID-19 PCR Test Data From Clinical Laboratories,01/25/2021,3-Day Average Percent Positivity,0.061,04/11/2021,4805
Colorado,5763976,Daily COVID-19 Antibody Test Data From Clinical Laboratories,01/25/2021,Antibody Tests Performed,1934,04/11/2021,4806
Colorado,5763976,Daily COVID-19 Antibody Test Data From Clinical Laboratories,01/25/2021,Number of negative tests,1564,04/11/2021,4807
Colorado,5763976,Daily COVID-19 Antibody Test Data From Clinical Laboratories,01/25/2021,Number of positive tests,370,04/11/2021,4808
Colorado,5763976,Daily COVID-19 Antibody Test Data From Clinical Laboratories,01/25/2021,Total Tests per 100K People,33.553,04/11/2021,4809
Colorado,5763976,Daily COVID-19 Antibody Test Data From Clinical Laboratories,01/25/2021,Percent Positivity,0.191,04/11/2021,4810
Colorado,5763976,Daily COVID-19 Antibody Test Data From Clinical Laboratories,01/25/2021,7-Day Average Percent Positivity,0.213,04/11/2021,4811
Colorado,5763976,Daily COVID-19 Antibody Test Data From Clinical Laboratories,01/25/2021,3-Day Average Percent Positivity,0.205,04/11/2021,4812
Colorado,5763976,Daily COVID-19 Antibody Test Data From Clinical Laboratories,01/25/2021,Cumulative Antibody Tests Performed,340222,04/11/2021,4813
Colorado,5763976,Daily COVID-19 PCR Test Data From Clinical Laboratories,01/26/2021,Percent Positivity,0.049,04/11/2021,4814
Colorado,5763976,Daily COVID-19 PCR Test Data From Clinical Laboratories,01/26/2021,People Tested at CDPHE State Lab,8643,04/11/2021,4815
Colorado,5763976,Daily COVID-19 PCR Test Data From Clinical Laboratories,01/26/2021,People Tested at Non-CDPHE (Commerical) Labs,20104,04/11/2021,4816
Colorado,5763976,Daily COVID-19 PCR Test Data From Clinical Laboratories,01/26/2021,Cumulative People Tested at CDPHE State Lab,1062898,04/11/2021,4817
Colorado,5763976,Daily COVID-19 PCR Test Data From Clinical Laboratories,01/26/2021,Cumulative People Tested at Non-CDPHE (Commerical) Labs,4273621,04/11/2021,4818
Colorado,5763976,Daily COVID-19 PCR Test Data From Clinical Laboratories,01/26/2021,7-Day Average Percent Positivity,0.05,04/11/2021,4819
Colorado,5763976,Daily COVID-19 PCR Test Data From Clinical Laboratories,01/26/2021,3-Day Average Percent Positivity,0.059,04/11/2021,4820
Colorado,5763976,Daily COVID-19 Antibody Test Data From Clinical Laboratories,01/26/2021,Antibody Tests Performed,3629,04/11/2021,4821
Colorado,5763976,Daily COVID-19 Antibody Test Data From Clinical Laboratories,01/26/2021,Number of negative tests,2858,04/11/2021,4822
Colorado,5763976,Daily COVID-19 Antibody Test Data From Clinical Laboratories,01/26/2021,Number of positive tests,771,04/11/2021,4823
Colorado,5763976,Daily COVID-19 Antibody Test Data From Clinical Laboratories,01/26/2021,Total Tests per 100K People,62.96,04/11/2021,4824
Colorado,5763976,Daily COVID-19 Antibody Test Data From Clinical Laboratories,01/26/2021,Percent Positivity,0.212,04/11/2021,4825
Colorado,5763976,Daily COVID-19 Antibody Test Data From Clinical Laboratories,01/26/2021,7-Day Average Percent Positivity,0.214,04/11/2021,4826
Colorado,5763976,Daily COVID-19 Antibody Test Data From Clinical Laboratories,01/26/2021,3-Day Average Percent Positivity,0.208,04/11/2021,4827
Colorado,5763976,Daily COVID-19 Antibody Test Data From Clinical Laboratories,01/26/2021,Cumulative Antibody Tests Performed,343851,04/11/2021,4828
Colorado,5763976,Daily COVID-19 PCR Test Data From Clinical Laboratories,01/27/2021,Percent Positivity,0.045,04/11/2021,4829
Colorado,5763976,Daily COVID-19 PCR Test Data From Clinical Laboratories,01/27/2021,People Tested at CDPHE State Lab,7871,04/11/2021,4830
Colorado,5763976,Daily COVID-19 PCR Test Data From Clinical Laboratories,01/27/2021,People Tested at Non-CDPHE (Commerical) Labs,25648,04/11/2021,4831
Colorado,5763976,Daily COVID-19 PCR Test Data From Clinical Laboratories,01/27/2021,Cumulative People Tested at CDPHE State Lab,1070769,04/11/2021,4832
Colorado,5763976,Daily COVID-19 PCR Test Data From Clinical Laboratories,01/27/2021,Cumulative People Tested at Non-CDPHE (Commerical) Labs,4299269,04/11/2021,4833
Colorado,5763976,Daily COVID-19 PCR Test Data From Clinical Laboratories,01/27/2021,7-Day Average Percent Positivity,0.05,04/11/2021,4834
Colorado,5763976,Daily COVID-19 PCR Test Data From Clinical Laboratories,01/27/2021,3-Day Average Percent Positivity,0.051,04/11/2021,4835
Colorado,5763976,Daily COVID-19 Antibody Test Data From Clinical Laboratories,01/27/2021,Antibody Tests Performed,2024,04/11/2021,4836
Colorado,5763976,Daily COVID-19 Antibody Test Data From Clinical Laboratories,01/27/2021,Number of negative tests,1661,04/11/2021,4837
Colorado,5763976,Daily COVID-19 Antibody Test Data From Clinical Laboratories,01/27/2021,Number of positive tests,363,04/11/2021,4838
Colorado,5763976,Daily COVID-19 Antibody Test Data From Clinical Laboratories,01/27/2021,Total Tests per 100K People,35.115,04/11/2021,4839
Colorado,5763976,Daily COVID-19 Antibody Test Data From Clinical Laboratories,01/27/2021,Percent Positivity,0.179,04/11/2021,4840
Colorado,5763976,Daily COVID-19 Antibody Test Data From Clinical Laboratories,01/27/2021,7-Day Average Percent Positivity,0.205,04/11/2021,4841
Colorado,5763976,Daily COVID-19 Antibody Test Data From Clinical Laboratories,01/27/2021,3-Day Average Percent Positivity,0.198,04/11/2021,4842
Colorado,5763976,Daily COVID-19 Antibody Test Data From Clinical Laboratories,01/27/2021,Cumulative Antibody Tests Performed,345875,04/11/2021,4843
Colorado,5763976,Daily COVID-19 PCR Test Data From Clinical Laboratories,01/28/2021,Percent Positivity,0.045,04/11/2021,4844
Colorado,5763976,Daily COVID-19 PCR Test Data From Clinical Laboratories,01/28/2021,People Tested at CDPHE State Lab,8803,04/11/2021,4845
Colorado,5763976,Daily COVID-19 PCR Test Data From Clinical Laboratories,01/28/2021,People Tested at Non-CDPHE (Commerical) Labs,27686,04/11/2021,4846
Colorado,5763976,Daily COVID-19 PCR Test Data From Clinical Laboratories,01/28/2021,Cumulative People Tested at CDPHE State Lab,1079572,04/11/2021,4847
Colorado,5763976,Daily COVID-19 PCR Test Data From Clinical Laboratories,01/28/2021,Cumulative People Tested at Non-CDPHE (Commerical) Labs,4326955,04/11/2021,4848
Colorado,5763976,Daily COVID-19 PCR Test Data From Clinical Laboratories,01/28/2021,7-Day Average Percent Positivity,0.052,04/11/2021,4849
Colorado,5763976,Daily COVID-19 PCR Test Data From Clinical Laboratories,01/28/2021,3-Day Average Percent Positivity,0.046,04/11/2021,4850
Colorado,5763976,Daily COVID-19 Antibody Test Data From Clinical Laboratories,01/07/2021,Number of negative tests,2376,04/11/2021,4851
Colorado,5763976,Daily COVID-19 PCR Test Data From Clinical Laboratories,01/13/2021,3-Day Average Percent Positivity,0.059,04/11/2021,4852
Colorado,5763976,Daily COVID-19 Antibody Test Data From Clinical Laboratories,01/22/2021,Number of positive tests,685,04/11/2021,4853
Colorado,5763976,Daily COVID-19 Antibody Test Data From Clinical Laboratories,01/16/2021,Percent Positivity,0.209,04/11/2021,4854
Colorado,5763976,Daily COVID-19 Antibody Test Data From Clinical Laboratories,01/10/2021,3-Day Average Percent Positivity,0.219,04/11/2021,4855
Colorado,5763976,Daily COVID-19 PCR Test Data From Clinical Laboratories,01/19/2021,Cumulative People Tested at Non-CDPHE (Commerical) Labs,4094613,04/11/2021,4856
Colorado,5763976,Daily COVID-19 Antibody Test Data From Clinical Laboratories,01/28/2021,Antibody Tests Performed,2595,04/11/2021,4857
Colorado,5763976,Daily COVID-19 Antibody Test Data From Clinical Laboratories,01/28/2021,Number of negative tests,2086,04/11/2021,4858
Colorado,5763976,Daily COVID-19 Antibody Test Data From Clinical Laboratories,01/28/2021,Number of positive tests,509,04/11/2021,4859
Colorado,5763976,Daily COVID-19 Antibody Test Data From Clinical Laboratories,01/28/2021,Total Tests per 100K People,45.021,04/11/2021,4860
Colorado,5763976,Daily COVID-19 Antibody Test Data From Clinical Laboratories,01/28/2021,Percent Positivity,0.196,04/11/2021,4861
Colorado,5763976,Daily COVID-19 Antibody Test Data From Clinical Laboratories,01/28/2021,7-Day Average Percent Positivity,0.199,04/11/2021,4862
Colorado,5763976,Daily COVID-19 Antibody Test Data From Clinical Laboratories,01/28/2021,3-Day Average Percent Positivity,0.199,04/11/2021,4863
Colorado,5763976,Daily COVID-19 Antibody Test Data From Clinical Laboratories,01/28/2021,Cumulative Antibody Tests Performed,348470,04/11/2021,4864
Colorado,5763976,Daily COVID-19 PCR Test Data From Clinical Laboratories,01/29/2021,Percent Positivity,0.044,04/11/2021,4865
Colorado,5763976,Daily COVID-19 PCR Test Data From Clinical Laboratories,01/29/2021,People Tested at CDPHE State Lab,8017,04/11/2021,4866
Colorado,5763976,Daily COVID-19 PCR Test Data From Clinical Laboratories,01/29/2021,People Tested at Non-CDPHE (Commerical) Labs,24257,04/11/2021,4867
Colorado,5763976,Daily COVID-19 PCR Test Data From Clinical Laboratories,01/29/2021,Cumulative People Tested at CDPHE State Lab,1087589,04/11/2021,4868
Colorado,5763976,Daily COVID-19 PCR Test Data From Clinical Laboratories,01/29/2021,Cumulative People Tested at Non-CDPHE (Commerical) Labs,4351212,04/11/2021,4869
Colorado,5763976,Daily COVID-19 PCR Test Data From Clinical Laboratories,01/29/2021,7-Day Average Percent Positivity,0.05,04/11/2021,4870
Colorado,5763976,Daily COVID-19 PCR Test Data From Clinical Laboratories,01/29/2021,3-Day Average Percent Positivity,0.044,04/11/2021,4871
Colorado,5763976,Daily COVID-19 Antibody Test Data From Clinical Laboratories,01/29/2021,Antibody Tests Performed,2423,04/11/2021,4872
Colorado,5763976,Daily COVID-19 Antibody Test Data From Clinical Laboratories,01/29/2021,Number of negative tests,1858,04/11/2021,4873
Colorado,5763976,Daily COVID-19 Antibody Test Data From Clinical Laboratories,01/29/2021,Number of positive tests,565,04/11/2021,4874
Colorado,5763976,Daily COVID-19 Antibody Test Data From Clinical Laboratories,01/29/2021,Total Tests per 100K People,42.037,04/11/2021,4875
Colorado,5763976,Daily COVID-19 Antibody Test Data From Clinical Laboratories,01/29/2021,Percent Positivity,0.233,04/11/2021,4876
Colorado,5763976,Daily COVID-19 Antibody Test Data From Clinical Laboratories,01/29/2021,7-Day Average Percent Positivity,0.206,04/11/2021,4877
Colorado,5763976,Daily COVID-19 Antibody Test Data From Clinical Laboratories,01/29/2021,3-Day Average Percent Positivity,0.204,04/11/2021,4878
Colorado,5763976,Daily COVID-19 Antibody Test Data From Clinical Laboratories,01/29/2021,Cumulative Antibody Tests Performed,350893,04/11/2021,4879
Colorado,5763976,Daily COVID-19 PCR Test Data From Clinical Laboratories,01/30/2021,Percent Positivity,0.045,04/11/2021,4880
Colorado,5763976,Daily COVID-19 PCR Test Data From Clinical Laboratories,01/30/2021,People Tested at CDPHE State Lab,7633,04/11/2021,4881
Colorado,5763976,Daily COVID-19 PCR Test Data From Clinical Laboratories,01/30/2021,People Tested at Non-CDPHE (Commerical) Labs,19522,04/11/2021,4882
Colorado,5763976,Daily COVID-19 PCR Test Data From Clinical Laboratories,01/30/2021,Cumulative People Tested at CDPHE State Lab,1095222,04/11/2021,4883
Colorado,5763976,Daily COVID-19 PCR Test Data From Clinical Laboratories,01/30/2021,Cumulative People Tested at Non-CDPHE (Commerical) Labs,4370734,04/11/2021,4884
Colorado,5763976,Daily COVID-19 PCR Test Data From Clinical Laboratories,01/30/2021,7-Day Average Percent Positivity,0.049,04/11/2021,4885
Colorado,5763976,Daily COVID-19 PCR Test Data From Clinical Laboratories,01/30/2021,3-Day Average Percent Positivity,0.045,04/11/2021,4886
Colorado,5763976,Daily COVID-19 Antibody Test Data From Clinical Laboratories,01/30/2021,Antibody Tests Performed,2431,04/11/2021,4887
Colorado,5763976,Daily COVID-19 Antibody Test Data From Clinical Laboratories,01/30/2021,Number of negative tests,1884,04/11/2021,4888
Colorado,5763976,Daily COVID-19 Antibody Test Data From Clinical Laboratories,01/30/2021,Number of positive tests,547,04/11/2021,4889
Colorado,5763976,Daily COVID-19 Antibody Test Data From Clinical Laboratories,01/30/2021,Total Tests per 100K People,42.176,04/11/2021,4890
Colorado,5763976,Daily COVID-19 Antibody Test Data From Clinical Laboratories,01/30/2021,Percent Positivity,0.225,04/11/2021,4891
Colorado,5763976,Daily COVID-19 Antibody Test Data From Clinical Laboratories,01/30/2021,7-Day Average Percent Positivity,0.209,04/11/2021,4892
Colorado,5763976,Daily COVID-19 Antibody Test Data From Clinical Laboratories,01/30/2021,3-Day Average Percent Positivity,0.218,04/11/2021,4893
Colorado,5763976,Daily COVID-19 Antibody Test Data From Clinical Laboratories,01/30/2021,Cumulative Antibody Tests Performed,353324,04/11/2021,4894
Colorado,5763976,Daily COVID-19 PCR Test Data From Clinical Laboratories,01/31/2021,Percent Positivity,0.059,04/11/2021,4895
Colorado,5763976,Daily COVID-19 PCR Test Data From Clinical Laboratories,01/31/2021,People Tested at CDPHE State Lab,1924,04/11/2021,4896
Colorado,5763976,Daily COVID-19 PCR Test Data From Clinical Laboratories,01/31/2021,People Tested at Non-CDPHE (Commerical) Labs,14467,04/11/2021,4897
Colorado,5763976,Daily COVID-19 PCR Test Data From Clinical Laboratories,01/31/2021,Cumulative People Tested at CDPHE State Lab,1097146,04/11/2021,4898
Colorado,5763976,Daily COVID-19 PCR Test Data From Clinical Laboratories,01/31/2021,Cumulative People Tested at Non-CDPHE (Commerical) Labs,4385201,04/11/2021,4899
Colorado,5763976,Daily COVID-19 PCR Test Data From Clinical Laboratories,01/31/2021,7-Day Average Percent Positivity,0.049,04/11/2021,4900
Colorado,5763976,Daily COVID-19 PCR Test Data From Clinical Laboratories,01/31/2021,3-Day Average Percent Positivity,0.048,04/11/2021,4901
Colorado,5763976,Daily COVID-19 Antibody Test Data From Clinical Laboratories,01/31/2021,Antibody Tests Performed,1135,04/11/2021,4902
Colorado,5763976,Daily COVID-19 Antibody Test Data From Clinical Laboratories,01/31/2021,Number of negative tests,936,04/11/2021,4903
Colorado,5763976,Daily COVID-19 Antibody Test Data From Clinical Laboratories,01/31/2021,Number of positive tests,199,04/11/2021,4904
Colorado,5763976,Daily COVID-19 Antibody Test Data From Clinical Laboratories,01/31/2021,Total Tests per 100K People,19.691,04/11/2021,4905
Colorado,5763976,Daily COVID-19 Antibody Test Data From Clinical Laboratories,01/31/2021,Percent Positivity,0.175,04/11/2021,4906
Colorado,5763976,Daily COVID-19 PCR Test Data From Clinical Laboratories,01/19/2021,7-Day Average Percent Positivity,0.053,04/11/2021,4907
Colorado,5763976,Daily COVID-19 Antibody Test Data From Clinical Laboratories,01/10/2021,Cumulative Antibody Tests Performed,304177,04/11/2021,4908
Colorado,5763976,Daily COVID-19 Antibody Test Data From Clinical Laboratories,01/16/2021,7-Day Average Percent Positivity,0.205,04/11/2021,4909
Colorado,5763976,Daily COVID-19 Antibody Test Data From Clinical Laboratories,01/07/2021,Number of positive tests,591,04/11/2021,4910
Colorado,5763976,Daily COVID-19 Antibody Test Data From Clinical Laboratories,01/13/2021,Antibody Tests Performed,3841,04/11/2021,4911
Colorado,5763976,Daily COVID-19 Antibody Test Data From Clinical Laboratories,01/22/2021,Total Tests per 100K People,62.856,04/11/2021,4912
Colorado,5763976,Daily COVID-19 Antibody Test Data From Clinical Laboratories,01/22/2021,Percent Positivity,0.189,04/11/2021,4913
Colorado,5763976,Daily COVID-19 Antibody Test Data From Clinical Laboratories,01/22/2021,7-Day Average Percent Positivity,0.223,04/11/2021,4914
Colorado,5763976,Daily COVID-19 Antibody Test Data From Clinical Laboratories,01/22/2021,3-Day Average Percent Positivity,0.22,04/11/2021,4915
Colorado,5763976,Daily COVID-19 Antibody Test Data From Clinical Laboratories,01/22/2021,Cumulative Antibody Tests Performed,334768,04/11/2021,4916
Colorado,5763976,Daily COVID-19 PCR Test Data From Clinical Laboratories,01/23/2021,Percent Positivity,0.053,04/11/2021,4917
Colorado,5763976,Daily COVID-19 PCR Test Data From Clinical Laboratories,01/23/2021,People Tested at CDPHE State Lab,4613,04/11/2021,4918
Colorado,5763976,Daily COVID-19 PCR Test Data From Clinical Laboratories,01/23/2021,People Tested at Non-CDPHE (Commerical) Labs,22928,04/11/2021,4919
Colorado,5763976,Daily COVID-19 PCR Test Data From Clinical Laboratories,01/23/2021,Cumulative People Tested at CDPHE State Lab,1051871,04/11/2021,4920
Colorado,5763976,Daily COVID-19 PCR Test Data From Clinical Laboratories,01/23/2021,Cumulative People Tested at Non-CDPHE (Commerical) Labs,4223810,04/11/2021,4921
Colorado,5763976,Daily COVID-19 PCR Test Data From Clinical Laboratories,01/23/2021,7-Day Average Percent Positivity,0.049,04/11/2021,4922
Colorado,5763976,Daily COVID-19 PCR Test Data From Clinical Laboratories,01/23/2021,3-Day Average Percent Positivity,0.047,04/11/2021,4923
Colorado,5763976,Daily COVID-19 Antibody Test Data From Clinical Laboratories,01/23/2021,Antibody Tests Performed,1096,04/11/2021,4924
Colorado,5763976,Daily COVID-19 Antibody Test Data From Clinical Laboratories,01/23/2021,Number of negative tests,866,04/11/2021,4925
Colorado,5763976,Daily COVID-19 Antibody Test Data From Clinical Laboratories,01/23/2021,Number of positive tests,230,04/11/2021,4926
Colorado,5763976,Daily COVID-19 Antibody Test Data From Clinical Laboratories,01/23/2021,Total Tests per 100K People,19.015,04/11/2021,4927
Colorado,5763976,Daily COVID-19 Antibody Test Data From Clinical Laboratories,01/23/2021,Percent Positivity,0.21,04/11/2021,4928
Colorado,5763976,Daily COVID-19 Antibody Test Data From Clinical Laboratories,01/23/2021,7-Day Average Percent Positivity,0.223,04/11/2021,4929
Colorado,5763976,Daily COVID-19 Antibody Test Data From Clinical Laboratories,01/23/2021,3-Day Average Percent Positivity,0.208,04/11/2021,4930
Colorado,5763976,Daily COVID-19 Antibody Test Data From Clinical Laboratories,01/23/2021,Cumulative Antibody Tests Performed,335864,04/11/2021,4931
Colorado,5763976,Daily COVID-19 PCR Test Data From Clinical Laboratories,01/24/2021,Percent Positivity,0.065,04/11/2021,4932
Colorado,5763976,Daily COVID-19 PCR Test Data From Clinical Laboratories,01/24/2021,People Tested at CDPHE State Lab,699,04/11/2021,4933
Colorado,5763976,Daily COVID-19 PCR Test Data From Clinical Laboratories,01/24/2021,People Tested at Non-CDPHE (Commerical) Labs,17653,04/11/2021,4934
Colorado,5763976,Daily COVID-19 PCR Test Data From Clinical Laboratories,01/24/2021,Cumulative People Tested at CDPHE State Lab,1052570,04/11/2021,4935
Colorado,5763976,Daily COVID-19 PCR Test Data From Clinical Laboratories,01/24/2021,Cumulative People Tested at Non-CDPHE (Commerical) Labs,4241463,04/11/2021,4936
Colorado,5763976,Daily COVID-19 PCR Test Data From Clinical Laboratories,01/24/2021,7-Day Average Percent Positivity,0.052,04/11/2021,4937
Colorado,5763976,Daily COVID-19 PCR Test Data From Clinical Laboratories,01/24/2021,3-Day Average Percent Positivity,0.055,04/11/2021,4938
Colorado,5763976,Daily COVID-19 Antibody Test Data From Clinical Laboratories,01/24/2021,Antibody Tests Performed,2424,04/11/2021,4939
Colorado,5763976,Daily COVID-19 Antibody Test Data From Clinical Laboratories,01/24/2021,Number of negative tests,1903,04/11/2021,4940
Colorado,5763976,Daily COVID-19 Antibody Test Data From Clinical Laboratories,01/24/2021,Number of positive tests,521,04/11/2021,4941
Colorado,5763976,Daily COVID-19 Antibody Test Data From Clinical Laboratories,01/24/2021,Total Tests per 100K People,42.054,04/11/2021,4942
Colorado,5763976,Daily COVID-19 Antibody Test Data From Clinical Laboratories,01/24/2021,Percent Positivity,0.215,04/11/2021,4943
Colorado,5763976,Daily COVID-19 Antibody Test Data From Clinical Laboratories,01/24/2021,7-Day Average Percent Positivity,0.223,04/11/2021,4944
Colorado,5763976,Daily COVID-19 Antibody Test Data From Clinical Laboratories,01/24/2021,3-Day Average Percent Positivity,0.201,04/11/2021,4945
Colorado,5763976,Daily COVID-19 Antibody Test Data From Clinical Laboratories,01/24/2021,Cumulative Antibody Tests Performed,338288,04/11/2021,4946
Colorado,5763976,Weekly COVID-19 PCR Test Data From Clinical Laboratories,01/24/2021,People Tested at CDPHE State Lab,43351,04/11/2021,4947
Colorado,5763976,Weekly COVID-19 PCR Test Data From Clinical Laboratories,01/24/2021,People Tested at Non-CDPHE (Commerical) Labs,146924,04/11/2021,4948
Colorado,5763976,Weekly COVID-19 PCR Test Data From Clinical Laboratories,01/24/2021,Weekly Percent Positivity,0.049,04/11/2021,4949
Colorado,5763976,Weekly COVID-19 PCR Test Data From Clinical Laboratories,01/24/2021,Cumulative People Tested at CDPHE State Lab,1095222,04/11/2021,4950
Colorado,5763976,Weekly COVID-19 PCR Test Data From Clinical Laboratories,01/24/2021,Cumulative People Tested at Non-CDPHE (Commerical) Labs,4370734,04/11/2021,4951
Colorado,5763976,Weekly COVID-19 PCR Test Data From Clinical Laboratories,01/24/2021,Percent Change in Weekly Positivity,0,04/11/2021,4952
Colorado,5763976,Weekly COVID-19 Antibody Test Data From Clinical Laboratories,01/24/2021,Antibody Tests Performed,17460,04/11/2021,4953
Colorado,5763976,Weekly COVID-19 Antibody Test Data From Clinical Laboratories,01/24/2021,Number of positive tests,3646,04/11/2021,4954
Colorado,5763976,Weekly COVID-19 Antibody Test Data From Clinical Laboratories,01/24/2021,Number of negative tests,13814,04/11/2021,4955
Colorado,5763976,Weekly COVID-19 Antibody Test Data From Clinical Laboratories,01/24/2021,Weekly Percent Positivity,0.209,04/11/2021,4956
Colorado,5763976,Weekly COVID-19 Antibody Test Data From Clinical Laboratories,01/24/2021,Cumulative Antibody Tests Performed,353324,04/11/2021,4957
Colorado,5763976,Weekly COVID-19 Antibody Test Data From Clinical Laboratories,01/24/2021,Percent Change in Weekly Positivity,-0.06,04/11/2021,4958
Colorado,5763976,Daily COVID-19 PCR Test Data From Clinical Laboratories,01/25/2021,Percent Positivity,0.072,04/11/2021,4959
Colorado,5763976,Daily COVID-19 PCR Test Data From Clinical Laboratories,01/25/2021,People Tested at CDPHE State Lab,1685,04/11/2021,4960
Colorado,5763976,Weekly COVID-19 PCR Test Data From Clinical Laboratories,01/10/2021,People Tested at CDPHE State Lab,25477,04/11/2021,4961
Colorado,5763976,Daily COVID-19 PCR Test Data From Clinical Laboratories,01/19/2021,3-Day Average Percent Positivity,0.054,04/11/2021,4962
Colorado,5763976,Daily COVID-19 Antibody Test Data From Clinical Laboratories,01/16/2021,3-Day Average Percent Positivity,0.196,04/11/2021,4963
Colorado,5763976,Daily COVID-19 Antibody Test Data From Clinical Laboratories,01/16/2021,Cumulative Antibody Tests Performed,320114,04/11/2021,4964
Colorado,5763976,Daily COVID-19 PCR Test Data From Clinical Laboratories,01/17/2021,Percent Positivity,0.041,04/11/2021,4965
Colorado,5763976,Daily COVID-19 PCR Test Data From Clinical Laboratories,01/17/2021,People Tested at CDPHE State Lab,1194,04/11/2021,4966
Colorado,5763976,Daily COVID-19 PCR Test Data From Clinical Laboratories,01/17/2021,People Tested at Non-CDPHE (Commerical) Labs,24178,04/11/2021,4967
Colorado,5763976,Daily COVID-19 PCR Test Data From Clinical Laboratories,01/17/2021,Cumulative People Tested at CDPHE State Lab,1025473,04/11/2021,4968
Colorado,5763976,Daily COVID-19 PCR Test Data From Clinical Laboratories,01/17/2021,Cumulative People Tested at Non-CDPHE (Commerical) Labs,4051676,04/11/2021,4969
Colorado,5763976,Daily COVID-19 PCR Test Data From Clinical Laboratories,01/17/2021,7-Day Average Percent Positivity,0.054,04/11/2021,4970
Colorado,5763976,Daily COVID-19 PCR Test Data From Clinical Laboratories,01/17/2021,3-Day Average Percent Positivity,0.05,04/11/2021,4971
Colorado,5763976,Daily COVID-19 Antibody Test Data From Clinical Laboratories,01/17/2021,Antibody Tests Performed,756,04/11/2021,4972
Colorado,5763976,Daily COVID-19 Antibody Test Data From Clinical Laboratories,01/17/2021,Number of negative tests,600,04/11/2021,4973
Colorado,5763976,Daily COVID-19 Antibody Test Data From Clinical Laboratories,01/17/2021,Number of positive tests,156,04/11/2021,4974
Colorado,5763976,Daily COVID-19 Antibody Test Data From Clinical Laboratories,01/17/2021,Total Tests per 100K People,13.116,04/11/2021,4975
Colorado,5763976,Daily COVID-19 Antibody Test Data From Clinical Laboratories,01/17/2021,Percent Positivity,0.206,04/11/2021,4976
Colorado,5763976,Daily COVID-19 Antibody Test Data From Clinical Laboratories,01/17/2021,7-Day Average Percent Positivity,0.206,04/11/2021,4977
Colorado,5763976,Daily COVID-19 Antibody Test Data From Clinical Laboratories,01/17/2021,3-Day Average Percent Positivity,0.203,04/11/2021,4978
Colorado,5763976,Daily COVID-19 Antibody Test Data From Clinical Laboratories,01/17/2021,Cumulative Antibody Tests Performed,320870,04/11/2021,4979
Colorado,5763976,Weekly COVID-19 PCR Test Data From Clinical Laboratories,01/17/2021,People Tested at CDPHE State Lab,27592,04/11/2021,4980
Colorado,5763976,Weekly COVID-19 PCR Test Data From Clinical Laboratories,01/17/2021,People Tested at Non-CDPHE (Commerical) Labs,196312,04/11/2021,4981
Colorado,5763976,Weekly COVID-19 PCR Test Data From Clinical Laboratories,01/17/2021,Weekly Percent Positivity,0.049,04/11/2021,4982
Colorado,5763976,Weekly COVID-19 PCR Test Data From Clinical Laboratories,01/17/2021,Cumulative People Tested at CDPHE State Lab,1051871,04/11/2021,4983
Colorado,5763976,Weekly COVID-19 PCR Test Data From Clinical Laboratories,01/17/2021,Cumulative People Tested at Non-CDPHE (Commerical) Labs,4223810,04/11/2021,4984
Colorado,5763976,Weekly COVID-19 PCR Test Data From Clinical Laboratories,01/17/2021,Percent Change in Weekly Positivity,-0.12,04/11/2021,4985
Colorado,5763976,Weekly COVID-19 Antibody Test Data From Clinical Laboratories,01/17/2021,Antibody Tests Performed,15750,04/11/2021,4986
Colorado,5763976,Weekly COVID-19 Antibody Test Data From Clinical Laboratories,01/17/2021,Number of positive tests,3510,04/11/2021,4987
Colorado,5763976,Weekly COVID-19 Antibody Test Data From Clinical Laboratories,01/17/2021,Number of negative tests,12240,04/11/2021,4988
Colorado,5763976,Weekly COVID-19 Antibody Test Data From Clinical Laboratories,01/17/2021,Weekly Percent Positivity,0.223,04/11/2021,4989
Colorado,5763976,Weekly COVID-19 Antibody Test Data From Clinical Laboratories,01/17/2021,Cumulative Antibody Tests Performed,335864,04/11/2021,4990
Colorado,5763976,Weekly COVID-19 Antibody Test Data From Clinical Laboratories,01/17/2021,Percent Change in Weekly Positivity,0.09,04/11/2021,4991
Colorado,5763976,Daily COVID-19 PCR Test Data From Clinical Laboratories,01/18/2021,Percent Positivity,0.07,04/11/2021,4992
Colorado,5763976,Daily COVID-19 PCR Test Data From Clinical Laboratories,01/18/2021,People Tested at CDPHE State Lab,1402,04/11/2021,4993
Colorado,5763976,Daily COVID-19 PCR Test Data From Clinical Laboratories,01/18/2021,People Tested at Non-CDPHE (Commerical) Labs,19562,04/11/2021,4994
Colorado,5763976,Daily COVID-19 PCR Test Data From Clinical Laboratories,01/18/2021,Cumulative People Tested at CDPHE State Lab,1026875,04/11/2021,4995
Colorado,5763976,Daily COVID-19 PCR Test Data From Clinical Laboratories,01/18/2021,Cumulative People Tested at Non-CDPHE (Commerical) Labs,4071238,04/11/2021,4996
Colorado,5763976,Daily COVID-19 PCR Test Data From Clinical Laboratories,01/18/2021,7-Day Average Percent Positivity,0.055,04/11/2021,4997
Colorado,5763976,Daily COVID-19 PCR Test Data From Clinical Laboratories,01/18/2021,3-Day Average Percent Positivity,0.053,04/11/2021,4998
Colorado,5763976,Daily COVID-19 Antibody Test Data From Clinical Laboratories,01/18/2021,Antibody Tests Performed,3729,04/11/2021,4999
Colorado,5763976,Daily COVID-19 Antibody Test Data From Clinical Laboratories,01/18/2021,Number of negative tests,2806,04/11/2021,5000
Colorado,5763976,Daily COVID-19 Antibody Test Data From Clinical Laboratories,01/18/2021,Number of positive tests,923,04/11/2021,5001
Colorado,5763976,Daily COVID-19 Antibody Test Data From Clinical Laboratories,01/18/2021,Total Tests per 100K People,64.695,04/11/2021,5002
Colorado,5763976,Daily COVID-19 Antibody Test Data From Clinical Laboratories,01/18/2021,Percent Positivity,0.247,04/11/2021,5003
Colorado,5763976,Daily COVID-19 Antibody Test Data From Clinical Laboratories,01/18/2021,7-Day Average Percent Positivity,0.21,04/11/2021,5004
Colorado,5763976,Daily COVID-19 Antibody Test Data From Clinical Laboratories,01/18/2021,3-Day Average Percent Positivity,0.233,04/11/2021,5005
Colorado,5763976,Daily COVID-19 Antibody Test Data From Clinical Laboratories,01/18/2021,Cumulative Antibody Tests Performed,324599,04/11/2021,5006
Colorado,5763976,Daily COVID-19 PCR Test Data From Clinical Laboratories,01/19/2021,Percent Positivity,0.054,04/11/2021,5007
Colorado,5763976,Daily COVID-19 PCR Test Data From Clinical Laboratories,01/19/2021,People Tested at CDPHE State Lab,2892,04/11/2021,5008
Colorado,5763976,Daily COVID-19 PCR Test Data From Clinical Laboratories,01/19/2021,People Tested at Non-CDPHE (Commerical) Labs,23375,04/11/2021,5009
Colorado,5763976,Daily COVID-19 PCR Test Data From Clinical Laboratories,01/19/2021,Cumulative People Tested at CDPHE State Lab,1029767,04/11/2021,5010
Colorado,5763976,Daily COVID-19 Antibody Test Data From Clinical Laboratories,01/07/2021,Total Tests per 100K People,51.475,04/11/2021,5011
Colorado,5763976,Daily COVID-19 Antibody Test Data From Clinical Laboratories,01/13/2021,Number of negative tests,3122,04/11/2021,5012
Colorado,5763976,Daily COVID-19 Antibody Test Data From Clinical Laboratories,01/19/2021,Antibody Tests Performed,2175,04/11/2021,5013
Colorado,5763976,Weekly COVID-19 PCR Test Data From Clinical Laboratories,01/10/2021,People Tested at Non-CDPHE (Commerical) Labs,215558,04/11/2021,5014
Colorado,5763976,Weekly COVID-19 PCR Test Data From Clinical Laboratories,01/10/2021,Weekly Percent Positivity,0.056,04/11/2021,5015
Colorado,5763976,Weekly COVID-19 PCR Test Data From Clinical Laboratories,01/10/2021,Cumulative People Tested at CDPHE State Lab,1024279,04/11/2021,5016
Colorado,5763976,Weekly COVID-19 PCR Test Data From Clinical Laboratories,01/10/2021,Cumulative People Tested at Non-CDPHE (Commerical) Labs,4027498,04/11/2021,5017
Colorado,5763976,Weekly COVID-19 PCR Test Data From Clinical Laboratories,01/10/2021,Percent Change in Weekly Positivity,-0.21,04/11/2021,5018
Colorado,5763976,Weekly COVID-19 Antibody Test Data From Clinical Laboratories,01/10/2021,Antibody Tests Performed,17599,04/11/2021,5019
Colorado,5763976,Weekly COVID-19 Antibody Test Data From Clinical Laboratories,01/10/2021,Number of positive tests,3612,04/11/2021,5020
Colorado,5763976,Weekly COVID-19 Antibody Test Data From Clinical Laboratories,01/10/2021,Number of negative tests,13987,04/11/2021,5021
Colorado,5763976,Weekly COVID-19 Antibody Test Data From Clinical Laboratories,01/10/2021,Weekly Percent Positivity,0.205,04/11/2021,5022
Colorado,5763976,Weekly COVID-19 Antibody Test Data From Clinical Laboratories,01/10/2021,Cumulative Antibody Tests Performed,320114,04/11/2021,5023
Colorado,5763976,Weekly COVID-19 Antibody Test Data From Clinical Laboratories,01/10/2021,Percent Change in Weekly Positivity,-0.03,04/11/2021,5024
Colorado,5763976,Daily COVID-19 PCR Test Data From Clinical Laboratories,01/11/2021,Percent Positivity,0.06,04/11/2021,5025
Colorado,5763976,Daily COVID-19 PCR Test Data From Clinical Laboratories,01/11/2021,People Tested at CDPHE State Lab,1552,04/11/2021,5026
Colorado,5763976,Daily COVID-19 PCR Test Data From Clinical Laboratories,01/11/2021,People Tested at Non-CDPHE (Commerical) Labs,20604,04/11/2021,5027
Colorado,5763976,Daily COVID-19 PCR Test Data From Clinical Laboratories,01/11/2021,Cumulative People Tested at CDPHE State Lab,1001074,04/11/2021,5028
Colorado,5763976,Daily COVID-19 PCR Test Data From Clinical Laboratories,01/11/2021,Cumulative People Tested at Non-CDPHE (Commerical) Labs,3859597,04/11/2021,5029
Colorado,5763976,Daily COVID-19 PCR Test Data From Clinical Laboratories,01/11/2021,7-Day Average Percent Positivity,0.068,04/11/2021,5030
Colorado,5763976,Daily COVID-19 PCR Test Data From Clinical Laboratories,01/11/2021,3-Day Average Percent Positivity,0.065,04/11/2021,5031
Colorado,5763976,Daily COVID-19 Antibody Test Data From Clinical Laboratories,01/11/2021,Antibody Tests Performed,2687,04/11/2021,5032
Colorado,5763976,Daily COVID-19 Antibody Test Data From Clinical Laboratories,01/11/2021,Number of negative tests,2048,04/11/2021,5033
Colorado,5763976,Daily COVID-19 Antibody Test Data From Clinical Laboratories,01/11/2021,Number of positive tests,639,04/11/2021,5034
Colorado,5763976,Daily COVID-19 Antibody Test Data From Clinical Laboratories,01/11/2021,Total Tests per 100K People,46.617,04/11/2021,5035
Colorado,5763976,Daily COVID-19 Antibody Test Data From Clinical Laboratories,01/11/2021,Percent Positivity,0.238,04/11/2021,5036
Colorado,5763976,Daily COVID-19 Antibody Test Data From Clinical Laboratories,01/11/2021,7-Day Average Percent Positivity,0.211,04/11/2021,5037
Colorado,5763976,Daily COVID-19 Antibody Test Data From Clinical Laboratories,01/11/2021,3-Day Average Percent Positivity,0.222,04/11/2021,5038
Colorado,5763976,Daily COVID-19 Antibody Test Data From Clinical Laboratories,01/11/2021,Cumulative Antibody Tests Performed,306864,04/11/2021,5039
Colorado,5763976,Daily COVID-19 PCR Test Data From Clinical Laboratories,01/12/2021,Percent Positivity,0.065,04/11/2021,5040
Colorado,5763976,Daily COVID-19 PCR Test Data From Clinical Laboratories,01/12/2021,People Tested at CDPHE State Lab,6504,04/11/2021,5041
Colorado,5763976,Daily COVID-19 PCR Test Data From Clinical Laboratories,01/12/2021,People Tested at Non-CDPHE (Commerical) Labs,28307,04/11/2021,5042
Colorado,5763976,Daily COVID-19 PCR Test Data From Clinical Laboratories,01/12/2021,Cumulative People Tested at CDPHE State Lab,1007578,04/11/2021,5043
Colorado,5763976,Daily COVID-19 PCR Test Data From Clinical Laboratories,01/12/2021,Cumulative People Tested at Non-CDPHE (Commerical) Labs,3887904,04/11/2021,5044
Colorado,5763976,Daily COVID-19 PCR Test Data From Clinical Laboratories,01/12/2021,7-Day Average Percent Positivity,0.066,04/11/2021,5045
Colorado,5763976,Daily COVID-19 PCR Test Data From Clinical Laboratories,01/12/2021,3-Day Average Percent Positivity,0.063,04/11/2021,5046
Colorado,5763976,Daily COVID-19 Antibody Test Data From Clinical Laboratories,01/12/2021,Antibody Tests Performed,2785,04/11/2021,5047
Colorado,5763976,Daily COVID-19 Antibody Test Data From Clinical Laboratories,01/07/2021,Percent Positivity,0.199,04/11/2021,5048
Colorado,5763976,Daily COVID-19 Antibody Test Data From Clinical Laboratories,01/19/2021,Number of negative tests,1734,04/11/2021,5049
Colorado,5763976,Daily COVID-19 Antibody Test Data From Clinical Laboratories,01/13/2021,Number of positive tests,719,04/11/2021,5050
Colorado,5763976,Daily COVID-19 Antibody Test Data From Clinical Laboratories,01/12/2021,Number of negative tests,2160,04/11/2021,5051
Colorado,5763976,Daily COVID-19 Antibody Test Data From Clinical Laboratories,01/12/2021,Number of positive tests,625,04/11/2021,5052
Colorado,5763976,Daily COVID-19 Antibody Test Data From Clinical Laboratories,01/12/2021,Total Tests per 100K People,48.317,04/11/2021,5053
Colorado,5763976,Daily COVID-19 Antibody Test Data From Clinical Laboratories,01/12/2021,Percent Positivity,0.224,04/11/2021,5054
Colorado,5763976,Daily COVID-19 Antibody Test Data From Clinical Laboratories,01/12/2021,7-Day Average Percent Positivity,0.216,04/11/2021,5055
Colorado,5763976,Daily COVID-19 Antibody Test Data From Clinical Laboratories,01/12/2021,3-Day Average Percent Positivity,0.224,04/11/2021,5056
Colorado,5763976,Daily COVID-19 Antibody Test Data From Clinical Laboratories,01/12/2021,Cumulative Antibody Tests Performed,309649,04/11/2021,5057
Colorado,5763976,Daily COVID-19 PCR Test Data From Clinical Laboratories,01/13/2021,Percent Positivity,0.052,04/11/2021,5058
Colorado,5763976,Daily COVID-19 PCR Test Data From Clinical Laboratories,01/13/2021,People Tested at CDPHE State Lab,3469,04/11/2021,5059
Colorado,5763976,Daily COVID-19 PCR Test Data From Clinical Laboratories,01/13/2021,People Tested at Non-CDPHE (Commerical) Labs,37240,04/11/2021,5060
Colorado,5763976,Daily COVID-19 PCR Test Data From Clinical Laboratories,01/13/2021,Cumulative People Tested at CDPHE State Lab,1011047,04/11/2021,5061
Colorado,5763976,Daily COVID-19 PCR Test Data From Clinical Laboratories,01/13/2021,Cumulative People Tested at Non-CDPHE (Commerical) Labs,3925144,04/11/2021,5062
Colorado,5763976,Daily COVID-19 PCR Test Data From Clinical Laboratories,01/13/2021,7-Day Average Percent Positivity,0.064,04/11/2021,5063
Colorado,5763976,Daily COVID-19 Antibody Test Data From Clinical Laboratories,01/19/2021,Number of positive tests,441,04/11/2021,5064
Colorado,5763976,Daily COVID-19 Antibody Test Data From Clinical Laboratories,01/19/2021,Total Tests per 100K People,37.734,04/11/2021,5065
Colorado,5763976,Daily COVID-19 Antibody Test Data From Clinical Laboratories,01/19/2021,Percent Positivity,0.203,04/11/2021,5066
Colorado,5763976,Daily COVID-19 Antibody Test Data From Clinical Laboratories,01/19/2021,7-Day Average Percent Positivity,0.206,04/11/2021,5067
Colorado,5763976,Daily COVID-19 Antibody Test Data From Clinical Laboratories,01/19/2021,3-Day Average Percent Positivity,0.228,04/11/2021,5068
Colorado,5763976,Daily COVID-19 Antibody Test Data From Clinical Laboratories,01/19/2021,Cumulative Antibody Tests Performed,326774,04/11/2021,5069
Colorado,5763976,Daily COVID-19 PCR Test Data From Clinical Laboratories,01/20/2021,Percent Positivity,0.048,04/11/2021,5070
Colorado,5763976,Daily COVID-19 PCR Test Data From Clinical Laboratories,01/20/2021,People Tested at CDPHE State Lab,5585,04/11/2021,5071
Colorado,5763976,Daily COVID-19 PCR Test Data From Clinical Laboratories,01/20/2021,People Tested at Non-CDPHE (Commerical) Labs,37164,04/11/2021,5072
Colorado,5763976,Daily COVID-19 PCR Test Data From Clinical Laboratories,01/20/2021,Cumulative People Tested at CDPHE State Lab,1035352,04/11/2021,5073
Colorado,5763976,Daily COVID-19 PCR Test Data From Clinical Laboratories,01/20/2021,Cumulative People Tested at Non-CDPHE (Commerical) Labs,4131777,04/11/2021,5074
Colorado,5763976,Daily COVID-19 PCR Test Data From Clinical Laboratories,01/20/2021,7-Day Average Percent Positivity,0.052,04/11/2021,5075
Colorado,5763976,Daily COVID-19 PCR Test Data From Clinical Laboratories,01/20/2021,3-Day Average Percent Positivity,0.055,04/11/2021,5076
Colorado,5763976,Daily COVID-19 Antibody Test Data From Clinical Laboratories,01/20/2021,Antibody Tests Performed,2368,04/11/2021,5077
Colorado,5763976,Daily COVID-19 Antibody Test Data From Clinical Laboratories,01/20/2021,Number of negative tests,1778,04/11/2021,5078
Colorado,5763976,Daily COVID-19 Antibody Test Data From Clinical Laboratories,01/20/2021,Number of positive tests,590,04/11/2021,5079
Colorado,5763976,Daily COVID-19 Antibody Test Data From Clinical Laboratories,01/20/2021,Total Tests per 100K People,41.083,04/11/2021,5080
Colorado,5763976,Daily COVID-19 Antibody Test Data From Clinical Laboratories,01/20/2021,Percent Positivity,0.249,04/11/2021,5081
Colorado,5763976,Daily COVID-19 Antibody Test Data From Clinical Laboratories,01/20/2021,7-Day Average Percent Positivity,0.218,04/11/2021,5082
Colorado,5763976,Daily COVID-19 Antibody Test Data From Clinical Laboratories,01/20/2021,3-Day Average Percent Positivity,0.236,04/11/2021,5083
Colorado,5763976,Daily COVID-19 Antibody Test Data From Clinical Laboratories,01/20/2021,Cumulative Antibody Tests Performed,329142,04/11/2021,5084
Colorado,5763976,Daily COVID-19 PCR Test Data From Clinical Laboratories,01/21/2021,Percent Positivity,0.039,04/11/2021,5085
Colorado,5763976,Daily COVID-19 PCR Test Data From Clinical Laboratories,01/21/2021,People Tested at CDPHE State Lab,5985,04/11/2021,5086
Colorado,5763976,Daily COVID-19 PCR Test Data From Clinical Laboratories,01/21/2021,People Tested at Non-CDPHE (Commerical) Labs,40202,04/11/2021,5087
Colorado,5763976,Daily COVID-19 PCR Test Data From Clinical Laboratories,01/21/2021,Cumulative People Tested at CDPHE State Lab,1041337,04/11/2021,5088
Colorado,5763976,Daily COVID-19 PCR Test Data From Clinical Laboratories,01/21/2021,Cumulative People Tested at Non-CDPHE (Commerical) Labs,4171979,04/11/2021,5089
Colorado,5763976,Daily COVID-19 PCR Test Data From Clinical Laboratories,01/21/2021,7-Day Average Percent Positivity,0.05,04/11/2021,5090
Colorado,5763976,Daily COVID-19 PCR Test Data From Clinical Laboratories,01/21/2021,3-Day Average Percent Positivity,0.046,04/11/2021,5091
Colorado,5763976,Daily COVID-19 Antibody Test Data From Clinical Laboratories,01/21/2021,Antibody Tests Performed,2003,04/11/2021,5092
Colorado,5763976,Daily COVID-19 Antibody Test Data From Clinical Laboratories,01/21/2021,Number of negative tests,1518,04/11/2021,5093
Colorado,5763976,Daily COVID-19 Antibody Test Data From Clinical Laboratories,01/21/2021,Number of positive tests,485,04/11/2021,5094
Colorado,5763976,Daily COVID-19 Antibody Test Data From Clinical Laboratories,01/21/2021,Total Tests per 100K People,34.75,04/11/2021,5095
Colorado,5763976,Daily COVID-19 Antibody Test Data From Clinical Laboratories,01/21/2021,Percent Positivity,0.242,04/11/2021,5096
Colorado,5763976,Daily COVID-19 Antibody Test Data From Clinical Laboratories,01/21/2021,7-Day Average Percent Positivity,0.227,04/11/2021,5097
Colorado,5763976,Daily COVID-19 Antibody Test Data From Clinical Laboratories,01/21/2021,3-Day Average Percent Positivity,0.232,04/11/2021,5098
Colorado,5763976,Daily COVID-19 Antibody Test Data From Clinical Laboratories,01/21/2021,Cumulative Antibody Tests Performed,331145,04/11/2021,5099
Colorado,5763976,Daily COVID-19 PCR Test Data From Clinical Laboratories,01/22/2021,Percent Positivity,0.051,04/11/2021,5100
Colorado,5763976,Daily COVID-19 PCR Test Data From Clinical Laboratories,01/22/2021,People Tested at CDPHE State Lab,5921,04/11/2021,5101
Colorado,5763976,Daily COVID-19 PCR Test Data From Clinical Laboratories,01/22/2021,People Tested at Non-CDPHE (Commerical) Labs,28903,04/11/2021,5102
Colorado,5763976,Daily COVID-19 PCR Test Data From Clinical Laboratories,01/22/2021,Cumulative People Tested at CDPHE State Lab,1047258,04/11/2021,5103
Colorado,5763976,Daily COVID-19 PCR Test Data From Clinical Laboratories,01/22/2021,Cumulative People Tested at Non-CDPHE (Commerical) Labs,4200882,04/11/2021,5104
Colorado,5763976,Daily COVID-19 PCR Test Data From Clinical Laboratories,01/22/2021,7-Day Average Percent Positivity,0.049,04/11/2021,5105
Colorado,5763976,Daily COVID-19 PCR Test Data From Clinical Laboratories,01/22/2021,3-Day Average Percent Positivity,0.045,04/11/2021,5106
Colorado,5763976,Daily COVID-19 Antibody Test Data From Clinical Laboratories,01/22/2021,Antibody Tests Performed,3623,04/11/2021,5107
Colorado,5763976,Daily COVID-19 Antibody Test Data From Clinical Laboratories,01/22/2021,Number of negative tests,2938,04/11/2021,5108
Colorado,5763976,Daily COVID-19 Antibody Test Data From Clinical Laboratories,01/13/2021,Total Tests per 100K People,66.638,04/11/2021,5109
Colorado,5763976,Daily COVID-19 Antibody Test Data From Clinical Laboratories,01/07/2021,7-Day Average Percent Positivity,0.208,04/11/2021,5110
Colorado,5763976,Daily COVID-19 Antibody Test Data From Clinical Laboratories,01/07/2021,3-Day Average Percent Positivity,0.198,04/11/2021,5111
Colorado,5763976,Daily COVID-19 Antibody Test Data From Clinical Laboratories,01/07/2021,Cumulative Antibody Tests Performed,299510,04/11/2021,5112
Colorado,5763976,Daily COVID-19 PCR Test Data From Clinical Laboratories,01/08/2021,Percent Positivity,0.067,04/11/2021,5113
Colorado,5763976,Daily COVID-19 PCR Test Data From Clinical Laboratories,01/08/2021,People Tested at CDPHE State Lab,4826,04/11/2021,5114
Colorado,5763976,Daily COVID-19 PCR Test Data From Clinical Laboratories,01/08/2021,People Tested at Non-CDPHE (Commerical) Labs,40212,04/11/2021,5115
Colorado,5763976,Daily COVID-19 PCR Test Data From Clinical Laboratories,01/08/2021,Cumulative People Tested at CDPHE State Lab,997256,04/11/2021,5116
Colorado,5763976,Daily COVID-19 PCR Test Data From Clinical Laboratories,01/08/2021,Cumulative People Tested at Non-CDPHE (Commerical) Labs,3778610,04/11/2021,5117
Colorado,5763976,Daily COVID-19 PCR Test Data From Clinical Laboratories,01/08/2021,7-Day Average Percent Positivity,0.072,04/11/2021,5118
Colorado,5763976,Daily COVID-19 PCR Test Data From Clinical Laboratories,01/08/2021,3-Day Average Percent Positivity,0.068,04/11/2021,5119
Colorado,5763976,Daily COVID-19 Antibody Test Data From Clinical Laboratories,01/08/2021,Antibody Tests Performed,1315,04/11/2021,5120
Colorado,5763976,Daily COVID-19 Antibody Test Data From Clinical Laboratories,01/08/2021,Number of negative tests,995,04/11/2021,5121
Colorado,5763976,Daily COVID-19 Antibody Test Data From Clinical Laboratories,01/08/2021,Number of positive tests,320,04/11/2021,5122
Colorado,5763976,Daily COVID-19 Antibody Test Data From Clinical Laboratories,01/08/2021,Total Tests per 100K People,22.814,04/11/2021,5123
Colorado,5763976,Daily COVID-19 Antibody Test Data From Clinical Laboratories,01/08/2021,Percent Positivity,0.243,04/11/2021,5124
Colorado,5763976,Daily COVID-19 Antibody Test Data From Clinical Laboratories,01/08/2021,7-Day Average Percent Positivity,0.205,04/11/2021,5125
Colorado,5763976,Daily COVID-19 Antibody Test Data From Clinical Laboratories,01/08/2021,3-Day Average Percent Positivity,0.208,04/11/2021,5126
Colorado,5763976,Daily COVID-19 Antibody Test Data From Clinical Laboratories,01/08/2021,Cumulative Antibody Tests Performed,300825,04/11/2021,5127
Colorado,5763976,Daily COVID-19 PCR Test Data From Clinical Laboratories,01/09/2021,Percent Positivity,0.068,04/11/2021,5128
Colorado,5763976,Daily COVID-19 PCR Test Data From Clinical Laboratories,01/09/2021,People Tested at CDPHE State Lab,1546,04/11/2021,5129
Colorado,5763976,Daily COVID-19 PCR Test Data From Clinical Laboratories,01/09/2021,People Tested at Non-CDPHE (Commerical) Labs,33330,04/11/2021,5130
Colorado,5763976,Daily COVID-19 PCR Test Data From Clinical Laboratories,01/09/2021,Cumulative People Tested at CDPHE State Lab,998802,04/11/2021,5131
Colorado,5763976,Daily COVID-19 PCR Test Data From Clinical Laboratories,01/09/2021,Cumulative People Tested at Non-CDPHE (Commerical) Labs,3811940,04/11/2021,5132
Colorado,5763976,Daily COVID-19 PCR Test Data From Clinical Laboratories,01/09/2021,7-Day Average Percent Positivity,0.071,04/11/2021,5133
Colorado,5763976,Daily COVID-19 PCR Test Data From Clinical Laboratories,01/09/2021,3-Day Average Percent Positivity,0.069,04/11/2021,5134
Colorado,5763976,Daily COVID-19 Antibody Test Data From Clinical Laboratories,01/09/2021,Antibody Tests Performed,1690,04/11/2021,5135
Colorado,5763976,Daily COVID-19 Antibody Test Data From Clinical Laboratories,01/09/2021,Number of negative tests,1319,04/11/2021,5136
Colorado,5763976,Daily COVID-19 Antibody Test Data From Clinical Laboratories,01/09/2021,Number of positive tests,371,04/11/2021,5137
Colorado,5763976,Daily COVID-19 Antibody Test Data From Clinical Laboratories,01/09/2021,Total Tests per 100K People,29.32,04/11/2021,5138
Colorado,5763976,Daily COVID-19 Antibody Test Data From Clinical Laboratories,01/09/2021,Percent Positivity,0.22,04/11/2021,5139
Colorado,5763976,Daily COVID-19 Antibody Test Data From Clinical Laboratories,01/09/2021,7-Day Average Percent Positivity,0.207,04/11/2021,5140
Colorado,5763976,Daily COVID-19 Antibody Test Data From Clinical Laboratories,01/09/2021,3-Day Average Percent Positivity,0.215,04/11/2021,5141
Colorado,5763976,Daily COVID-19 Antibody Test Data From Clinical Laboratories,01/09/2021,Cumulative Antibody Tests Performed,302515,04/11/2021,5142
Colorado,5763976,Daily COVID-19 PCR Test Data From Clinical Laboratories,01/10/2021,Percent Positivity,0.064,04/11/2021,5143
Colorado,5763976,Daily COVID-19 PCR Test Data From Clinical Laboratories,01/10/2021,People Tested at CDPHE State Lab,720,04/11/2021,5144
Colorado,5763976,Daily COVID-19 PCR Test Data From Clinical Laboratories,01/10/2021,People Tested at Non-CDPHE (Commerical) Labs,27053,04/11/2021,5145
Colorado,5763976,Daily COVID-19 PCR Test Data From Clinical Laboratories,01/10/2021,Cumulative People Tested at CDPHE State Lab,999522,04/11/2021,5146
Colorado,5763976,Daily COVID-19 PCR Test Data From Clinical Laboratories,01/10/2021,Cumulative People Tested at Non-CDPHE (Commerical) Labs,3838993,04/11/2021,5147
Colorado,5763976,Daily COVID-19 PCR Test Data From Clinical Laboratories,01/10/2021,7-Day Average Percent Positivity,0.069,04/11/2021,5148
Colorado,5763976,Daily COVID-19 PCR Test Data From Clinical Laboratories,01/10/2021,3-Day Average Percent Positivity,0.066,04/11/2021,5149
Colorado,5763976,Daily COVID-19 Antibody Test Data From Clinical Laboratories,01/10/2021,Antibody Tests Performed,1662,04/11/2021,5150
Colorado,5763976,Daily COVID-19 Antibody Test Data From Clinical Laboratories,01/10/2021,Number of negative tests,1330,04/11/2021,5151
Colorado,5763976,Daily COVID-19 Antibody Test Data From Clinical Laboratories,01/10/2021,Number of positive tests,332,04/11/2021,5152
Colorado,5763976,Daily COVID-19 Antibody Test Data From Clinical Laboratories,01/10/2021,Total Tests per 100K People,28.834,04/11/2021,5153
Colorado,5763976,Daily COVID-19 Antibody Test Data From Clinical Laboratories,01/10/2021,Percent Positivity,0.2,04/11/2021,5154
Colorado,5763976,Daily COVID-19 Antibody Test Data From Clinical Laboratories,01/10/2021,7-Day Average Percent Positivity,0.208,04/11/2021,5155
Colorado,5763976,Daily COVID-19 Antibody Test Data From Clinical Laboratories,01/13/2021,Percent Positivity,0.187,04/11/2021,5156
Colorado,5763976,Daily COVID-19 Antibody Test Data From Clinical Laboratories,01/13/2021,7-Day Average Percent Positivity,0.212,04/11/2021,5157
Colorado,5763976,Daily COVID-19 Antibody Test Data From Clinical Laboratories,01/13/2021,3-Day Average Percent Positivity,0.213,04/11/2021,5158
Colorado,5763976,Daily COVID-19 Antibody Test Data From Clinical Laboratories,01/13/2021,Cumulative Antibody Tests Performed,313490,04/11/2021,5159
Colorado,5763976,Daily COVID-19 PCR Test Data From Clinical Laboratories,01/14/2021,Percent Positivity,0.051,04/11/2021,5160
Colorado,5763976,Daily COVID-19 PCR Test Data From Clinical Laboratories,01/14/2021,People Tested at CDPHE State Lab,5824,04/11/2021,5161
Colorado,5763976,Daily COVID-19 PCR Test Data From Clinical Laboratories,01/14/2021,People Tested at Non-CDPHE (Commerical) Labs,37405,04/11/2021,5162
Colorado,5763976,Daily COVID-19 PCR Test Data From Clinical Laboratories,01/14/2021,Cumulative People Tested at CDPHE State Lab,1016871,04/11/2021,5163
Colorado,5763976,Daily COVID-19 PCR Test Data From Clinical Laboratories,01/14/2021,Cumulative People Tested at Non-CDPHE (Commerical) Labs,3962549,04/11/2021,5164
Colorado,5763976,Daily COVID-19 PCR Test Data From Clinical Laboratories,01/14/2021,7-Day Average Percent Positivity,0.061,04/11/2021,5165
Colorado,5763976,Daily COVID-19 PCR Test Data From Clinical Laboratories,01/14/2021,3-Day Average Percent Positivity,0.056,04/11/2021,5166
Colorado,5763976,Daily COVID-19 Antibody Test Data From Clinical Laboratories,01/14/2021,Antibody Tests Performed,2852,04/11/2021,5167
Colorado,5763976,Daily COVID-19 Antibody Test Data From Clinical Laboratories,01/14/2021,Number of negative tests,2317,04/11/2021,5168
Colorado,5763976,Daily COVID-19 Antibody Test Data From Clinical Laboratories,01/14/2021,Number of positive tests,535,04/11/2021,5169
Colorado,5763976,Daily COVID-19 Antibody Test Data From Clinical Laboratories,01/14/2021,Total Tests per 100K People,49.48,04/11/2021,5170
Colorado,5763976,Daily COVID-19 Antibody Test Data From Clinical Laboratories,01/14/2021,Percent Positivity,0.188,04/11/2021,5171
Colorado,5763976,Daily COVID-19 Antibody Test Data From Clinical Laboratories,01/14/2021,7-Day Average Percent Positivity,0.21,04/11/2021,5172
Colorado,5763976,Daily COVID-19 Antibody Test Data From Clinical Laboratories,01/14/2021,3-Day Average Percent Positivity,0.198,04/11/2021,5173
Colorado,5763976,Daily COVID-19 Antibody Test Data From Clinical Laboratories,01/14/2021,Cumulative Antibody Tests Performed,316342,04/11/2021,5174
Colorado,5763976,Daily COVID-19 PCR Test Data From Clinical Laboratories,01/15/2021,Percent Positivity,0.056,04/11/2021,5175
Colorado,5763976,Daily COVID-19 PCR Test Data From Clinical Laboratories,01/15/2021,People Tested at CDPHE State Lab,5106,04/11/2021,5176
Colorado,5763976,Daily COVID-19 PCR Test Data From Clinical Laboratories,01/15/2021,People Tested at Non-CDPHE (Commerical) Labs,31916,04/11/2021,5177
Colorado,5763976,Daily COVID-19 PCR Test Data From Clinical Laboratories,01/15/2021,Cumulative People Tested at CDPHE State Lab,1021977,04/11/2021,5178
Colorado,5763976,Daily COVID-19 PCR Test Data From Clinical Laboratories,01/15/2021,Cumulative People Tested at Non-CDPHE (Commerical) Labs,3994465,04/11/2021,5179
Colorado,5763976,Daily COVID-19 PCR Test Data From Clinical Laboratories,01/15/2021,7-Day Average Percent Positivity,0.059,04/11/2021,5180
Colorado,5763976,Daily COVID-19 PCR Test Data From Clinical Laboratories,01/15/2021,3-Day Average Percent Positivity,0.053,04/11/2021,5181
Colorado,5763976,Daily COVID-19 Antibody Test Data From Clinical Laboratories,01/15/2021,Antibody Tests Performed,2421,04/11/2021,5182
Colorado,5763976,Daily COVID-19 Antibody Test Data From Clinical Laboratories,01/15/2021,Number of negative tests,1942,04/11/2021,5183
Colorado,5763976,Daily COVID-19 Antibody Test Data From Clinical Laboratories,01/15/2021,Number of positive tests,479,04/11/2021,5184
Colorado,5763976,Daily COVID-19 Antibody Test Data From Clinical Laboratories,01/15/2021,Total Tests per 100K People,42.002,04/11/2021,5185
Colorado,5763976,Daily COVID-19 Antibody Test Data From Clinical Laboratories,01/15/2021,Percent Positivity,0.198,04/11/2021,5186
Colorado,5763976,Daily COVID-19 Antibody Test Data From Clinical Laboratories,01/15/2021,7-Day Average Percent Positivity,0.206,04/11/2021,5187
Colorado,5763976,Daily COVID-19 Antibody Test Data From Clinical Laboratories,01/15/2021,3-Day Average Percent Positivity,0.19,04/11/2021,5188
Colorado,5763976,Daily COVID-19 Antibody Test Data From Clinical Laboratories,01/15/2021,Cumulative Antibody Tests Performed,318763,04/11/2021,5189
Colorado,5763976,Daily COVID-19 PCR Test Data From Clinical Laboratories,01/16/2021,Percent Positivity,0.051,04/11/2021,5190
Colorado,5763976,Daily COVID-19 PCR Test Data From Clinical Laboratories,01/16/2021,People Tested at CDPHE State Lab,2302,04/11/2021,5191
Colorado,5763976,Daily COVID-19 PCR Test Data From Clinical Laboratories,01/16/2021,People Tested at Non-CDPHE (Commerical) Labs,33033,04/11/2021,5192
Colorado,5763976,Daily COVID-19 PCR Test Data From Clinical Laboratories,01/16/2021,Cumulative People Tested at CDPHE State Lab,1024279,04/11/2021,5193
Colorado,5763976,Daily COVID-19 PCR Test Data From Clinical Laboratories,01/16/2021,Cumulative People Tested at Non-CDPHE (Commerical) Labs,4027498,04/11/2021,5194
Colorado,5763976,Daily COVID-19 PCR Test Data From Clinical Laboratories,01/16/2021,7-Day Average Percent Positivity,0.056,04/11/2021,5195
Colorado,5763976,Daily COVID-19 PCR Test Data From Clinical Laboratories,01/16/2021,3-Day Average Percent Positivity,0.053,04/11/2021,5196
Colorado,5763976,Daily COVID-19 Antibody Test Data From Clinical Laboratories,01/16/2021,Antibody Tests Performed,1351,04/11/2021,5197
Colorado,5763976,Daily COVID-19 Antibody Test Data From Clinical Laboratories,01/16/2021,Number of negative tests,1068,04/11/2021,5198
Colorado,5763976,Daily COVID-19 Antibody Test Data From Clinical Laboratories,01/16/2021,Number of positive tests,283,04/11/2021,5199
Colorado,5763976,Daily COVID-19 Antibody Test Data From Clinical Laboratories,01/16/2021,Total Tests per 100K People,23.439,04/11/2021,5200
Colorado,5763976,Daily COVID-19 PCR Test Data From Clinical Laboratories,02/09/2021,Cumulative People Tested at CDPHE State Lab,1154715,04/11/2021,5201
Colorado,5763976,Daily COVID-19 PCR Test Data From Clinical Laboratories,02/09/2021,Cumulative People Tested at Non-CDPHE (Commerical) Labs,4570434,04/11/2021,5202
Colorado,5763976,Daily COVID-19 PCR Test Data From Clinical Laboratories,02/09/2021,7-Day Average Percent Positivity,0.041,04/11/2021,5203
Colorado,5763976,Daily COVID-19 PCR Test Data From Clinical Laboratories,02/09/2021,3-Day Average Percent Positivity,0.041,04/11/2021,5204
Colorado,5763976,Daily COVID-19 Antibody Test Data From Clinical Laboratories,02/09/2021,Antibody Tests Performed,2537,04/11/2021,5205
Colorado,5763976,Daily COVID-19 Antibody Test Data From Clinical Laboratories,02/09/2021,Number of negative tests,2086,04/11/2021,5206
Colorado,5763976,Daily COVID-19 Antibody Test Data From Clinical Laboratories,02/09/2021,Number of positive tests,451,04/11/2021,5207
Colorado,5763976,Daily COVID-19 Antibody Test Data From Clinical Laboratories,02/09/2021,Total Tests per 100K People,44.015,04/11/2021,5208
Colorado,5763976,Daily COVID-19 Antibody Test Data From Clinical Laboratories,02/09/2021,Percent Positivity,0.178,04/11/2021,5209
Colorado,5763976,Daily COVID-19 Antibody Test Data From Clinical Laboratories,02/09/2021,7-Day Average Percent Positivity,0.195,04/11/2021,5210
Colorado,5763976,Daily COVID-19 Antibody Test Data From Clinical Laboratories,02/09/2021,3-Day Average Percent Positivity,0.19,04/11/2021,5211
Colorado,5763976,Daily COVID-19 Antibody Test Data From Clinical Laboratories,02/09/2021,Cumulative Antibody Tests Performed,377216,04/11/2021,5212
Colorado,5763976,Daily COVID-19 PCR Test Data From Clinical Laboratories,02/10/2021,Percent Positivity,0.037,04/11/2021,5213
Colorado,5763976,Daily COVID-19 PCR Test Data From Clinical Laboratories,02/10/2021,People Tested at CDPHE State Lab,10062,04/11/2021,5214
Colorado,5763976,Daily COVID-19 PCR Test Data From Clinical Laboratories,02/10/2021,People Tested at Non-CDPHE (Commerical) Labs,31570,04/11/2021,5215
Colorado,5763976,Daily COVID-19 PCR Test Data From Clinical Laboratories,02/10/2021,Cumulative People Tested at CDPHE State Lab,1164777,04/11/2021,5216
Colorado,5763976,Daily COVID-19 PCR Test Data From Clinical Laboratories,02/10/2021,Cumulative People Tested at Non-CDPHE (Commerical) Labs,4602004,04/11/2021,5217
Colorado,5763976,Daily COVID-19 PCR Test Data From Clinical Laboratories,02/10/2021,7-Day Average Percent Positivity,0.041,04/11/2021,5218
Colorado,5763976,Daily COVID-19 Antibody Test Data From Clinical Laboratories,01/31/2021,7-Day Average Percent Positivity,0.206,04/11/2021,5219
Colorado,5763976,Daily COVID-19 PCR Test Data From Clinical Laboratories,02/10/2021,3-Day Average Percent Positivity,0.038,04/11/2021,5220
Colorado,5763976,Daily COVID-19 Antibody Test Data From Clinical Laboratories,02/10/2021,Antibody Tests Performed,2335,04/11/2021,5221
Colorado,5763976,Daily COVID-19 Antibody Test Data From Clinical Laboratories,02/10/2021,Number of negative tests,1636,04/11/2021,5222
Colorado,5763976,Daily COVID-19 Antibody Test Data From Clinical Laboratories,02/10/2021,Number of positive tests,699,04/11/2021,5223
Colorado,5763976,Daily COVID-19 Antibody Test Data From Clinical Laboratories,02/10/2021,Total Tests per 100K People,40.51,04/11/2021,5224
Colorado,5763976,Daily COVID-19 Antibody Test Data From Clinical Laboratories,02/10/2021,Percent Positivity,0.299,04/11/2021,5225
Colorado,5763976,Daily COVID-19 Antibody Test Data From Clinical Laboratories,02/10/2021,7-Day Average Percent Positivity,0.209,04/11/2021,5226
Colorado,5763976,Daily COVID-19 Antibody Test Data From Clinical Laboratories,02/10/2021,3-Day Average Percent Positivity,0.218,04/11/2021,5227
Colorado,5763976,Daily COVID-19 Antibody Test Data From Clinical Laboratories,02/10/2021,Cumulative Antibody Tests Performed,379551,04/11/2021,5228
Colorado,5763976,Daily COVID-19 PCR Test Data From Clinical Laboratories,02/11/2021,Percent Positivity,0.036,04/11/2021,5229
Colorado,5763976,Daily COVID-19 PCR Test Data From Clinical Laboratories,02/11/2021,People Tested at CDPHE State Lab,10438,04/11/2021,5230
Colorado,5763976,Daily COVID-19 PCR Test Data From Clinical Laboratories,02/11/2021,People Tested at Non-CDPHE (Commerical) Labs,29432,04/11/2021,5231
Colorado,5763976,Daily COVID-19 PCR Test Data From Clinical Laboratories,02/11/2021,Cumulative People Tested at CDPHE State Lab,1175215,04/11/2021,5232
Colorado,5763976,Daily COVID-19 PCR Test Data From Clinical Laboratories,02/11/2021,Cumulative People Tested at Non-CDPHE (Commerical) Labs,4631436,04/11/2021,5233
Colorado,5763976,Daily COVID-19 PCR Test Data From Clinical Laboratories,02/11/2021,7-Day Average Percent Positivity,0.039,04/11/2021,5234
Colorado,5763976,Daily COVID-19 PCR Test Data From Clinical Laboratories,02/11/2021,3-Day Average Percent Positivity,0.036,04/11/2021,5235
Colorado,5763976,Daily COVID-19 Antibody Test Data From Clinical Laboratories,02/11/2021,Antibody Tests Performed,3346,04/11/2021,5236
Colorado,5763976,Daily COVID-19 Antibody Test Data From Clinical Laboratories,02/11/2021,Number of negative tests,2521,04/11/2021,5237
Colorado,5763976,Daily COVID-19 Antibody Test Data From Clinical Laboratories,02/11/2021,Number of positive tests,825,04/11/2021,5238
Colorado,5763976,Daily COVID-19 Antibody Test Data From Clinical Laboratories,02/11/2021,Total Tests per 100K People,58.05,04/11/2021,5239
Colorado,5763976,Daily COVID-19 Antibody Test Data From Clinical Laboratories,02/11/2021,Percent Positivity,0.247,04/11/2021,5240
Colorado,5763976,Daily COVID-19 Antibody Test Data From Clinical Laboratories,02/11/2021,7-Day Average Percent Positivity,0.218,04/11/2021,5241
Colorado,5763976,Daily COVID-19 Antibody Test Data From Clinical Laboratories,02/11/2021,3-Day Average Percent Positivity,0.24,04/11/2021,5242
Colorado,5763976,Daily COVID-19 Antibody Test Data From Clinical Laboratories,02/11/2021,Cumulative Antibody Tests Performed,382897,04/11/2021,5243
Colorado,5763976,Daily COVID-19 PCR Test Data From Clinical Laboratories,02/12/2021,Percent Positivity,0.034,04/11/2021,5244
Colorado,5763976,Daily COVID-19 PCR Test Data From Clinical Laboratories,02/12/2021,People Tested at CDPHE State Lab,8696,04/11/2021,5245
Colorado,5763976,Daily COVID-19 PCR Test Data From Clinical Laboratories,02/12/2021,People Tested at Non-CDPHE (Commerical) Labs,22647,04/11/2021,5246
Colorado,5763976,Daily COVID-19 PCR Test Data From Clinical Laboratories,02/12/2021,Cumulative People Tested at CDPHE State Lab,1183911,04/11/2021,5247
Colorado,5763976,Daily COVID-19 PCR Test Data From Clinical Laboratories,02/03/2021,7-Day Average Percent Positivity,0.044,04/11/2021,5248
Colorado,5763976,Daily COVID-19 Antibody Test Data From Clinical Laboratories,02/12/2021,Number of negative tests,2143,04/11/2021,5249
Colorado,5763976,Daily COVID-19 PCR Test Data From Clinical Laboratories,02/15/2021,People Tested at CDPHE State Lab,1598,04/11/2021,5250
Colorado,5763976,Daily COVID-19 PCR Test Data From Clinical Laboratories,02/18/2021,3-Day Average Percent Positivity,0.035,04/11/2021,5251
Colorado,5763976,Daily COVID-19 PCR Test Data From Clinical Laboratories,02/12/2021,Cumulative People Tested at Non-CDPHE (Commerical) Labs,4654083,04/11/2021,5252
Colorado,5763976,Daily COVID-19 PCR Test Data From Clinical Laboratories,02/12/2021,7-Day Average Percent Positivity,0.038,04/11/2021,5253
Colorado,5763976,Daily COVID-19 PCR Test Data From Clinical Laboratories,02/12/2021,3-Day Average Percent Positivity,0.036,04/11/2021,5254
Colorado,5763976,Daily COVID-19 Antibody Test Data From Clinical Laboratories,02/12/2021,Antibody Tests Performed,2785,04/11/2021,5255
Colorado,5763976,Daily COVID-19 Antibody Test Data From Clinical Laboratories,02/21/2021,Percent Positivity,0.187,04/11/2021,5256
Colorado,5763976,Daily COVID-19 Antibody Test Data From Clinical Laboratories,02/06/2021,Total Tests per 100K People,38.741,04/11/2021,5257
Colorado,5763976,Daily COVID-19 PCR Test Data From Clinical Laboratories,02/03/2021,3-Day Average Percent Positivity,0.041,04/11/2021,5258
Colorado,5763976,Daily COVID-19 Antibody Test Data From Clinical Laboratories,02/03/2021,Antibody Tests Performed,3531,04/11/2021,5259
Colorado,5763976,Daily COVID-19 Antibody Test Data From Clinical Laboratories,02/03/2021,Number of negative tests,2854,04/11/2021,5260
Colorado,5763976,Daily COVID-19 Antibody Test Data From Clinical Laboratories,02/03/2021,Number of positive tests,677,04/11/2021,5261
Colorado,5763976,Daily COVID-19 Antibody Test Data From Clinical Laboratories,02/03/2021,Total Tests per 100K People,61.26,04/11/2021,5262
Colorado,5763976,Daily COVID-19 Antibody Test Data From Clinical Laboratories,02/03/2021,Percent Positivity,0.192,04/11/2021,5263
Colorado,5763976,Daily COVID-19 Antibody Test Data From Clinical Laboratories,02/03/2021,7-Day Average Percent Positivity,0.202,04/11/2021,5264
Colorado,5763976,Daily COVID-19 Antibody Test Data From Clinical Laboratories,02/03/2021,3-Day Average Percent Positivity,0.189,04/11/2021,5265
Colorado,5763976,Daily COVID-19 Antibody Test Data From Clinical Laboratories,02/03/2021,Cumulative Antibody Tests Performed,361812,04/11/2021,5266
Colorado,5763976,Daily COVID-19 PCR Test Data From Clinical Laboratories,02/04/2021,Percent Positivity,0.044,04/11/2021,5267
Colorado,5763976,Daily COVID-19 PCR Test Data From Clinical Laboratories,02/04/2021,People Tested at CDPHE State Lab,10159,04/11/2021,5268
Colorado,5763976,Daily COVID-19 PCR Test Data From Clinical Laboratories,02/04/2021,People Tested at Non-CDPHE (Commerical) Labs,32854,04/11/2021,5269
Colorado,5763976,Daily COVID-19 PCR Test Data From Clinical Laboratories,02/04/2021,Cumulative People Tested at CDPHE State Lab,1128746,04/11/2021,5270
Colorado,5763976,Daily COVID-19 PCR Test Data From Clinical Laboratories,02/04/2021,Cumulative People Tested at Non-CDPHE (Commerical) Labs,4478056,04/11/2021,5271
Colorado,5763976,Daily COVID-19 PCR Test Data From Clinical Laboratories,02/04/2021,7-Day Average Percent Positivity,0.044,04/11/2021,5272
Colorado,5763976,Daily COVID-19 PCR Test Data From Clinical Laboratories,02/04/2021,3-Day Average Percent Positivity,0.04,04/11/2021,5273
Colorado,5763976,Daily COVID-19 Antibody Test Data From Clinical Laboratories,02/04/2021,Antibody Tests Performed,2762,04/11/2021,5274
Colorado,5763976,Daily COVID-19 Antibody Test Data From Clinical Laboratories,02/04/2021,Number of negative tests,2225,04/11/2021,5275
Colorado,5763976,Daily COVID-19 Antibody Test Data From Clinical Laboratories,02/04/2021,Number of positive tests,537,04/11/2021,5276
Colorado,5763976,Daily COVID-19 Antibody Test Data From Clinical Laboratories,02/04/2021,Total Tests per 100K People,47.918,04/11/2021,5277
Colorado,5763976,Daily COVID-19 Antibody Test Data From Clinical Laboratories,02/04/2021,Percent Positivity,0.194,04/11/2021,5278
Colorado,5763976,Daily COVID-19 Antibody Test Data From Clinical Laboratories,02/04/2021,7-Day Average Percent Positivity,0.201,04/11/2021,5279
Colorado,5763976,Daily COVID-19 Antibody Test Data From Clinical Laboratories,02/04/2021,3-Day Average Percent Positivity,0.197,04/11/2021,5280
Colorado,5763976,Daily COVID-19 Antibody Test Data From Clinical Laboratories,02/04/2021,Cumulative Antibody Tests Performed,364574,04/11/2021,5281
Colorado,5763976,Daily COVID-19 PCR Test Data From Clinical Laboratories,02/05/2021,Percent Positivity,0.04,04/11/2021,5282
Colorado,5763976,Daily COVID-19 PCR Test Data From Clinical Laboratories,02/05/2021,People Tested at CDPHE State Lab,6432,04/11/2021,5283
Colorado,5763976,Daily COVID-19 PCR Test Data From Clinical Laboratories,02/05/2021,People Tested at Non-CDPHE (Commerical) Labs,25431,04/11/2021,5284
Colorado,5763976,Daily COVID-19 PCR Test Data From Clinical Laboratories,02/05/2021,Cumulative People Tested at CDPHE State Lab,1135178,04/11/2021,5285
Colorado,5763976,Daily COVID-19 PCR Test Data From Clinical Laboratories,02/05/2021,Cumulative People Tested at Non-CDPHE (Commerical) Labs,4503487,04/11/2021,5286
Colorado,5763976,Daily COVID-19 PCR Test Data From Clinical Laboratories,02/05/2021,7-Day Average Percent Positivity,0.043,04/11/2021,5287
Colorado,5763976,Daily COVID-19 PCR Test Data From Clinical Laboratories,02/05/2021,3-Day Average Percent Positivity,0.041,04/11/2021,5288
Colorado,5763976,Daily COVID-19 Antibody Test Data From Clinical Laboratories,02/05/2021,Antibody Tests Performed,3015,04/11/2021,5289
Colorado,5763976,Daily COVID-19 Antibody Test Data From Clinical Laboratories,02/05/2021,Number of negative tests,2427,04/11/2021,5290
Colorado,5763976,Daily COVID-19 Antibody Test Data From Clinical Laboratories,02/05/2021,Number of positive tests,588,04/11/2021,5291
Colorado,5763976,Daily COVID-19 Antibody Test Data From Clinical Laboratories,02/05/2021,Total Tests per 100K People,52.308,04/11/2021,5292
Colorado,5763976,Daily COVID-19 Antibody Test Data From Clinical Laboratories,02/05/2021,Percent Positivity,0.195,04/11/2021,5293
Colorado,5763976,Daily COVID-19 Antibody Test Data From Clinical Laboratories,02/05/2021,7-Day Average Percent Positivity,0.195,04/11/2021,5294
Colorado,5763976,Daily COVID-19 Antibody Test Data From Clinical Laboratories,02/05/2021,3-Day Average Percent Positivity,0.194,04/11/2021,5295
Colorado,5763976,Daily COVID-19 Antibody Test Data From Clinical Laboratories,02/05/2021,Cumulative Antibody Tests Performed,367589,04/11/2021,5296
Colorado,5763976,Daily COVID-19 PCR Test Data From Clinical Laboratories,02/06/2021,Percent Positivity,0.043,04/11/2021,5297
Colorado,5763976,Daily COVID-19 PCR Test Data From Clinical Laboratories,02/06/2021,People Tested at CDPHE State Lab,5865,04/11/2021,5298
Colorado,5763976,Daily COVID-19 PCR Test Data From Clinical Laboratories,02/06/2021,People Tested at Non-CDPHE (Commerical) Labs,20209,04/11/2021,5299
Colorado,5763976,Daily COVID-19 PCR Test Data From Clinical Laboratories,02/06/2021,Cumulative People Tested at CDPHE State Lab,1141043,04/11/2021,5300
Colorado,5763976,Daily COVID-19 PCR Test Data From Clinical Laboratories,02/06/2021,Cumulative People Tested at Non-CDPHE (Commerical) Labs,4523696,04/11/2021,5301
Colorado,5763976,Daily COVID-19 PCR Test Data From Clinical Laboratories,02/06/2021,7-Day Average Percent Positivity,0.043,04/11/2021,5302
Colorado,5763976,Daily COVID-19 PCR Test Data From Clinical Laboratories,02/06/2021,3-Day Average Percent Positivity,0.042,04/11/2021,5303
Colorado,5763976,Daily COVID-19 Antibody Test Data From Clinical Laboratories,02/06/2021,Antibody Tests Performed,2233,04/11/2021,5304
Colorado,5763976,Daily COVID-19 Antibody Test Data From Clinical Laboratories,02/06/2021,Number of negative tests,1754,04/11/2021,5305
Colorado,5763976,Daily COVID-19 Antibody Test Data From Clinical Laboratories,02/06/2021,Number of positive tests,479,04/11/2021,5306
Colorado,5763976,Daily COVID-19 Antibody Test Data From Clinical Laboratories,01/31/2021,3-Day Average Percent Positivity,0.219,04/11/2021,5307
Colorado,5763976,Daily COVID-19 Antibody Test Data From Clinical Laboratories,02/18/2021,Antibody Tests Performed,2948,04/11/2021,5308
Colorado,5763976,Daily COVID-19 PCR Test Data From Clinical Laboratories,02/15/2021,People Tested at Non-CDPHE (Commerical) Labs,7306,04/11/2021,5309
Colorado,5763976,Daily COVID-19 Antibody Test Data From Clinical Laboratories,02/12/2021,Number of positive tests,642,04/11/2021,5310
Colorado,5763976,Daily COVID-19 Antibody Test Data From Clinical Laboratories,02/21/2021,7-Day Average Percent Positivity,0.2,04/11/2021,5311
Colorado,5763976,Daily COVID-19 Antibody Test Data From Clinical Laboratories,02/06/2021,Percent Positivity,0.214,04/11/2021,5312
Colorado,5763976,Daily COVID-19 Antibody Test Data From Clinical Laboratories,02/06/2021,7-Day Average Percent Positivity,0.194,04/11/2021,5313
Colorado,5763976,Daily COVID-19 Antibody Test Data From Clinical Laboratories,02/06/2021,3-Day Average Percent Positivity,0.2,04/11/2021,5314
Colorado,5763976,Daily COVID-19 Antibody Test Data From Clinical Laboratories,02/06/2021,Cumulative Antibody Tests Performed,369822,04/11/2021,5315
Colorado,5763976,Daily COVID-19 PCR Test Data From Clinical Laboratories,02/07/2021,Percent Positivity,0.046,04/11/2021,5316
Colorado,5763976,Daily COVID-19 PCR Test Data From Clinical Laboratories,02/07/2021,People Tested at CDPHE State Lab,3856,04/11/2021,5317
Colorado,5763976,Daily COVID-19 PCR Test Data From Clinical Laboratories,02/07/2021,People Tested at Non-CDPHE (Commerical) Labs,12473,04/11/2021,5318
Colorado,5763976,Daily COVID-19 PCR Test Data From Clinical Laboratories,02/07/2021,Cumulative People Tested at CDPHE State Lab,1144899,04/11/2021,5319
Colorado,5763976,Daily COVID-19 PCR Test Data From Clinical Laboratories,02/07/2021,Cumulative People Tested at Non-CDPHE (Commerical) Labs,4536169,04/11/2021,5320
Colorado,5763976,Daily COVID-19 PCR Test Data From Clinical Laboratories,02/07/2021,7-Day Average Percent Positivity,0.042,04/11/2021,5321
Colorado,5763976,Daily COVID-19 PCR Test Data From Clinical Laboratories,02/07/2021,3-Day Average Percent Positivity,0.042,04/11/2021,5322
Colorado,5763976,Daily COVID-19 Antibody Test Data From Clinical Laboratories,02/07/2021,Antibody Tests Performed,2528,04/11/2021,5323
Colorado,5763976,Daily COVID-19 Antibody Test Data From Clinical Laboratories,02/07/2021,Number of negative tests,1994,04/11/2021,5324
Colorado,5763976,Daily COVID-19 Antibody Test Data From Clinical Laboratories,02/07/2021,Number of positive tests,534,04/11/2021,5325
Colorado,5763976,Daily COVID-19 Antibody Test Data From Clinical Laboratories,02/07/2021,Total Tests per 100K People,43.859,04/11/2021,5326
Colorado,5763976,Daily COVID-19 Antibody Test Data From Clinical Laboratories,02/07/2021,Percent Positivity,0.211,04/11/2021,5327
Colorado,5763976,Daily COVID-19 Antibody Test Data From Clinical Laboratories,02/07/2021,7-Day Average Percent Positivity,0.197,04/11/2021,5328
Colorado,5763976,Daily COVID-19 Antibody Test Data From Clinical Laboratories,02/07/2021,3-Day Average Percent Positivity,0.206,04/11/2021,5329
Colorado,5763976,Daily COVID-19 Antibody Test Data From Clinical Laboratories,02/07/2021,Cumulative Antibody Tests Performed,372350,04/11/2021,5330
Colorado,5763976,Weekly COVID-19 PCR Test Data From Clinical Laboratories,02/07/2021,People Tested at CDPHE State Lab,48681,04/11/2021,5331
Colorado,5763976,Weekly COVID-19 PCR Test Data From Clinical Laboratories,02/07/2021,People Tested at Non-CDPHE (Commerical) Labs,146933,04/11/2021,5332
Colorado,5763976,Weekly COVID-19 PCR Test Data From Clinical Laboratories,02/07/2021,Weekly Percent Positivity,0.037,04/11/2021,5333
Colorado,5763976,Weekly COVID-19 PCR Test Data From Clinical Laboratories,02/07/2021,Cumulative People Tested at CDPHE State Lab,1189724,04/11/2021,5334
Colorado,5763976,Weekly COVID-19 PCR Test Data From Clinical Laboratories,02/07/2021,Cumulative People Tested at Non-CDPHE (Commerical) Labs,4670629,04/11/2021,5335
Colorado,5763976,Weekly COVID-19 PCR Test Data From Clinical Laboratories,02/07/2021,Percent Change in Weekly Positivity,-0.13,04/11/2021,5336
Colorado,5763976,Weekly COVID-19 Antibody Test Data From Clinical Laboratories,02/07/2021,Antibody Tests Performed,17665,04/11/2021,5337
Colorado,5763976,Weekly COVID-19 Antibody Test Data From Clinical Laboratories,02/07/2021,Number of positive tests,3854,04/11/2021,5338
Colorado,5763976,Weekly COVID-19 Antibody Test Data From Clinical Laboratories,02/07/2021,Number of negative tests,13811,04/11/2021,5339
Colorado,5763976,Weekly COVID-19 Antibody Test Data From Clinical Laboratories,02/07/2021,Weekly Percent Positivity,0.218,04/11/2021,5340
Colorado,5763976,Weekly COVID-19 Antibody Test Data From Clinical Laboratories,02/07/2021,Cumulative Antibody Tests Performed,387487,04/11/2021,5341
Colorado,5763976,Daily COVID-19 Antibody Test Data From Clinical Laboratories,02/18/2021,Number of negative tests,2315,04/11/2021,5342
Colorado,5763976,Daily COVID-19 Antibody Test Data From Clinical Laboratories,01/31/2021,Cumulative Antibody Tests Performed,354459,04/11/2021,5343
Colorado,5763976,Daily COVID-19 PCR Test Data From Clinical Laboratories,02/15/2021,Cumulative People Tested at CDPHE State Lab,1192544,04/11/2021,5344
Colorado,5763976,Daily COVID-19 Antibody Test Data From Clinical Laboratories,02/12/2021,Total Tests per 100K People,48.317,04/11/2021,5345
Colorado,5763976,Daily COVID-19 Antibody Test Data From Clinical Laboratories,02/21/2021,3-Day Average Percent Positivity,0.202,04/11/2021,5346
Colorado,5763976,Weekly COVID-19 Antibody Test Data From Clinical Laboratories,02/07/2021,Percent Change in Weekly Positivity,0.13,04/11/2021,5347
Colorado,5763976,Daily COVID-19 PCR Test Data From Clinical Laboratories,02/08/2021,Percent Positivity,0.051,04/11/2021,5348
Colorado,5763976,Daily COVID-19 PCR Test Data From Clinical Laboratories,02/08/2021,People Tested at CDPHE State Lab,1154,04/11/2021,5349
Colorado,5763976,Daily COVID-19 PCR Test Data From Clinical Laboratories,02/08/2021,People Tested at Non-CDPHE (Commerical) Labs,12118,04/11/2021,5350
Colorado,5763976,Daily COVID-19 PCR Test Data From Clinical Laboratories,02/08/2021,Cumulative People Tested at CDPHE State Lab,1146053,04/11/2021,5351
Colorado,5763976,Daily COVID-19 PCR Test Data From Clinical Laboratories,02/08/2021,Cumulative People Tested at Non-CDPHE (Commerical) Labs,4548287,04/11/2021,5352
Colorado,5763976,Daily COVID-19 PCR Test Data From Clinical Laboratories,02/08/2021,7-Day Average Percent Positivity,0.042,04/11/2021,5353
Colorado,5763976,Daily COVID-19 PCR Test Data From Clinical Laboratories,02/08/2021,3-Day Average Percent Positivity,0.046,04/11/2021,5354
Colorado,5763976,Daily COVID-19 Antibody Test Data From Clinical Laboratories,02/08/2021,Antibody Tests Performed,2329,04/11/2021,5355
Colorado,5763976,Daily COVID-19 Antibody Test Data From Clinical Laboratories,02/08/2021,Number of negative tests,1912,04/11/2021,5356
Colorado,5763976,Daily COVID-19 Antibody Test Data From Clinical Laboratories,02/08/2021,Number of positive tests,417,04/11/2021,5357
Colorado,5763976,Daily COVID-19 Antibody Test Data From Clinical Laboratories,02/08/2021,Total Tests per 100K People,40.406,04/11/2021,5358
Colorado,5763976,Daily COVID-19 Antibody Test Data From Clinical Laboratories,02/08/2021,Percent Positivity,0.179,04/11/2021,5359
Colorado,5763976,Daily COVID-19 Antibody Test Data From Clinical Laboratories,02/08/2021,7-Day Average Percent Positivity,0.199,04/11/2021,5360
Colorado,5763976,Daily COVID-19 Antibody Test Data From Clinical Laboratories,02/08/2021,3-Day Average Percent Positivity,0.202,04/11/2021,5361
Colorado,5763976,Daily COVID-19 Antibody Test Data From Clinical Laboratories,02/08/2021,Cumulative Antibody Tests Performed,374679,04/11/2021,5362
Colorado,5763976,Daily COVID-19 PCR Test Data From Clinical Laboratories,02/09/2021,Percent Positivity,0.034,04/11/2021,5363
Colorado,5763976,Daily COVID-19 PCR Test Data From Clinical Laboratories,02/09/2021,People Tested at CDPHE State Lab,8662,04/11/2021,5364
Colorado,5763976,Daily COVID-19 PCR Test Data From Clinical Laboratories,02/09/2021,People Tested at Non-CDPHE (Commerical) Labs,22147,04/11/2021,5365
Colorado,5763976,Weekly COVID-19 PCR Test Data From Clinical Laboratories,01/31/2021,People Tested at CDPHE State Lab,45821,04/11/2021,5366
Colorado,5763976,Weekly COVID-19 PCR Test Data From Clinical Laboratories,01/31/2021,People Tested at Non-CDPHE (Commerical) Labs,152962,04/11/2021,5367
Colorado,5763976,Weekly COVID-19 PCR Test Data From Clinical Laboratories,01/31/2021,Weekly Percent Positivity,0.043,04/11/2021,5368
Colorado,5763976,Weekly COVID-19 PCR Test Data From Clinical Laboratories,01/31/2021,Cumulative People Tested at CDPHE State Lab,1141043,04/11/2021,5369
Colorado,5763976,Weekly COVID-19 PCR Test Data From Clinical Laboratories,01/31/2021,Cumulative People Tested at Non-CDPHE (Commerical) Labs,4523696,04/11/2021,5370
Colorado,5763976,Weekly COVID-19 PCR Test Data From Clinical Laboratories,01/31/2021,Percent Change in Weekly Positivity,-0.12,04/11/2021,5371
Colorado,5763976,Weekly COVID-19 Antibody Test Data From Clinical Laboratories,01/31/2021,Antibody Tests Performed,16498,04/11/2021,5372
Colorado,5763976,Weekly COVID-19 Antibody Test Data From Clinical Laboratories,01/31/2021,Number of positive tests,3195,04/11/2021,5373
Colorado,5763976,Weekly COVID-19 Antibody Test Data From Clinical Laboratories,01/31/2021,Number of negative tests,13303,04/11/2021,5374
Colorado,5763976,Weekly COVID-19 Antibody Test Data From Clinical Laboratories,01/31/2021,Weekly Percent Positivity,0.194,04/11/2021,5375
Colorado,5763976,Weekly COVID-19 Antibody Test Data From Clinical Laboratories,01/31/2021,Cumulative Antibody Tests Performed,369822,04/11/2021,5376
Colorado,5763976,Weekly COVID-19 Antibody Test Data From Clinical Laboratories,01/31/2021,Percent Change in Weekly Positivity,-0.07,04/11/2021,5377
Colorado,5763976,Daily COVID-19 PCR Test Data From Clinical Laboratories,02/01/2021,Percent Positivity,0.057,04/11/2021,5378
Colorado,5763976,Daily COVID-19 PCR Test Data From Clinical Laboratories,02/01/2021,People Tested at CDPHE State Lab,1964,04/11/2021,5379
Colorado,5763976,Daily COVID-19 PCR Test Data From Clinical Laboratories,02/01/2021,People Tested at Non-CDPHE (Commerical) Labs,10307,04/11/2021,5380
Colorado,5763976,Daily COVID-19 PCR Test Data From Clinical Laboratories,02/01/2021,Cumulative People Tested at CDPHE State Lab,1099110,04/11/2021,5381
Colorado,5763976,Daily COVID-19 PCR Test Data From Clinical Laboratories,02/01/2021,Cumulative People Tested at Non-CDPHE (Commerical) Labs,4395508,04/11/2021,5382
Colorado,5763976,Daily COVID-19 PCR Test Data From Clinical Laboratories,02/01/2021,7-Day Average Percent Positivity,0.047,04/11/2021,5383
Colorado,5763976,Daily COVID-19 PCR Test Data From Clinical Laboratories,02/01/2021,3-Day Average Percent Positivity,0.052,04/11/2021,5384
Colorado,5763976,Daily COVID-19 Antibody Test Data From Clinical Laboratories,02/01/2021,Antibody Tests Performed,2002,04/11/2021,5385
Colorado,5763976,Daily COVID-19 Antibody Test Data From Clinical Laboratories,02/01/2021,Number of negative tests,1673,04/11/2021,5386
Colorado,5763976,Daily COVID-19 Antibody Test Data From Clinical Laboratories,02/01/2021,Number of positive tests,329,04/11/2021,5387
Colorado,5763976,Daily COVID-19 Antibody Test Data From Clinical Laboratories,02/01/2021,Total Tests per 100K People,34.733,04/11/2021,5388
Colorado,5763976,Daily COVID-19 Antibody Test Data From Clinical Laboratories,02/01/2021,Percent Positivity,0.164,04/11/2021,5389
Colorado,5763976,Daily COVID-19 Antibody Test Data From Clinical Laboratories,02/01/2021,7-Day Average Percent Positivity,0.202,04/11/2021,5390
Colorado,5763976,Daily COVID-19 Antibody Test Data From Clinical Laboratories,02/01/2021,3-Day Average Percent Positivity,0.193,04/11/2021,5391
Colorado,5763976,Daily COVID-19 Antibody Test Data From Clinical Laboratories,02/01/2021,Cumulative Antibody Tests Performed,356461,04/11/2021,5392
Colorado,5763976,Daily COVID-19 PCR Test Data From Clinical Laboratories,02/02/2021,Percent Positivity,0.037,04/11/2021,5393
Colorado,5763976,Daily COVID-19 PCR Test Data From Clinical Laboratories,02/02/2021,People Tested at CDPHE State Lab,9494,04/11/2021,5394
Colorado,5763976,Daily COVID-19 PCR Test Data From Clinical Laboratories,02/02/2021,People Tested at Non-CDPHE (Commerical) Labs,23979,04/11/2021,5395
Colorado,5763976,Daily COVID-19 PCR Test Data From Clinical Laboratories,02/02/2021,Cumulative People Tested at CDPHE State Lab,1108604,04/11/2021,5396
Colorado,5763976,Daily COVID-19 PCR Test Data From Clinical Laboratories,02/02/2021,Cumulative People Tested at Non-CDPHE (Commerical) Labs,4419487,04/11/2021,5397
Colorado,5763976,Daily COVID-19 PCR Test Data From Clinical Laboratories,02/02/2021,7-Day Average Percent Positivity,0.045,04/11/2021,5398
Colorado,5763976,Daily COVID-19 PCR Test Data From Clinical Laboratories,02/02/2021,3-Day Average Percent Positivity,0.047,04/11/2021,5399
Colorado,5763976,Daily COVID-19 Antibody Test Data From Clinical Laboratories,02/02/2021,Antibody Tests Performed,1820,04/11/2021,5400
Colorado,5763976,Daily COVID-19 Antibody Test Data From Clinical Laboratories,02/02/2021,Number of negative tests,1434,04/11/2021,5401
Colorado,5763976,Daily COVID-19 Antibody Test Data From Clinical Laboratories,02/02/2021,Number of positive tests,386,04/11/2021,5402
Colorado,5763976,Daily COVID-19 Antibody Test Data From Clinical Laboratories,02/02/2021,Total Tests per 100K People,31.575,04/11/2021,5403
Colorado,5763976,Daily COVID-19 Antibody Test Data From Clinical Laboratories,02/02/2021,Percent Positivity,0.212,04/11/2021,5404
Colorado,5763976,Daily COVID-19 Antibody Test Data From Clinical Laboratories,02/02/2021,7-Day Average Percent Positivity,0.201,04/11/2021,5405
Colorado,5763976,Daily COVID-19 Antibody Test Data From Clinical Laboratories,02/02/2021,3-Day Average Percent Positivity,0.184,04/11/2021,5406
Colorado,5763976,Daily COVID-19 Antibody Test Data From Clinical Laboratories,02/02/2021,Cumulative Antibody Tests Performed,358281,04/11/2021,5407
Colorado,5763976,Daily COVID-19 PCR Test Data From Clinical Laboratories,02/03/2021,Percent Positivity,0.039,04/11/2021,5408
Colorado,5763976,Daily COVID-19 PCR Test Data From Clinical Laboratories,02/03/2021,People Tested at CDPHE State Lab,9983,04/11/2021,5409
Colorado,5763976,Daily COVID-19 PCR Test Data From Clinical Laboratories,02/03/2021,People Tested at Non-CDPHE (Commerical) Labs,25715,04/11/2021,5410
Colorado,5763976,Daily COVID-19 PCR Test Data From Clinical Laboratories,02/03/2021,Cumulative People Tested at CDPHE State Lab,1118587,04/11/2021,5411
Colorado,5763976,Daily COVID-19 PCR Test Data From Clinical Laboratories,02/03/2021,Cumulative People Tested at Non-CDPHE (Commerical) Labs,4445202,04/11/2021,5412
Colorado,5763976,Daily COVID-19 PCR Test Data From Clinical Laboratories,02/15/2021,Cumulative People Tested at Non-CDPHE (Commerical) Labs,4686203,04/11/2021,5413
Colorado,5763976,Daily COVID-19 Antibody Test Data From Clinical Laboratories,02/18/2021,Number of positive tests,633,04/11/2021,5414
Colorado,5763976,Daily COVID-19 Antibody Test Data From Clinical Laboratories,02/21/2021,Cumulative Antibody Tests Performed,405429,04/11/2021,5415
Colorado,5763976,Daily COVID-19 Antibody Test Data From Clinical Laboratories,02/12/2021,Percent Positivity,0.231,04/11/2021,5416
Colorado,5763976,Daily COVID-19 Antibody Test Data From Clinical Laboratories,02/12/2021,7-Day Average Percent Positivity,0.224,04/11/2021,5417
Colorado,5763976,Daily COVID-19 Antibody Test Data From Clinical Laboratories,02/12/2021,3-Day Average Percent Positivity,0.256,04/11/2021,5418
Colorado,5763976,Daily COVID-19 Antibody Test Data From Clinical Laboratories,02/12/2021,Cumulative Antibody Tests Performed,385682,04/11/2021,5419
Colorado,5763976,Daily COVID-19 PCR Test Data From Clinical Laboratories,02/13/2021,Percent Positivity,0.036,04/11/2021,5420
Colorado,5763976,Daily COVID-19 PCR Test Data From Clinical Laboratories,02/13/2021,People Tested at CDPHE State Lab,5813,04/11/2021,5421
Colorado,5763976,Daily COVID-19 PCR Test Data From Clinical Laboratories,02/13/2021,People Tested at Non-CDPHE (Commerical) Labs,16546,04/11/2021,5422
Colorado,5763976,Daily COVID-19 PCR Test Data From Clinical Laboratories,02/13/2021,Cumulative People Tested at CDPHE State Lab,1189724,04/11/2021,5423
Colorado,5763976,Daily COVID-19 PCR Test Data From Clinical Laboratories,02/13/2021,Cumulative People Tested at Non-CDPHE (Commerical) Labs,4670629,04/11/2021,5424
Colorado,5763976,Daily COVID-19 PCR Test Data From Clinical Laboratories,02/13/2021,7-Day Average Percent Positivity,0.037,04/11/2021,5425
Colorado,5763976,Daily COVID-19 PCR Test Data From Clinical Laboratories,02/13/2021,3-Day Average Percent Positivity,0.035,04/11/2021,5426
Colorado,5763976,Daily COVID-19 Antibody Test Data From Clinical Laboratories,02/13/2021,Antibody Tests Performed,1805,04/11/2021,5427
Colorado,5763976,Daily COVID-19 Antibody Test Data From Clinical Laboratories,02/13/2021,Number of negative tests,1519,04/11/2021,5428
Colorado,5763976,Daily COVID-19 Antibody Test Data From Clinical Laboratories,02/13/2021,Number of positive tests,286,04/11/2021,5429
Colorado,5763976,Daily COVID-19 Antibody Test Data From Clinical Laboratories,02/13/2021,Total Tests per 100K People,31.315,04/11/2021,5430
Colorado,5763976,Daily COVID-19 Antibody Test Data From Clinical Laboratories,02/13/2021,Percent Positivity,0.158,04/11/2021,5431
Colorado,5763976,Daily COVID-19 Antibody Test Data From Clinical Laboratories,02/13/2021,7-Day Average Percent Positivity,0.218,04/11/2021,5432
Colorado,5763976,Daily COVID-19 Antibody Test Data From Clinical Laboratories,02/13/2021,3-Day Average Percent Positivity,0.221,04/11/2021,5433
Colorado,5763976,Daily COVID-19 Antibody Test Data From Clinical Laboratories,02/13/2021,Cumulative Antibody Tests Performed,387487,04/11/2021,5434
Colorado,5763976,Daily COVID-19 PCR Test Data From Clinical Laboratories,02/14/2021,Percent Positivity,0.055,04/11/2021,5435
Colorado,5763976,Daily COVID-19 PCR Test Data From Clinical Laboratories,02/14/2021,People Tested at CDPHE State Lab,1222,04/11/2021,5436
Colorado,5763976,Daily COVID-19 PCR Test Data From Clinical Laboratories,02/14/2021,People Tested at Non-CDPHE (Commerical) Labs,8268,04/11/2021,5437
Colorado,5763976,Daily COVID-19 PCR Test Data From Clinical Laboratories,02/14/2021,Cumulative People Tested at CDPHE State Lab,1190946,04/11/2021,5438
Colorado,5763976,Daily COVID-19 PCR Test Data From Clinical Laboratories,02/14/2021,Cumulative People Tested at Non-CDPHE (Commerical) Labs,4678897,04/11/2021,5439
Colorado,5763976,Daily COVID-19 PCR Test Data From Clinical Laboratories,02/14/2021,7-Day Average Percent Positivity,0.038,04/11/2021,5440
Colorado,5763976,Daily COVID-19 PCR Test Data From Clinical Laboratories,02/14/2021,3-Day Average Percent Positivity,0.038,04/11/2021,5441
Colorado,5763976,Daily COVID-19 Antibody Test Data From Clinical Laboratories,02/14/2021,Antibody Tests Performed,1552,04/11/2021,5442
Colorado,5763976,Daily COVID-19 Antibody Test Data From Clinical Laboratories,02/14/2021,Number of negative tests,1295,04/11/2021,5443
Colorado,5763976,Daily COVID-19 Antibody Test Data From Clinical Laboratories,02/14/2021,Number of positive tests,257,04/11/2021,5444
Colorado,5763976,Daily COVID-19 Antibody Test Data From Clinical Laboratories,02/14/2021,Total Tests per 100K People,26.926,04/11/2021,5445
Colorado,5763976,Daily COVID-19 Antibody Test Data From Clinical Laboratories,02/14/2021,Percent Positivity,0.166,04/11/2021,5446
Colorado,5763976,Daily COVID-19 Antibody Test Data From Clinical Laboratories,02/14/2021,7-Day Average Percent Positivity,0.214,04/11/2021,5447
Colorado,5763976,Daily COVID-19 Antibody Test Data From Clinical Laboratories,02/14/2021,3-Day Average Percent Positivity,0.193,04/11/2021,5448
Colorado,5763976,Daily COVID-19 Antibody Test Data From Clinical Laboratories,02/14/2021,Cumulative Antibody Tests Performed,389039,04/11/2021,5449
Colorado,5763976,Weekly COVID-19 PCR Test Data From Clinical Laboratories,02/14/2021,People Tested at CDPHE State Lab,46852,04/11/2021,5450
Colorado,5763976,Weekly COVID-19 PCR Test Data From Clinical Laboratories,02/14/2021,People Tested at Non-CDPHE (Commerical) Labs,113786,04/11/2021,5451
Colorado,5763976,Weekly COVID-19 PCR Test Data From Clinical Laboratories,02/14/2021,Weekly Percent Positivity,0.037,04/11/2021,5452
Colorado,5763976,Weekly COVID-19 PCR Test Data From Clinical Laboratories,02/14/2021,Cumulative People Tested at CDPHE State Lab,1236576,04/11/2021,5453
Colorado,5763976,Weekly COVID-19 PCR Test Data From Clinical Laboratories,02/14/2021,Cumulative People Tested at Non-CDPHE (Commerical) Labs,4784415,04/11/2021,5454
Colorado,5763976,Weekly COVID-19 PCR Test Data From Clinical Laboratories,02/14/2021,Percent Change in Weekly Positivity,-0.02,04/11/2021,5455
Colorado,5763976,Weekly COVID-19 Antibody Test Data From Clinical Laboratories,02/14/2021,Antibody Tests Performed,16393,04/11/2021,5456
Colorado,5763976,Weekly COVID-19 Antibody Test Data From Clinical Laboratories,02/14/2021,Number of positive tests,3250,04/11/2021,5457
Colorado,5763976,Weekly COVID-19 Antibody Test Data From Clinical Laboratories,02/14/2021,Number of negative tests,13143,04/11/2021,5458
Colorado,5763976,Weekly COVID-19 Antibody Test Data From Clinical Laboratories,02/14/2021,Weekly Percent Positivity,0.198,04/11/2021,5459
Colorado,5763976,Weekly COVID-19 Antibody Test Data From Clinical Laboratories,02/14/2021,Cumulative Antibody Tests Performed,403880,04/11/2021,5460
Colorado,5763976,Weekly COVID-19 Antibody Test Data From Clinical Laboratories,02/14/2021,Percent Change in Weekly Positivity,-0.09,04/11/2021,5461
Colorado,5763976,Daily COVID-19 PCR Test Data From Clinical Laboratories,02/15/2021,Percent Positivity,0.044,04/11/2021,5462
Colorado,5763976,Daily COVID-19 Antibody Test Data From Clinical Laboratories,02/18/2021,Total Tests per 100K People,51.145,04/11/2021,5463
Colorado,5763976,Weekly COVID-19 PCR Test Data From Clinical Laboratories,02/21/2021,People Tested at CDPHE State Lab,47755,04/11/2021,5464
Colorado,5763976,Daily COVID-19 PCR Test Data From Clinical Laboratories,02/15/2021,7-Day Average Percent Positivity,0.037,04/11/2021,5465
Colorado,5763976,Weekly COVID-19 PCR Test Data From Clinical Laboratories,02/21/2021,People Tested at Non-CDPHE (Commerical) Labs,163047,04/11/2021,5466
Colorado,5763976,Weekly COVID-19 PCR Test Data From Clinical Laboratories,02/21/2021,Weekly Percent Positivity,0.034,04/11/2021,5467
Colorado,5763976,Weekly COVID-19 PCR Test Data From Clinical Laboratories,02/21/2021,Cumulative People Tested at CDPHE State Lab,1284331,04/11/2021,5468
Colorado,5763976,Weekly COVID-19 PCR Test Data From Clinical Laboratories,02/21/2021,Cumulative People Tested at Non-CDPHE (Commerical) Labs,4947462,04/11/2021,5469
Colorado,5763976,Weekly COVID-19 PCR Test Data From Clinical Laboratories,02/21/2021,Percent Change in Weekly Positivity,-0.07,04/11/2021,5470
Colorado,5763976,Weekly COVID-19 Antibody Test Data From Clinical Laboratories,02/21/2021,Antibody Tests Performed,17055,04/11/2021,5471
Colorado,5763976,Weekly COVID-19 Antibody Test Data From Clinical Laboratories,02/21/2021,Number of positive tests,3349,04/11/2021,5472
Colorado,5763976,Weekly COVID-19 Antibody Test Data From Clinical Laboratories,02/21/2021,Number of negative tests,13706,04/11/2021,5473
Colorado,5763976,Weekly COVID-19 Antibody Test Data From Clinical Laboratories,02/21/2021,Weekly Percent Positivity,0.196,04/11/2021,5474
Colorado,5763976,Weekly COVID-19 Antibody Test Data From Clinical Laboratories,02/21/2021,Cumulative Antibody Tests Performed,420935,04/11/2021,5475
Colorado,5763976,Weekly COVID-19 Antibody Test Data From Clinical Laboratories,02/21/2021,Percent Change in Weekly Positivity,-0.01,04/11/2021,5476
Colorado,5763976,Daily COVID-19 Antibody Test Data From Clinical Laboratories,02/18/2021,Percent Positivity,0.215,04/11/2021,5477
Colorado,5763976,Daily COVID-19 PCR Test Data From Clinical Laboratories,02/22/2021,Percent Positivity,0.045,04/11/2021,5478
Colorado,5763976,Daily COVID-19 PCR Test Data From Clinical Laboratories,02/15/2021,3-Day Average Percent Positivity,0.042,04/11/2021,5479
Colorado,5763976,Daily COVID-19 Antibody Test Data From Clinical Laboratories,02/18/2021,7-Day Average Percent Positivity,0.197,04/11/2021,5480
Colorado,5763976,Daily COVID-19 PCR Test Data From Clinical Laboratories,02/22/2021,People Tested at CDPHE State Lab,1487,04/11/2021,5481
Colorado,5763976,Daily COVID-19 Antibody Test Data From Clinical Laboratories,02/15/2021,Antibody Tests Performed,2395,04/11/2021,5482
Colorado,5763976,Daily COVID-19 Antibody Test Data From Clinical Laboratories,02/18/2021,3-Day Average Percent Positivity,0.19,04/11/2021,5483
Colorado,5763976,Daily COVID-19 PCR Test Data From Clinical Laboratories,02/22/2021,People Tested at Non-CDPHE (Commerical) Labs,15874,04/11/2021,5484
Colorado,5763976,Daily COVID-19 Antibody Test Data From Clinical Laboratories,02/15/2021,Number of negative tests,1846,04/11/2021,5485
Colorado,5763976,Daily COVID-19 Antibody Test Data From Clinical Laboratories,02/18/2021,Cumulative Antibody Tests Performed,398900,04/11/2021,5486
Colorado,5763976,Daily COVID-19 PCR Test Data From Clinical Laboratories,02/22/2021,Cumulative People Tested at CDPHE State Lab,1239177,04/11/2021,5487
Colorado,5763976,Daily COVID-19 Antibody Test Data From Clinical Laboratories,02/15/2021,Number of positive tests,549,04/11/2021,5488
Colorado,5763976,Daily COVID-19 PCR Test Data From Clinical Laboratories,02/19/2021,Percent Positivity,0.034,04/11/2021,5489
Colorado,5763976,Daily COVID-19 PCR Test Data From Clinical Laboratories,02/22/2021,Cumulative People Tested at Non-CDPHE (Commerical) Labs,4813054,04/11/2021,5490
Colorado,5763976,Daily COVID-19 Antibody Test Data From Clinical Laboratories,02/15/2021,Total Tests per 100K People,41.551,04/11/2021,5491
Colorado,5763976,Daily COVID-19 Antibody Test Data From Clinical Laboratories,02/15/2021,Percent Positivity,0.229,04/11/2021,5492
Colorado,5763976,Daily COVID-19 Antibody Test Data From Clinical Laboratories,02/15/2021,7-Day Average Percent Positivity,0.221,04/11/2021,5493
Colorado,5763976,Daily COVID-19 Antibody Test Data From Clinical Laboratories,02/15/2021,3-Day Average Percent Positivity,0.19,04/11/2021,5494
Colorado,5763976,Daily COVID-19 Antibody Test Data From Clinical Laboratories,02/15/2021,Cumulative Antibody Tests Performed,391434,04/11/2021,5495
Colorado,5763976,Daily COVID-19 PCR Test Data From Clinical Laboratories,02/16/2021,Percent Positivity,0.035,04/11/2021,5496
Colorado,5763976,Daily COVID-19 PCR Test Data From Clinical Laboratories,02/16/2021,People Tested at CDPHE State Lab,6806,04/11/2021,5497
Colorado,5763976,Daily COVID-19 PCR Test Data From Clinical Laboratories,02/16/2021,People Tested at Non-CDPHE (Commerical) Labs,19270,04/11/2021,5498
Colorado,5763976,Daily COVID-19 PCR Test Data From Clinical Laboratories,02/16/2021,Cumulative People Tested at CDPHE State Lab,1199350,04/11/2021,5499
Colorado,5763976,Daily COVID-19 PCR Test Data From Clinical Laboratories,02/16/2021,Cumulative People Tested at Non-CDPHE (Commerical) Labs,4705473,04/11/2021,5500
Colorado,5763976,Daily COVID-19 PCR Test Data From Clinical Laboratories,02/16/2021,7-Day Average Percent Positivity,0.037,04/11/2021,5501
Colorado,5763976,Daily COVID-19 PCR Test Data From Clinical Laboratories,02/16/2021,3-Day Average Percent Positivity,0.041,04/11/2021,5502
Colorado,5763976,Daily COVID-19 Antibody Test Data From Clinical Laboratories,02/16/2021,Antibody Tests Performed,2448,04/11/2021,5503
Colorado,5763976,Daily COVID-19 Antibody Test Data From Clinical Laboratories,02/16/2021,Number of negative tests,1992,04/11/2021,5504
Colorado,5763976,Daily COVID-19 Antibody Test Data From Clinical Laboratories,02/16/2021,Number of positive tests,456,04/11/2021,5505
Colorado,5763976,Daily COVID-19 Antibody Test Data From Clinical Laboratories,02/16/2021,Total Tests per 100K People,42.471,04/11/2021,5506
Colorado,5763976,Daily COVID-19 Antibody Test Data From Clinical Laboratories,02/16/2021,Percent Positivity,0.186,04/11/2021,5507
Colorado,5763976,Daily COVID-19 Antibody Test Data From Clinical Laboratories,02/16/2021,7-Day Average Percent Positivity,0.223,04/11/2021,5508
Colorado,5763976,Daily COVID-19 Antibody Test Data From Clinical Laboratories,02/16/2021,3-Day Average Percent Positivity,0.197,04/11/2021,5509
Colorado,5763976,Daily COVID-19 Antibody Test Data From Clinical Laboratories,02/16/2021,Cumulative Antibody Tests Performed,393882,04/11/2021,5510
Colorado,5763976,Daily COVID-19 PCR Test Data From Clinical Laboratories,02/17/2021,Percent Positivity,0.035,04/11/2021,5511
Colorado,5763976,Daily COVID-19 PCR Test Data From Clinical Laboratories,02/17/2021,People Tested at CDPHE State Lab,9660,04/11/2021,5512
Colorado,5763976,Daily COVID-19 PCR Test Data From Clinical Laboratories,02/17/2021,People Tested at Non-CDPHE (Commerical) Labs,23051,04/11/2021,5513
Colorado,5763976,Daily COVID-19 PCR Test Data From Clinical Laboratories,02/17/2021,Cumulative People Tested at CDPHE State Lab,1209010,04/11/2021,5514
Colorado,5763976,Daily COVID-19 PCR Test Data From Clinical Laboratories,02/17/2021,Cumulative People Tested at Non-CDPHE (Commerical) Labs,4728524,04/11/2021,5515
Colorado,5763976,Daily COVID-19 PCR Test Data From Clinical Laboratories,02/17/2021,7-Day Average Percent Positivity,0.037,04/11/2021,5516
Colorado,5763976,Daily COVID-19 PCR Test Data From Clinical Laboratories,02/17/2021,3-Day Average Percent Positivity,0.036,04/11/2021,5517
Colorado,5763976,Daily COVID-19 Antibody Test Data From Clinical Laboratories,02/17/2021,Antibody Tests Performed,2070,04/11/2021,5518
Colorado,5763976,Daily COVID-19 Antibody Test Data From Clinical Laboratories,02/17/2021,Number of negative tests,1742,04/11/2021,5519
Colorado,5763976,Daily COVID-19 Antibody Test Data From Clinical Laboratories,02/17/2021,Number of positive tests,328,04/11/2021,5520
Colorado,5763976,Daily COVID-19 Antibody Test Data From Clinical Laboratories,02/17/2021,Total Tests per 100K People,35.913,04/11/2021,5521
Colorado,5763976,Daily COVID-19 Antibody Test Data From Clinical Laboratories,02/17/2021,Percent Positivity,0.159,04/11/2021,5522
Colorado,5763976,Daily COVID-19 Antibody Test Data From Clinical Laboratories,02/17/2021,7-Day Average Percent Positivity,0.204,04/11/2021,5523
Colorado,5763976,Daily COVID-19 Antibody Test Data From Clinical Laboratories,02/17/2021,3-Day Average Percent Positivity,0.193,04/11/2021,5524
Colorado,5763976,Daily COVID-19 Antibody Test Data From Clinical Laboratories,02/17/2021,Cumulative Antibody Tests Performed,395952,04/11/2021,5525
Colorado,5763976,Daily COVID-19 PCR Test Data From Clinical Laboratories,02/18/2021,Percent Positivity,0.036,04/11/2021,5526
Colorado,5763976,Daily COVID-19 PCR Test Data From Clinical Laboratories,02/18/2021,People Tested at CDPHE State Lab,11020,04/11/2021,5527
Colorado,5763976,Daily COVID-19 PCR Test Data From Clinical Laboratories,02/18/2021,People Tested at Non-CDPHE (Commerical) Labs,20192,04/11/2021,5528
Colorado,5763976,Daily COVID-19 PCR Test Data From Clinical Laboratories,02/18/2021,Cumulative People Tested at CDPHE State Lab,1220030,04/11/2021,5529
Colorado,5763976,Daily COVID-19 PCR Test Data From Clinical Laboratories,02/18/2021,Cumulative People Tested at Non-CDPHE (Commerical) Labs,4748716,04/11/2021,5530
Colorado,5763976,Daily COVID-19 PCR Test Data From Clinical Laboratories,02/18/2021,7-Day Average Percent Positivity,0.037,04/11/2021,5531
Colorado,5763976,Daily COVID-19 PCR Test Data From Clinical Laboratories,02/22/2021,7-Day Average Percent Positivity,0.037,04/11/2021,5532
Colorado,5763976,Daily COVID-19 PCR Test Data From Clinical Laboratories,02/22/2021,3-Day Average Percent Positivity,0.041,04/11/2021,5533
Colorado,5763976,Daily COVID-19 Antibody Test Data From Clinical Laboratories,02/22/2021,Antibody Tests Performed,2561,04/11/2021,5534
Colorado,5763976,Daily COVID-19 Antibody Test Data From Clinical Laboratories,02/22/2021,Number of negative tests,2034,04/11/2021,5535
Colorado,5763976,Daily COVID-19 Antibody Test Data From Clinical Laboratories,02/22/2021,Number of positive tests,527,04/11/2021,5536
Colorado,5763976,Daily COVID-19 Antibody Test Data From Clinical Laboratories,02/22/2021,Total Tests per 100K People,44.431,04/11/2021,5537
Colorado,5763976,Daily COVID-19 Antibody Test Data From Clinical Laboratories,02/22/2021,Percent Positivity,0.206,04/11/2021,5538
Colorado,5763976,Daily COVID-19 Antibody Test Data From Clinical Laboratories,02/22/2021,7-Day Average Percent Positivity,0.197,04/11/2021,5539
Colorado,5763976,Daily COVID-19 Antibody Test Data From Clinical Laboratories,02/22/2021,3-Day Average Percent Positivity,0.2,04/11/2021,5540
Colorado,5763976,Daily COVID-19 Antibody Test Data From Clinical Laboratories,02/22/2021,Cumulative Antibody Tests Performed,407990,04/11/2021,5541
Colorado,5763976,Daily COVID-19 PCR Test Data From Clinical Laboratories,02/23/2021,Percent Positivity,0.032,04/11/2021,5542
Colorado,5763976,Daily COVID-19 PCR Test Data From Clinical Laboratories,02/23/2021,People Tested at CDPHE State Lab,8831,04/11/2021,5543
Colorado,5763976,Daily COVID-19 PCR Test Data From Clinical Laboratories,02/23/2021,People Tested at Non-CDPHE (Commerical) Labs,30000,04/11/2021,5544
Colorado,5763976,Daily COVID-19 PCR Test Data From Clinical Laboratories,02/23/2021,Cumulative People Tested at CDPHE State Lab,1248008,04/11/2021,5545
Colorado,5763976,Daily COVID-19 PCR Test Data From Clinical Laboratories,02/23/2021,Cumulative People Tested at Non-CDPHE (Commerical) Labs,4843054,04/11/2021,5546
Colorado,5763976,Daily COVID-19 PCR Test Data From Clinical Laboratories,02/23/2021,7-Day Average Percent Positivity,0.036,04/11/2021,5547
Colorado,5763976,Daily COVID-19 PCR Test Data From Clinical Laboratories,02/23/2021,3-Day Average Percent Positivity,0.038,04/11/2021,5548
Colorado,5763976,Daily COVID-19 Antibody Test Data From Clinical Laboratories,02/23/2021,Antibody Tests Performed,3244,04/11/2021,5549
Colorado,5763976,Daily COVID-19 Antibody Test Data From Clinical Laboratories,02/23/2021,Number of negative tests,2624,04/11/2021,5550
Colorado,5763976,Daily COVID-19 Antibody Test Data From Clinical Laboratories,02/23/2021,Number of positive tests,620,04/11/2021,5551
Colorado,5763976,Daily COVID-19 Antibody Test Data From Clinical Laboratories,02/23/2021,Total Tests per 100K People,56.281,04/11/2021,5552
Colorado,5763976,Daily COVID-19 Antibody Test Data From Clinical Laboratories,02/23/2021,Percent Positivity,0.191,04/11/2021,5553
Colorado,5763976,Daily COVID-19 Antibody Test Data From Clinical Laboratories,02/23/2021,7-Day Average Percent Positivity,0.197,04/11/2021,5554
Colorado,5763976,Daily COVID-19 Antibody Test Data From Clinical Laboratories,02/23/2021,3-Day Average Percent Positivity,0.195,04/11/2021,5555
Colorado,5763976,Daily COVID-19 Antibody Test Data From Clinical Laboratories,02/23/2021,Cumulative Antibody Tests Performed,411234,04/11/2021,5556
Colorado,5763976,Daily COVID-19 PCR Test Data From Clinical Laboratories,02/24/2021,Percent Positivity,0.034,04/11/2021,5557
Colorado,5763976,Daily COVID-19 PCR Test Data From Clinical Laboratories,02/24/2021,People Tested at CDPHE State Lab,8896,04/11/2021,5558
Colorado,5763976,Daily COVID-19 PCR Test Data From Clinical Laboratories,02/24/2021,People Tested at Non-CDPHE (Commerical) Labs,30845,04/11/2021,5559
Colorado,5763976,Daily COVID-19 PCR Test Data From Clinical Laboratories,02/24/2021,Cumulative People Tested at CDPHE State Lab,1256904,04/11/2021,5560
Colorado,5763976,Daily COVID-19 PCR Test Data From Clinical Laboratories,02/19/2021,People Tested at CDPHE State Lab,9058,04/11/2021,5561
Colorado,5763976,Daily COVID-19 PCR Test Data From Clinical Laboratories,02/19/2021,People Tested at Non-CDPHE (Commerical) Labs,18494,04/11/2021,5562
Colorado,5763976,Daily COVID-19 PCR Test Data From Clinical Laboratories,02/19/2021,Cumulative People Tested at CDPHE State Lab,1229088,04/11/2021,5563
Colorado,5763976,Daily COVID-19 PCR Test Data From Clinical Laboratories,02/19/2021,Cumulative People Tested at Non-CDPHE (Commerical) Labs,4767210,04/11/2021,5564
Colorado,5763976,Daily COVID-19 PCR Test Data From Clinical Laboratories,02/19/2021,7-Day Average Percent Positivity,0.037,04/11/2021,5565
Colorado,5763976,Daily COVID-19 PCR Test Data From Clinical Laboratories,02/19/2021,3-Day Average Percent Positivity,0.035,04/11/2021,5566
Colorado,5763976,Daily COVID-19 Antibody Test Data From Clinical Laboratories,02/19/2021,Antibody Tests Performed,2767,04/11/2021,5567
Colorado,5763976,Daily COVID-19 Antibody Test Data From Clinical Laboratories,02/19/2021,Number of negative tests,2188,04/11/2021,5568
Colorado,5763976,Daily COVID-19 Antibody Test Data From Clinical Laboratories,02/19/2021,Number of positive tests,579,04/11/2021,5569
Colorado,5763976,Daily COVID-19 Antibody Test Data From Clinical Laboratories,02/19/2021,Total Tests per 100K People,48.005,04/11/2021,5570
Colorado,5763976,Daily COVID-19 Antibody Test Data From Clinical Laboratories,02/19/2021,Percent Positivity,0.209,04/11/2021,5571
Colorado,5763976,Daily COVID-19 Antibody Test Data From Clinical Laboratories,02/19/2021,7-Day Average Percent Positivity,0.193,04/11/2021,5572
Colorado,5763976,Daily COVID-19 Antibody Test Data From Clinical Laboratories,02/19/2021,3-Day Average Percent Positivity,0.198,04/11/2021,5573
Colorado,5763976,Daily COVID-19 Antibody Test Data From Clinical Laboratories,02/19/2021,Cumulative Antibody Tests Performed,401667,04/11/2021,5574
Colorado,5763976,Daily COVID-19 PCR Test Data From Clinical Laboratories,02/20/2021,Percent Positivity,0.035,04/11/2021,5575
Colorado,5763976,Daily COVID-19 PCR Test Data From Clinical Laboratories,02/20/2021,People Tested at CDPHE State Lab,7488,04/11/2021,5576
Colorado,5763976,Daily COVID-19 PCR Test Data From Clinical Laboratories,02/20/2021,People Tested at Non-CDPHE (Commerical) Labs,17205,04/11/2021,5577
Colorado,5763976,Daily COVID-19 PCR Test Data From Clinical Laboratories,02/20/2021,Cumulative People Tested at CDPHE State Lab,1236576,04/11/2021,5578
Colorado,5763976,Daily COVID-19 PCR Test Data From Clinical Laboratories,02/20/2021,Cumulative People Tested at Non-CDPHE (Commerical) Labs,4784415,04/11/2021,5579
Colorado,5763976,Daily COVID-19 PCR Test Data From Clinical Laboratories,02/20/2021,7-Day Average Percent Positivity,0.037,04/11/2021,5580
Colorado,5763976,Daily COVID-19 PCR Test Data From Clinical Laboratories,02/20/2021,3-Day Average Percent Positivity,0.035,04/11/2021,5581
Colorado,5763976,Daily COVID-19 Antibody Test Data From Clinical Laboratories,02/20/2021,Antibody Tests Performed,2213,04/11/2021,5582
Colorado,5763976,Daily COVID-19 Antibody Test Data From Clinical Laboratories,02/20/2021,Number of negative tests,1765,04/11/2021,5583
Colorado,5763976,Daily COVID-19 Antibody Test Data From Clinical Laboratories,02/20/2021,Number of positive tests,448,04/11/2021,5584
Colorado,5763976,Daily COVID-19 Antibody Test Data From Clinical Laboratories,02/20/2021,Total Tests per 100K People,38.394,04/11/2021,5585
Colorado,5763976,Daily COVID-19 Antibody Test Data From Clinical Laboratories,02/20/2021,Percent Positivity,0.202,04/11/2021,5586
Colorado,5763976,Daily COVID-19 Antibody Test Data From Clinical Laboratories,02/20/2021,7-Day Average Percent Positivity,0.198,04/11/2021,5587
Colorado,5763976,Daily COVID-19 Antibody Test Data From Clinical Laboratories,02/20/2021,3-Day Average Percent Positivity,0.209,04/11/2021,5588
Colorado,5763976,Daily COVID-19 Antibody Test Data From Clinical Laboratories,02/20/2021,Cumulative Antibody Tests Performed,403880,04/11/2021,5589
Colorado,5763976,Daily COVID-19 PCR Test Data From Clinical Laboratories,02/21/2021,Percent Positivity,0.046,04/11/2021,5590
Colorado,5763976,Daily COVID-19 PCR Test Data From Clinical Laboratories,02/21/2021,People Tested at CDPHE State Lab,1114,04/11/2021,5591
Colorado,5763976,Daily COVID-19 PCR Test Data From Clinical Laboratories,02/21/2021,People Tested at Non-CDPHE (Commerical) Labs,12765,04/11/2021,5592
Colorado,5763976,Daily COVID-19 PCR Test Data From Clinical Laboratories,02/21/2021,Cumulative People Tested at CDPHE State Lab,1237690,04/11/2021,5593
Colorado,5763976,Daily COVID-19 PCR Test Data From Clinical Laboratories,02/21/2021,Cumulative People Tested at Non-CDPHE (Commerical) Labs,4797180,04/11/2021,5594
Colorado,5763976,Daily COVID-19 PCR Test Data From Clinical Laboratories,02/21/2021,7-Day Average Percent Positivity,0.036,04/11/2021,5595
Colorado,5763976,Daily COVID-19 PCR Test Data From Clinical Laboratories,02/21/2021,3-Day Average Percent Positivity,0.037,04/11/2021,5596
Colorado,5763976,Daily COVID-19 Antibody Test Data From Clinical Laboratories,02/21/2021,Antibody Tests Performed,1549,04/11/2021,5597
Colorado,5763976,Daily COVID-19 Antibody Test Data From Clinical Laboratories,02/21/2021,Number of negative tests,1259,04/11/2021,5598
Colorado,5763976,Daily COVID-19 Antibody Test Data From Clinical Laboratories,02/21/2021,Number of positive tests,290,04/11/2021,5599
Colorado,5763976,Daily COVID-19 Antibody Test Data From Clinical Laboratories,02/21/2021,Total Tests per 100K People,26.874,04/11/2021,5600
Colorado,5763976,Daily COVID-19 PCR Test Data From Clinical Laboratories,03/11/2021,7-Day Average Percent Positivity,0.033,04/11/2021,5601
Colorado,5763976,Daily COVID-19 PCR Test Data From Clinical Laboratories,03/11/2021,3-Day Average Percent Positivity,0.031,04/11/2021,5602
Colorado,5763976,Daily COVID-19 Antibody Test Data From Clinical Laboratories,03/11/2021,Antibody Tests Performed,2440,04/11/2021,5603
Colorado,5763976,Daily COVID-19 Antibody Test Data From Clinical Laboratories,03/11/2021,Number of negative tests,2159,04/11/2021,5604
Colorado,5763976,Daily COVID-19 Antibody Test Data From Clinical Laboratories,03/11/2021,Number of positive tests,281,04/11/2021,5605
Colorado,5763976,Daily COVID-19 Antibody Test Data From Clinical Laboratories,03/11/2021,Total Tests per 100K People,42.332,04/11/2021,5606
Colorado,5763976,Daily COVID-19 Antibody Test Data From Clinical Laboratories,03/11/2021,Percent Positivity,0.115,04/11/2021,5607
Colorado,5763976,Daily COVID-19 Antibody Test Data From Clinical Laboratories,03/11/2021,7-Day Average Percent Positivity,0.185,04/11/2021,5608
Colorado,5763976,Daily COVID-19 Antibody Test Data From Clinical Laboratories,03/11/2021,3-Day Average Percent Positivity,0.146,04/11/2021,5609
Colorado,5763976,Daily COVID-19 Antibody Test Data From Clinical Laboratories,03/11/2021,Cumulative Antibody Tests Performed,451891,04/11/2021,5610
Colorado,5763976,Daily COVID-19 PCR Test Data From Clinical Laboratories,03/12/2021,Percent Positivity,0.036,04/11/2021,5611
Colorado,5763976,Daily COVID-19 PCR Test Data From Clinical Laboratories,03/12/2021,People Tested at CDPHE State Lab,7509,04/11/2021,5612
Colorado,5763976,Daily COVID-19 PCR Test Data From Clinical Laboratories,03/12/2021,People Tested at Non-CDPHE (Commerical) Labs,24458,04/11/2021,5613
Colorado,5763976,Daily COVID-19 PCR Test Data From Clinical Laboratories,03/12/2021,Cumulative People Tested at CDPHE State Lab,1370108,04/11/2021,5614
Colorado,5763976,Daily COVID-19 PCR Test Data From Clinical Laboratories,03/12/2021,Cumulative People Tested at Non-CDPHE (Commerical) Labs,5197839,04/11/2021,5615
Colorado,5763976,Daily COVID-19 PCR Test Data From Clinical Laboratories,03/12/2021,7-Day Average Percent Positivity,0.034,04/11/2021,5616
Colorado,5763976,Daily COVID-19 PCR Test Data From Clinical Laboratories,03/12/2021,3-Day Average Percent Positivity,0.033,04/11/2021,5617
Colorado,5763976,Daily COVID-19 Antibody Test Data From Clinical Laboratories,03/12/2021,Antibody Tests Performed,3834,04/11/2021,5618
Colorado,5763976,Daily COVID-19 Antibody Test Data From Clinical Laboratories,03/12/2021,Number of negative tests,2731,04/11/2021,5619
Colorado,5763976,Daily COVID-19 Antibody Test Data From Clinical Laboratories,03/12/2021,Number of positive tests,1103,04/11/2021,5620
Colorado,5763976,Daily COVID-19 Antibody Test Data From Clinical Laboratories,03/12/2021,Total Tests per 100K People,66.517,04/11/2021,5621
Colorado,5763976,Daily COVID-19 Antibody Test Data From Clinical Laboratories,03/12/2021,Percent Positivity,0.288,04/11/2021,5622
Colorado,5763976,Daily COVID-19 Antibody Test Data From Clinical Laboratories,03/12/2021,7-Day Average Percent Positivity,0.204,04/11/2021,5623
Colorado,5763976,Daily COVID-19 Antibody Test Data From Clinical Laboratories,03/12/2021,3-Day Average Percent Positivity,0.196,04/11/2021,5624
Colorado,5763976,Daily COVID-19 Antibody Test Data From Clinical Laboratories,03/12/2021,Cumulative Antibody Tests Performed,455725,04/11/2021,5625
Colorado,5763976,Daily COVID-19 PCR Test Data From Clinical Laboratories,03/13/2021,Percent Positivity,0.038,04/11/2021,5626
Colorado,5763976,Daily COVID-19 PCR Test Data From Clinical Laboratories,03/13/2021,People Tested at CDPHE State Lab,5833,04/11/2021,5627
Colorado,5763976,Daily COVID-19 PCR Test Data From Clinical Laboratories,03/13/2021,People Tested at Non-CDPHE (Commerical) Labs,25621,04/11/2021,5628
Colorado,5763976,Daily COVID-19 PCR Test Data From Clinical Laboratories,03/13/2021,Cumulative People Tested at CDPHE State Lab,1375941,04/11/2021,5629
Colorado,5763976,Daily COVID-19 PCR Test Data From Clinical Laboratories,03/13/2021,Cumulative People Tested at Non-CDPHE (Commerical) Labs,5223460,04/11/2021,5630
Colorado,5763976,Daily COVID-19 PCR Test Data From Clinical Laboratories,03/13/2021,7-Day Average Percent Positivity,0.035,04/11/2021,5631
Colorado,5763976,Daily COVID-19 PCR Test Data From Clinical Laboratories,03/13/2021,3-Day Average Percent Positivity,0.035,04/11/2021,5632
Colorado,5763976,Daily COVID-19 Antibody Test Data From Clinical Laboratories,03/13/2021,Antibody Tests Performed,1599,04/11/2021,5633
Colorado,5763976,Daily COVID-19 Antibody Test Data From Clinical Laboratories,03/13/2021,Number of negative tests,1340,04/11/2021,5634
Colorado,5763976,Daily COVID-19 Antibody Test Data From Clinical Laboratories,03/13/2021,Number of positive tests,259,04/11/2021,5635
Colorado,5763976,Daily COVID-19 Antibody Test Data From Clinical Laboratories,03/13/2021,Total Tests per 100K People,27.741,04/11/2021,5636
Colorado,5763976,Daily COVID-19 Antibody Test Data From Clinical Laboratories,03/13/2021,Percent Positivity,0.162,04/11/2021,5637
Colorado,5763976,Daily COVID-19 Antibody Test Data From Clinical Laboratories,03/13/2021,7-Day Average Percent Positivity,0.196,04/11/2021,5638
Colorado,5763976,Daily COVID-19 Antibody Test Data From Clinical Laboratories,03/13/2021,3-Day Average Percent Positivity,0.209,04/11/2021,5639
Colorado,5763976,Daily COVID-19 Antibody Test Data From Clinical Laboratories,03/13/2021,Cumulative Antibody Tests Performed,457324,04/11/2021,5640
Colorado,5763976,Daily COVID-19 PCR Test Data From Clinical Laboratories,03/14/2021,Percent Positivity,0.054,04/11/2021,5641
Colorado,5763976,Daily COVID-19 PCR Test Data From Clinical Laboratories,03/14/2021,People Tested at CDPHE State Lab,665,04/11/2021,5642
Colorado,5763976,Daily COVID-19 PCR Test Data From Clinical Laboratories,03/14/2021,People Tested at Non-CDPHE (Commerical) Labs,4976,04/11/2021,5643
Colorado,5763976,Daily COVID-19 PCR Test Data From Clinical Laboratories,03/14/2021,Cumulative People Tested at CDPHE State Lab,1376606,04/11/2021,5644
Colorado,5763976,Daily COVID-19 PCR Test Data From Clinical Laboratories,03/14/2021,Cumulative People Tested at Non-CDPHE (Commerical) Labs,5228436,04/11/2021,5645
Colorado,5763976,Daily COVID-19 PCR Test Data From Clinical Laboratories,03/14/2021,7-Day Average Percent Positivity,0.035,04/11/2021,5646
Colorado,5763976,Daily COVID-19 PCR Test Data From Clinical Laboratories,03/14/2021,3-Day Average Percent Positivity,0.038,04/11/2021,5647
Colorado,5763976,Daily COVID-19 Antibody Test Data From Clinical Laboratories,03/14/2021,Antibody Tests Performed,2716,04/11/2021,5648
Colorado,5763976,Daily COVID-19 Antibody Test Data From Clinical Laboratories,03/14/2021,Number of negative tests,1964,04/11/2021,5649
Colorado,5763976,Daily COVID-19 Antibody Test Data From Clinical Laboratories,03/14/2021,Number of positive tests,752,04/11/2021,5650
Colorado,5763976,Daily COVID-19 PCR Test Data From Clinical Laboratories,02/24/2021,Cumulative People Tested at Non-CDPHE (Commerical) Labs,4873899,04/11/2021,5651
Colorado,5763976,Daily COVID-19 Antibody Test Data From Clinical Laboratories,02/27/2021,Number of positive tests,279,04/11/2021,5652
Colorado,5763976,Daily COVID-19 PCR Test Data From Clinical Laboratories,03/17/2021,Cumulative People Tested at CDPHE State Lab,1391647,04/11/2021,5653
Colorado,5763976,Daily COVID-19 PCR Test Data From Clinical Laboratories,03/02/2021,People Tested at Non-CDPHE (Commerical) Labs,23064,04/11/2021,5654
Colorado,5763976,Daily COVID-19 Antibody Test Data From Clinical Laboratories,03/14/2021,Total Tests per 100K People,47.12,04/11/2021,5655
Colorado,5763976,Daily COVID-19 Antibody Test Data From Clinical Laboratories,03/05/2021,Antibody Tests Performed,2564,04/11/2021,5656
Colorado,5763976,Daily COVID-19 PCR Test Data From Clinical Laboratories,03/08/2021,Percent Positivity,0.042,04/11/2021,5657
Colorado,5763976,Daily COVID-19 Antibody Test Data From Clinical Laboratories,02/27/2021,Total Tests per 100K People,27.464,04/11/2021,5658
Colorado,5763976,Daily COVID-19 PCR Test Data From Clinical Laboratories,03/08/2021,People Tested at CDPHE State Lab,2036,04/11/2021,5659
Colorado,5763976,Daily COVID-19 Antibody Test Data From Clinical Laboratories,02/27/2021,Percent Positivity,0.176,04/11/2021,5660
Colorado,5763976,Daily COVID-19 PCR Test Data From Clinical Laboratories,02/24/2021,7-Day Average Percent Positivity,0.036,04/11/2021,5661
Colorado,5763976,Daily COVID-19 PCR Test Data From Clinical Laboratories,03/08/2021,People Tested at Non-CDPHE (Commerical) Labs,9408,04/11/2021,5662
Colorado,5763976,Daily COVID-19 Antibody Test Data From Clinical Laboratories,02/27/2021,7-Day Average Percent Positivity,0.196,04/11/2021,5663
Colorado,5763976,Daily COVID-19 Antibody Test Data From Clinical Laboratories,03/05/2021,Number of negative tests,2047,04/11/2021,5664
Colorado,5763976,Daily COVID-19 Antibody Test Data From Clinical Laboratories,03/14/2021,Percent Positivity,0.277,04/11/2021,5665
Colorado,5763976,Daily COVID-19 Antibody Test Data From Clinical Laboratories,03/14/2021,7-Day Average Percent Positivity,0.204,04/11/2021,5666
Colorado,5763976,Daily COVID-19 Antibody Test Data From Clinical Laboratories,03/14/2021,3-Day Average Percent Positivity,0.259,04/11/2021,5667
Colorado,5763976,Daily COVID-19 Antibody Test Data From Clinical Laboratories,03/14/2021,Cumulative Antibody Tests Performed,460040,04/11/2021,5668
Colorado,5763976,Weekly COVID-19 PCR Test Data From Clinical Laboratories,03/14/2021,People Tested at CDPHE State Lab,42799,04/11/2021,5669
Colorado,5763976,Weekly COVID-19 PCR Test Data From Clinical Laboratories,03/14/2021,People Tested at Non-CDPHE (Commerical) Labs,110951,04/11/2021,5670
Colorado,5763976,Weekly COVID-19 PCR Test Data From Clinical Laboratories,03/14/2021,Weekly Percent Positivity,0.04,04/11/2021,5671
Colorado,5763976,Weekly COVID-19 PCR Test Data From Clinical Laboratories,03/14/2021,Cumulative People Tested at CDPHE State Lab,1418740,04/11/2021,5672
Colorado,5763976,Weekly COVID-19 PCR Test Data From Clinical Laboratories,03/14/2021,Cumulative People Tested at Non-CDPHE (Commerical) Labs,5334411,04/11/2021,5673
Colorado,5763976,Weekly COVID-19 PCR Test Data From Clinical Laboratories,03/14/2021,Percent Change in Weekly Positivity,0.15,04/11/2021,5674
Colorado,5763976,Weekly COVID-19 Antibody Test Data From Clinical Laboratories,03/14/2021,Antibody Tests Performed,17244,04/11/2021,5675
Colorado,5763976,Weekly COVID-19 Antibody Test Data From Clinical Laboratories,03/14/2021,Number of positive tests,3626,04/11/2021,5676
Colorado,5763976,Weekly COVID-19 Antibody Test Data From Clinical Laboratories,03/14/2021,Number of negative tests,13618,04/11/2021,5677
Colorado,5763976,Weekly COVID-19 Antibody Test Data From Clinical Laboratories,03/14/2021,Weekly Percent Positivity,0.21,04/11/2021,5678
Colorado,5763976,Weekly COVID-19 Antibody Test Data From Clinical Laboratories,03/14/2021,Cumulative Antibody Tests Performed,474568,04/11/2021,5679
Colorado,5763976,Weekly COVID-19 Antibody Test Data From Clinical Laboratories,03/14/2021,Percent Change in Weekly Positivity,0.07,04/11/2021,5680
Colorado,5763976,Daily COVID-19 PCR Test Data From Clinical Laboratories,03/15/2021,Percent Positivity,0.046,04/11/2021,5681
Colorado,5763976,Daily COVID-19 PCR Test Data From Clinical Laboratories,03/15/2021,People Tested at CDPHE State Lab,808,04/11/2021,5682
Colorado,5763976,Daily COVID-19 PCR Test Data From Clinical Laboratories,03/15/2021,People Tested at Non-CDPHE (Commerical) Labs,2623,04/11/2021,5683
Colorado,5763976,Daily COVID-19 PCR Test Data From Clinical Laboratories,03/15/2021,Cumulative People Tested at CDPHE State Lab,1377414,04/11/2021,5684
Colorado,5763976,Daily COVID-19 PCR Test Data From Clinical Laboratories,03/15/2021,Cumulative People Tested at Non-CDPHE (Commerical) Labs,5231059,04/11/2021,5685
Colorado,5763976,Daily COVID-19 PCR Test Data From Clinical Laboratories,03/15/2021,7-Day Average Percent Positivity,0.035,04/11/2021,5686
Colorado,5763976,Daily COVID-19 PCR Test Data From Clinical Laboratories,03/15/2021,3-Day Average Percent Positivity,0.041,04/11/2021,5687
Colorado,5763976,Daily COVID-19 Antibody Test Data From Clinical Laboratories,03/15/2021,Antibody Tests Performed,2188,04/11/2021,5688
Colorado,5763976,Daily COVID-19 Antibody Test Data From Clinical Laboratories,03/15/2021,Number of negative tests,1589,04/11/2021,5689
Colorado,5763976,Daily COVID-19 Antibody Test Data From Clinical Laboratories,03/15/2021,Number of positive tests,599,04/11/2021,5690
Colorado,5763976,Daily COVID-19 Antibody Test Data From Clinical Laboratories,03/15/2021,Total Tests per 100K People,37.96,04/11/2021,5691
Colorado,5763976,Daily COVID-19 Antibody Test Data From Clinical Laboratories,03/15/2021,Percent Positivity,0.274,04/11/2021,5692
Colorado,5763976,Daily COVID-19 Antibody Test Data From Clinical Laboratories,03/15/2021,7-Day Average Percent Positivity,0.213,04/11/2021,5693
Colorado,5763976,Daily COVID-19 Antibody Test Data From Clinical Laboratories,03/15/2021,3-Day Average Percent Positivity,0.248,04/11/2021,5694
Colorado,5763976,Daily COVID-19 Antibody Test Data From Clinical Laboratories,03/15/2021,Cumulative Antibody Tests Performed,462228,04/11/2021,5695
Colorado,5763976,Daily COVID-19 PCR Test Data From Clinical Laboratories,03/16/2021,Percent Positivity,0.037,04/11/2021,5696
Colorado,5763976,Daily COVID-19 PCR Test Data From Clinical Laboratories,03/16/2021,People Tested at CDPHE State Lab,4205,04/11/2021,5697
Colorado,5763976,Daily COVID-19 PCR Test Data From Clinical Laboratories,03/16/2021,People Tested at Non-CDPHE (Commerical) Labs,10436,04/11/2021,5698
Colorado,5763976,Daily COVID-19 PCR Test Data From Clinical Laboratories,03/16/2021,Cumulative People Tested at CDPHE State Lab,1381619,04/11/2021,5699
Colorado,5763976,Daily COVID-19 PCR Test Data From Clinical Laboratories,03/16/2021,Cumulative People Tested at Non-CDPHE (Commerical) Labs,5241495,04/11/2021,5700
Colorado,5763976,Daily COVID-19 PCR Test Data From Clinical Laboratories,03/16/2021,7-Day Average Percent Positivity,0.035,04/11/2021,5701
Colorado,5763976,Daily COVID-19 PCR Test Data From Clinical Laboratories,03/16/2021,3-Day Average Percent Positivity,0.042,04/11/2021,5702
Colorado,5763976,Daily COVID-19 Antibody Test Data From Clinical Laboratories,03/16/2021,Antibody Tests Performed,2496,04/11/2021,5703
Colorado,5763976,Daily COVID-19 Antibody Test Data From Clinical Laboratories,03/16/2021,Number of negative tests,2122,04/11/2021,5704
Colorado,5763976,Daily COVID-19 Antibody Test Data From Clinical Laboratories,03/16/2021,Number of positive tests,374,04/11/2021,5705
Colorado,5763976,Daily COVID-19 Antibody Test Data From Clinical Laboratories,03/16/2021,Total Tests per 100K People,43.303,04/11/2021,5706
Colorado,5763976,Daily COVID-19 Antibody Test Data From Clinical Laboratories,03/16/2021,Percent Positivity,0.15,04/11/2021,5707
Colorado,5763976,Daily COVID-19 Antibody Test Data From Clinical Laboratories,03/16/2021,7-Day Average Percent Positivity,0.208,04/11/2021,5708
Colorado,5763976,Daily COVID-19 Antibody Test Data From Clinical Laboratories,03/16/2021,3-Day Average Percent Positivity,0.233,04/11/2021,5709
Colorado,5763976,Daily COVID-19 Antibody Test Data From Clinical Laboratories,03/16/2021,Cumulative Antibody Tests Performed,464724,04/11/2021,5710
Colorado,5763976,Daily COVID-19 PCR Test Data From Clinical Laboratories,03/17/2021,Percent Positivity,0.036,04/11/2021,5711
Colorado,5763976,Daily COVID-19 PCR Test Data From Clinical Laboratories,03/17/2021,People Tested at CDPHE State Lab,10028,04/11/2021,5712
Colorado,5763976,Daily COVID-19 PCR Test Data From Clinical Laboratories,03/17/2021,People Tested at Non-CDPHE (Commerical) Labs,24927,04/11/2021,5713
Colorado,5763976,Daily COVID-19 Antibody Test Data From Clinical Laboratories,03/05/2021,Number of positive tests,517,04/11/2021,5714
Colorado,5763976,Daily COVID-19 PCR Test Data From Clinical Laboratories,03/17/2021,Cumulative People Tested at Non-CDPHE (Commerical) Labs,5266422,04/11/2021,5715
Colorado,5763976,Daily COVID-19 PCR Test Data From Clinical Laboratories,03/08/2021,Cumulative People Tested at CDPHE State Lab,1335543,04/11/2021,5716
Colorado,5763976,Daily COVID-19 PCR Test Data From Clinical Laboratories,03/02/2021,Cumulative People Tested at CDPHE State Lab,1296022,04/11/2021,5717
Colorado,5763976,Daily COVID-19 PCR Test Data From Clinical Laboratories,02/24/2021,3-Day Average Percent Positivity,0.035,04/11/2021,5718
Colorado,5763976,Daily COVID-19 Antibody Test Data From Clinical Laboratories,02/27/2021,3-Day Average Percent Positivity,0.198,04/11/2021,5719
Colorado,5763976,Daily COVID-19 Antibody Test Data From Clinical Laboratories,02/24/2021,Antibody Tests Performed,2742,04/11/2021,5720
Colorado,5763976,Daily COVID-19 Antibody Test Data From Clinical Laboratories,02/24/2021,Number of negative tests,2211,04/11/2021,5721
Colorado,5763976,Daily COVID-19 Antibody Test Data From Clinical Laboratories,02/24/2021,Number of positive tests,531,04/11/2021,5722
Colorado,5763976,Daily COVID-19 Antibody Test Data From Clinical Laboratories,02/24/2021,Total Tests per 100K People,47.571,04/11/2021,5723
Colorado,5763976,Daily COVID-19 Antibody Test Data From Clinical Laboratories,02/24/2021,Percent Positivity,0.194,04/11/2021,5724
Colorado,5763976,Daily COVID-19 Antibody Test Data From Clinical Laboratories,02/24/2021,7-Day Average Percent Positivity,0.201,04/11/2021,5725
Colorado,5763976,Daily COVID-19 Antibody Test Data From Clinical Laboratories,02/24/2021,3-Day Average Percent Positivity,0.196,04/11/2021,5726
Colorado,5763976,Daily COVID-19 Antibody Test Data From Clinical Laboratories,02/24/2021,Cumulative Antibody Tests Performed,413976,04/11/2021,5727
Colorado,5763976,Daily COVID-19 PCR Test Data From Clinical Laboratories,02/25/2021,Percent Positivity,0.031,04/11/2021,5728
Colorado,5763976,Daily COVID-19 PCR Test Data From Clinical Laboratories,02/25/2021,People Tested at CDPHE State Lab,10966,04/11/2021,5729
Colorado,5763976,Daily COVID-19 PCR Test Data From Clinical Laboratories,02/25/2021,People Tested at Non-CDPHE (Commerical) Labs,31670,04/11/2021,5730
Colorado,5763976,Daily COVID-19 PCR Test Data From Clinical Laboratories,02/25/2021,Cumulative People Tested at CDPHE State Lab,1267870,04/11/2021,5731
Colorado,5763976,Daily COVID-19 PCR Test Data From Clinical Laboratories,02/25/2021,Cumulative People Tested at Non-CDPHE (Commerical) Labs,4905569,04/11/2021,5732
Colorado,5763976,Daily COVID-19 PCR Test Data From Clinical Laboratories,02/25/2021,7-Day Average Percent Positivity,0.035,04/11/2021,5733
Colorado,5763976,Daily COVID-19 PCR Test Data From Clinical Laboratories,02/25/2021,3-Day Average Percent Positivity,0.032,04/11/2021,5734
Colorado,5763976,Daily COVID-19 Antibody Test Data From Clinical Laboratories,02/25/2021,Antibody Tests Performed,3043,04/11/2021,5735
Colorado,5763976,Daily COVID-19 Antibody Test Data From Clinical Laboratories,02/25/2021,Number of negative tests,2421,04/11/2021,5736
Colorado,5763976,Daily COVID-19 Antibody Test Data From Clinical Laboratories,02/25/2021,Number of positive tests,622,04/11/2021,5737
Colorado,5763976,Daily COVID-19 Antibody Test Data From Clinical Laboratories,02/25/2021,Total Tests per 100K People,52.793,04/11/2021,5738
Colorado,5763976,Daily COVID-19 Antibody Test Data From Clinical Laboratories,02/25/2021,Percent Positivity,0.204,04/11/2021,5739
Colorado,5763976,Daily COVID-19 Antibody Test Data From Clinical Laboratories,02/25/2021,7-Day Average Percent Positivity,0.2,04/11/2021,5740
Colorado,5763976,Daily COVID-19 Antibody Test Data From Clinical Laboratories,02/25/2021,3-Day Average Percent Positivity,0.196,04/11/2021,5741
Colorado,5763976,Daily COVID-19 Antibody Test Data From Clinical Laboratories,02/25/2021,Cumulative Antibody Tests Performed,417019,04/11/2021,5742
Colorado,5763976,Daily COVID-19 PCR Test Data From Clinical Laboratories,02/26/2021,Percent Positivity,0.032,04/11/2021,5743
Colorado,5763976,Daily COVID-19 PCR Test Data From Clinical Laboratories,02/26/2021,People Tested at CDPHE State Lab,9723,04/11/2021,5744
Colorado,5763976,Daily COVID-19 PCR Test Data From Clinical Laboratories,02/26/2021,People Tested at Non-CDPHE (Commerical) Labs,20934,04/11/2021,5745
Colorado,5763976,Daily COVID-19 PCR Test Data From Clinical Laboratories,02/26/2021,Cumulative People Tested at CDPHE State Lab,1277593,04/11/2021,5746
Colorado,5763976,Daily COVID-19 PCR Test Data From Clinical Laboratories,02/26/2021,Cumulative People Tested at Non-CDPHE (Commerical) Labs,4926503,04/11/2021,5747
Colorado,5763976,Daily COVID-19 PCR Test Data From Clinical Laboratories,02/26/2021,7-Day Average Percent Positivity,0.034,04/11/2021,5748
Colorado,5763976,Daily COVID-19 PCR Test Data From Clinical Laboratories,02/26/2021,3-Day Average Percent Positivity,0.032,04/11/2021,5749
Colorado,5763976,Daily COVID-19 Antibody Test Data From Clinical Laboratories,02/26/2021,Antibody Tests Performed,2333,04/11/2021,5750
Colorado,5763976,Daily COVID-19 Antibody Test Data From Clinical Laboratories,02/26/2021,Number of negative tests,1853,04/11/2021,5751
Colorado,5763976,Daily COVID-19 Antibody Test Data From Clinical Laboratories,02/26/2021,Number of positive tests,480,04/11/2021,5752
Colorado,5763976,Daily COVID-19 Antibody Test Data From Clinical Laboratories,02/26/2021,Total Tests per 100K People,40.475,04/11/2021,5753
Colorado,5763976,Daily COVID-19 Antibody Test Data From Clinical Laboratories,02/26/2021,Percent Positivity,0.206,04/11/2021,5754
Colorado,5763976,Daily COVID-19 Antibody Test Data From Clinical Laboratories,02/26/2021,7-Day Average Percent Positivity,0.199,04/11/2021,5755
Colorado,5763976,Daily COVID-19 Antibody Test Data From Clinical Laboratories,02/26/2021,3-Day Average Percent Positivity,0.201,04/11/2021,5756
Colorado,5763976,Daily COVID-19 Antibody Test Data From Clinical Laboratories,02/26/2021,Cumulative Antibody Tests Performed,419352,04/11/2021,5757
Colorado,5763976,Daily COVID-19 PCR Test Data From Clinical Laboratories,02/27/2021,Percent Positivity,0.034,04/11/2021,5758
Colorado,5763976,Daily COVID-19 PCR Test Data From Clinical Laboratories,02/27/2021,People Tested at CDPHE State Lab,6738,04/11/2021,5759
Colorado,5763976,Daily COVID-19 PCR Test Data From Clinical Laboratories,02/27/2021,People Tested at Non-CDPHE (Commerical) Labs,20959,04/11/2021,5760
Colorado,5763976,Daily COVID-19 PCR Test Data From Clinical Laboratories,02/27/2021,Cumulative People Tested at CDPHE State Lab,1284331,04/11/2021,5761
Colorado,5763976,Daily COVID-19 PCR Test Data From Clinical Laboratories,02/27/2021,Cumulative People Tested at Non-CDPHE (Commerical) Labs,4947462,04/11/2021,5762
Colorado,5763976,Daily COVID-19 PCR Test Data From Clinical Laboratories,02/27/2021,7-Day Average Percent Positivity,0.034,04/11/2021,5763
Colorado,5763976,Daily COVID-19 PCR Test Data From Clinical Laboratories,02/27/2021,3-Day Average Percent Positivity,0.032,04/11/2021,5764
Colorado,5763976,Daily COVID-19 Antibody Test Data From Clinical Laboratories,02/27/2021,Antibody Tests Performed,1583,04/11/2021,5765
Colorado,5763976,Daily COVID-19 Antibody Test Data From Clinical Laboratories,02/27/2021,Number of negative tests,1304,04/11/2021,5766
Colorado,5763976,Daily COVID-19 PCR Test Data From Clinical Laboratories,03/08/2021,Cumulative People Tested at Non-CDPHE (Commerical) Labs,5107256,04/11/2021,5767
Colorado,5763976,Daily COVID-19 PCR Test Data From Clinical Laboratories,03/08/2021,7-Day Average Percent Positivity,0.033,04/11/2021,5768
Colorado,5763976,Daily COVID-19 PCR Test Data From Clinical Laboratories,03/08/2021,3-Day Average Percent Positivity,0.038,04/11/2021,5769
Colorado,5763976,Daily COVID-19 Antibody Test Data From Clinical Laboratories,03/08/2021,Antibody Tests Performed,3030,04/11/2021,5770
Colorado,5763976,Daily COVID-19 Antibody Test Data From Clinical Laboratories,03/08/2021,Number of negative tests,2415,04/11/2021,5771
Colorado,5763976,Daily COVID-19 Antibody Test Data From Clinical Laboratories,03/08/2021,Number of positive tests,615,04/11/2021,5772
Colorado,5763976,Daily COVID-19 Antibody Test Data From Clinical Laboratories,03/08/2021,Total Tests per 100K People,52.568,04/11/2021,5773
Colorado,5763976,Daily COVID-19 Antibody Test Data From Clinical Laboratories,03/08/2021,Percent Positivity,0.203,04/11/2021,5774
Colorado,5763976,Daily COVID-19 Antibody Test Data From Clinical Laboratories,03/08/2021,7-Day Average Percent Positivity,0.224,04/11/2021,5775
Colorado,5763976,Daily COVID-19 Antibody Test Data From Clinical Laboratories,03/08/2021,3-Day Average Percent Positivity,0.222,04/11/2021,5776
Colorado,5763976,Daily COVID-19 Antibody Test Data From Clinical Laboratories,03/08/2021,Cumulative Antibody Tests Performed,444168,04/11/2021,5777
Colorado,5763976,Daily COVID-19 PCR Test Data From Clinical Laboratories,03/09/2021,Percent Positivity,0.031,04/11/2021,5778
Colorado,5763976,Daily COVID-19 PCR Test Data From Clinical Laboratories,03/09/2021,People Tested at CDPHE State Lab,8508,04/11/2021,5779
Colorado,5763976,Daily COVID-19 PCR Test Data From Clinical Laboratories,03/09/2021,People Tested at Non-CDPHE (Commerical) Labs,20612,04/11/2021,5780
Colorado,5763976,Daily COVID-19 PCR Test Data From Clinical Laboratories,03/09/2021,Cumulative People Tested at CDPHE State Lab,1344051,04/11/2021,5781
Colorado,5763976,Daily COVID-19 PCR Test Data From Clinical Laboratories,03/09/2021,Cumulative People Tested at Non-CDPHE (Commerical) Labs,5127868,04/11/2021,5782
Colorado,5763976,Daily COVID-19 PCR Test Data From Clinical Laboratories,03/09/2021,7-Day Average Percent Positivity,0.033,04/11/2021,5783
Colorado,5763976,Daily COVID-19 PCR Test Data From Clinical Laboratories,03/09/2021,3-Day Average Percent Positivity,0.037,04/11/2021,5784
Colorado,5763976,Daily COVID-19 PCR Test Data From Clinical Laboratories,03/17/2021,7-Day Average Percent Positivity,0.037,04/11/2021,5785
Colorado,5763976,Daily COVID-19 Antibody Test Data From Clinical Laboratories,03/09/2021,Antibody Tests Performed,2652,04/11/2021,5786
Colorado,5763976,Daily COVID-19 Antibody Test Data From Clinical Laboratories,03/09/2021,Number of negative tests,2168,04/11/2021,5787
Colorado,5763976,Daily COVID-19 Antibody Test Data From Clinical Laboratories,03/09/2021,Number of positive tests,484,04/11/2021,5788
Colorado,5763976,Daily COVID-19 Antibody Test Data From Clinical Laboratories,03/09/2021,Total Tests per 100K People,46.01,04/11/2021,5789
Colorado,5763976,Daily COVID-19 Antibody Test Data From Clinical Laboratories,03/09/2021,Percent Positivity,0.182,04/11/2021,5790
Colorado,5763976,Daily COVID-19 Antibody Test Data From Clinical Laboratories,03/09/2021,7-Day Average Percent Positivity,0.213,04/11/2021,5791
Colorado,5763976,Daily COVID-19 Antibody Test Data From Clinical Laboratories,03/09/2021,3-Day Average Percent Positivity,0.203,04/11/2021,5792
Colorado,5763976,Daily COVID-19 Antibody Test Data From Clinical Laboratories,03/09/2021,Cumulative Antibody Tests Performed,446820,04/11/2021,5793
Colorado,5763976,Daily COVID-19 PCR Test Data From Clinical Laboratories,03/10/2021,Percent Positivity,0.03,04/11/2021,5794
Colorado,5763976,Daily COVID-19 PCR Test Data From Clinical Laboratories,03/10/2021,People Tested at CDPHE State Lab,7933,04/11/2021,5795
Colorado,5763976,Daily COVID-19 PCR Test Data From Clinical Laboratories,03/10/2021,People Tested at Non-CDPHE (Commerical) Labs,23815,04/11/2021,5796
Colorado,5763976,Daily COVID-19 PCR Test Data From Clinical Laboratories,03/10/2021,Cumulative People Tested at CDPHE State Lab,1351984,04/11/2021,5797
Colorado,5763976,Daily COVID-19 PCR Test Data From Clinical Laboratories,03/10/2021,Cumulative People Tested at Non-CDPHE (Commerical) Labs,5151683,04/11/2021,5798
Colorado,5763976,Daily COVID-19 PCR Test Data From Clinical Laboratories,03/10/2021,7-Day Average Percent Positivity,0.033,04/11/2021,5799
Colorado,5763976,Daily COVID-19 PCR Test Data From Clinical Laboratories,03/10/2021,3-Day Average Percent Positivity,0.032,04/11/2021,5800
Colorado,5763976,Daily COVID-19 Antibody Test Data From Clinical Laboratories,03/10/2021,Antibody Tests Performed,2631,04/11/2021,5801
Colorado,5763976,Daily COVID-19 Antibody Test Data From Clinical Laboratories,03/10/2021,Number of negative tests,2269,04/11/2021,5802
Colorado,5763976,Daily COVID-19 Antibody Test Data From Clinical Laboratories,03/10/2021,Number of positive tests,362,04/11/2021,5803
Colorado,5763976,Daily COVID-19 Antibody Test Data From Clinical Laboratories,03/10/2021,Total Tests per 100K People,45.646,04/11/2021,5804
Colorado,5763976,Daily COVID-19 Antibody Test Data From Clinical Laboratories,02/27/2021,Cumulative Antibody Tests Performed,420935,04/11/2021,5805
Colorado,5763976,Daily COVID-19 Antibody Test Data From Clinical Laboratories,03/05/2021,Total Tests per 100K People,44.483,04/11/2021,5806
Colorado,5763976,Daily COVID-19 PCR Test Data From Clinical Laboratories,03/02/2021,Cumulative People Tested at Non-CDPHE (Commerical) Labs,4993698,04/11/2021,5807
Colorado,5763976,Daily COVID-19 Antibody Test Data From Clinical Laboratories,03/10/2021,Percent Positivity,0.138,04/11/2021,5808
Colorado,5763976,Daily COVID-19 Antibody Test Data From Clinical Laboratories,03/10/2021,7-Day Average Percent Positivity,0.203,04/11/2021,5809
Colorado,5763976,Daily COVID-19 Antibody Test Data From Clinical Laboratories,03/10/2021,3-Day Average Percent Positivity,0.176,04/11/2021,5810
Colorado,5763976,Daily COVID-19 Antibody Test Data From Clinical Laboratories,03/10/2021,Cumulative Antibody Tests Performed,449451,04/11/2021,5811
Colorado,5763976,Daily COVID-19 PCR Test Data From Clinical Laboratories,03/11/2021,Percent Positivity,0.032,04/11/2021,5812
Colorado,5763976,Daily COVID-19 PCR Test Data From Clinical Laboratories,03/11/2021,People Tested at CDPHE State Lab,10615,04/11/2021,5813
Colorado,5763976,Daily COVID-19 PCR Test Data From Clinical Laboratories,03/11/2021,People Tested at Non-CDPHE (Commerical) Labs,21698,04/11/2021,5814
Colorado,5763976,Daily COVID-19 PCR Test Data From Clinical Laboratories,03/11/2021,Cumulative People Tested at CDPHE State Lab,1362599,04/11/2021,5815
Colorado,5763976,Daily COVID-19 PCR Test Data From Clinical Laboratories,03/11/2021,Cumulative People Tested at Non-CDPHE (Commerical) Labs,5173381,04/11/2021,5816
Colorado,5763976,Daily COVID-19 Antibody Test Data From Clinical Laboratories,03/05/2021,Percent Positivity,0.202,04/11/2021,5817
Colorado,5763976,Daily COVID-19 Antibody Test Data From Clinical Laboratories,03/05/2021,7-Day Average Percent Positivity,0.218,04/11/2021,5818
Colorado,5763976,Daily COVID-19 Antibody Test Data From Clinical Laboratories,03/05/2021,3-Day Average Percent Positivity,0.216,04/11/2021,5819
Colorado,5763976,Daily COVID-19 Antibody Test Data From Clinical Laboratories,03/05/2021,Cumulative Antibody Tests Performed,437201,04/11/2021,5820
Colorado,5763976,Daily COVID-19 PCR Test Data From Clinical Laboratories,03/06/2021,Percent Positivity,0.032,04/11/2021,5821
Colorado,5763976,Daily COVID-19 PCR Test Data From Clinical Laboratories,03/06/2021,People Tested at CDPHE State Lab,8535,04/11/2021,5822
Colorado,5763976,Daily COVID-19 PCR Test Data From Clinical Laboratories,03/06/2021,People Tested at Non-CDPHE (Commerical) Labs,17721,04/11/2021,5823
Colorado,5763976,Daily COVID-19 PCR Test Data From Clinical Laboratories,03/06/2021,Cumulative People Tested at CDPHE State Lab,1331710,04/11/2021,5824
Colorado,5763976,Daily COVID-19 PCR Test Data From Clinical Laboratories,03/06/2021,Cumulative People Tested at Non-CDPHE (Commerical) Labs,5087920,04/11/2021,5825
Colorado,5763976,Daily COVID-19 PCR Test Data From Clinical Laboratories,03/06/2021,7-Day Average Percent Positivity,0.033,04/11/2021,5826
Colorado,5763976,Daily COVID-19 PCR Test Data From Clinical Laboratories,03/06/2021,3-Day Average Percent Positivity,0.031,04/11/2021,5827
Colorado,5763976,Daily COVID-19 Antibody Test Data From Clinical Laboratories,03/06/2021,Antibody Tests Performed,2213,04/11/2021,5828
Colorado,5763976,Daily COVID-19 Antibody Test Data From Clinical Laboratories,03/06/2021,Number of negative tests,1687,04/11/2021,5829
Colorado,5763976,Daily COVID-19 Antibody Test Data From Clinical Laboratories,03/06/2021,Number of positive tests,526,04/11/2021,5830
Colorado,5763976,Daily COVID-19 Antibody Test Data From Clinical Laboratories,03/06/2021,Total Tests per 100K People,38.394,04/11/2021,5831
Colorado,5763976,Daily COVID-19 Antibody Test Data From Clinical Laboratories,03/06/2021,Percent Positivity,0.238,04/11/2021,5832
Colorado,5763976,Daily COVID-19 Antibody Test Data From Clinical Laboratories,03/06/2021,7-Day Average Percent Positivity,0.224,04/11/2021,5833
Colorado,5763976,Daily COVID-19 Antibody Test Data From Clinical Laboratories,03/06/2021,3-Day Average Percent Positivity,0.225,04/11/2021,5834
Colorado,5763976,Daily COVID-19 Antibody Test Data From Clinical Laboratories,03/06/2021,Cumulative Antibody Tests Performed,439414,04/11/2021,5835
Colorado,5763976,Daily COVID-19 PCR Test Data From Clinical Laboratories,03/07/2021,Percent Positivity,0.046,04/11/2021,5836
Colorado,5763976,Daily COVID-19 PCR Test Data From Clinical Laboratories,03/07/2021,People Tested at CDPHE State Lab,1797,04/11/2021,5837
Colorado,5763976,Daily COVID-19 PCR Test Data From Clinical Laboratories,03/07/2021,People Tested at Non-CDPHE (Commerical) Labs,9928,04/11/2021,5838
Colorado,5763976,Daily COVID-19 PCR Test Data From Clinical Laboratories,03/07/2021,Cumulative People Tested at CDPHE State Lab,1333507,04/11/2021,5839
Colorado,5763976,Daily COVID-19 PCR Test Data From Clinical Laboratories,03/07/2021,Cumulative People Tested at Non-CDPHE (Commerical) Labs,5097848,04/11/2021,5840
Colorado,5763976,Daily COVID-19 PCR Test Data From Clinical Laboratories,03/07/2021,7-Day Average Percent Positivity,0.033,04/11/2021,5841
Colorado,5763976,Daily COVID-19 PCR Test Data From Clinical Laboratories,03/07/2021,3-Day Average Percent Positivity,0.033,04/11/2021,5842
Colorado,5763976,Daily COVID-19 Antibody Test Data From Clinical Laboratories,03/07/2021,Antibody Tests Performed,1724,04/11/2021,5843
Colorado,5763976,Daily COVID-19 Antibody Test Data From Clinical Laboratories,03/07/2021,Number of negative tests,1317,04/11/2021,5844
Colorado,5763976,Daily COVID-19 Antibody Test Data From Clinical Laboratories,03/07/2021,Number of positive tests,407,04/11/2021,5845
Colorado,5763976,Daily COVID-19 Antibody Test Data From Clinical Laboratories,03/07/2021,Total Tests per 100K People,29.91,04/11/2021,5846
Colorado,5763976,Daily COVID-19 Antibody Test Data From Clinical Laboratories,03/07/2021,Percent Positivity,0.236,04/11/2021,5847
Colorado,5763976,Daily COVID-19 Antibody Test Data From Clinical Laboratories,03/07/2021,7-Day Average Percent Positivity,0.224,04/11/2021,5848
Colorado,5763976,Daily COVID-19 Antibody Test Data From Clinical Laboratories,03/07/2021,3-Day Average Percent Positivity,0.223,04/11/2021,5849
Colorado,5763976,Daily COVID-19 Antibody Test Data From Clinical Laboratories,03/07/2021,Cumulative Antibody Tests Performed,441138,04/11/2021,5850
Colorado,5763976,Weekly COVID-19 PCR Test Data From Clinical Laboratories,03/07/2021,People Tested at CDPHE State Lab,44231,04/11/2021,5851
Colorado,5763976,Weekly COVID-19 PCR Test Data From Clinical Laboratories,03/07/2021,People Tested at Non-CDPHE (Commerical) Labs,135540,04/11/2021,5852
Colorado,5763976,Weekly COVID-19 PCR Test Data From Clinical Laboratories,03/07/2021,Weekly Percent Positivity,0.035,04/11/2021,5853
Colorado,5763976,Weekly COVID-19 PCR Test Data From Clinical Laboratories,03/07/2021,Cumulative People Tested at CDPHE State Lab,1375941,04/11/2021,5854
Colorado,5763976,Weekly COVID-19 PCR Test Data From Clinical Laboratories,03/07/2021,Cumulative People Tested at Non-CDPHE (Commerical) Labs,5223460,04/11/2021,5855
Colorado,5763976,Weekly COVID-19 PCR Test Data From Clinical Laboratories,03/07/2021,Percent Change in Weekly Positivity,0.05,04/11/2021,5856
Colorado,5763976,Weekly COVID-19 Antibody Test Data From Clinical Laboratories,03/07/2021,Antibody Tests Performed,17910,04/11/2021,5857
Colorado,5763976,Weekly COVID-19 Antibody Test Data From Clinical Laboratories,03/07/2021,Number of positive tests,3511,04/11/2021,5858
Colorado,5763976,Weekly COVID-19 Antibody Test Data From Clinical Laboratories,03/07/2021,Number of negative tests,14399,04/11/2021,5859
Colorado,5763976,Weekly COVID-19 Antibody Test Data From Clinical Laboratories,03/07/2021,Weekly Percent Positivity,0.196,04/11/2021,5860
Colorado,5763976,Weekly COVID-19 Antibody Test Data From Clinical Laboratories,03/07/2021,Cumulative Antibody Tests Performed,457324,04/11/2021,5861
Colorado,5763976,Weekly COVID-19 Antibody Test Data From Clinical Laboratories,03/07/2021,Percent Change in Weekly Positivity,-0.12,04/11/2021,5862
Colorado,5763976,Daily COVID-19 PCR Test Data From Clinical Laboratories,02/28/2021,Percent Positivity,0.053,04/11/2021,5863
Colorado,5763976,Daily COVID-19 PCR Test Data From Clinical Laboratories,03/02/2021,7-Day Average Percent Positivity,0.034,04/11/2021,5864
Colorado,5763976,Daily COVID-19 PCR Test Data From Clinical Laboratories,03/17/2021,3-Day Average Percent Positivity,0.037,04/11/2021,5865
Colorado,5763976,Daily COVID-19 PCR Test Data From Clinical Laboratories,03/02/2021,3-Day Average Percent Positivity,0.038,04/11/2021,5866
Colorado,5763976,Daily COVID-19 Antibody Test Data From Clinical Laboratories,03/02/2021,Antibody Tests Performed,3163,04/11/2021,5867
Colorado,5763976,Daily COVID-19 Antibody Test Data From Clinical Laboratories,03/02/2021,Number of negative tests,2372,04/11/2021,5868
Colorado,5763976,Daily COVID-19 Antibody Test Data From Clinical Laboratories,03/02/2021,Number of positive tests,791,04/11/2021,5869
Colorado,5763976,Daily COVID-19 Antibody Test Data From Clinical Laboratories,03/02/2021,Total Tests per 100K People,54.875,04/11/2021,5870
Colorado,5763976,Daily COVID-19 Antibody Test Data From Clinical Laboratories,03/02/2021,Percent Positivity,0.25,04/11/2021,5871
Colorado,5763976,Daily COVID-19 Antibody Test Data From Clinical Laboratories,03/02/2021,7-Day Average Percent Positivity,0.211,04/11/2021,5872
Colorado,5763976,Daily COVID-19 Antibody Test Data From Clinical Laboratories,03/02/2021,3-Day Average Percent Positivity,0.228,04/11/2021,5873
Colorado,5763976,Daily COVID-19 Antibody Test Data From Clinical Laboratories,03/02/2021,Cumulative Antibody Tests Performed,428856,04/11/2021,5874
Colorado,5763976,Daily COVID-19 PCR Test Data From Clinical Laboratories,03/03/2021,Percent Positivity,0.031,04/11/2021,5875
Colorado,5763976,Daily COVID-19 PCR Test Data From Clinical Laboratories,03/03/2021,People Tested at CDPHE State Lab,9285,04/11/2021,5876
Colorado,5763976,Daily COVID-19 PCR Test Data From Clinical Laboratories,03/03/2021,People Tested at Non-CDPHE (Commerical) Labs,30096,04/11/2021,5877
Colorado,5763976,Daily COVID-19 PCR Test Data From Clinical Laboratories,03/03/2021,Cumulative People Tested at CDPHE State Lab,1305307,04/11/2021,5878
Colorado,5763976,Daily COVID-19 PCR Test Data From Clinical Laboratories,03/03/2021,Cumulative People Tested at Non-CDPHE (Commerical) Labs,5023794,04/11/2021,5879
Colorado,5763976,Daily COVID-19 PCR Test Data From Clinical Laboratories,03/03/2021,7-Day Average Percent Positivity,0.034,04/11/2021,5880
Colorado,5763976,Daily COVID-19 PCR Test Data From Clinical Laboratories,03/03/2021,3-Day Average Percent Positivity,0.033,04/11/2021,5881
Colorado,5763976,Daily COVID-19 Antibody Test Data From Clinical Laboratories,03/03/2021,Antibody Tests Performed,2987,04/11/2021,5882
Colorado,5763976,Daily COVID-19 Antibody Test Data From Clinical Laboratories,03/03/2021,Number of negative tests,2363,04/11/2021,5883
Colorado,5763976,Daily COVID-19 Antibody Test Data From Clinical Laboratories,03/03/2021,Number of positive tests,624,04/11/2021,5884
Colorado,5763976,Daily COVID-19 Antibody Test Data From Clinical Laboratories,03/03/2021,Total Tests per 100K People,51.822,04/11/2021,5885
Colorado,5763976,Daily COVID-19 Antibody Test Data From Clinical Laboratories,03/03/2021,Percent Positivity,0.209,04/11/2021,5886
Colorado,5763976,Daily COVID-19 Antibody Test Data From Clinical Laboratories,03/03/2021,7-Day Average Percent Positivity,0.213,04/11/2021,5887
Colorado,5763976,Daily COVID-19 Antibody Test Data From Clinical Laboratories,03/03/2021,3-Day Average Percent Positivity,0.221,04/11/2021,5888
Colorado,5763976,Daily COVID-19 Antibody Test Data From Clinical Laboratories,03/03/2021,Cumulative Antibody Tests Performed,431843,04/11/2021,5889
Colorado,5763976,Daily COVID-19 PCR Test Data From Clinical Laboratories,03/04/2021,Percent Positivity,0.032,04/11/2021,5890
Colorado,5763976,Daily COVID-19 PCR Test Data From Clinical Laboratories,03/04/2021,People Tested at CDPHE State Lab,9699,04/11/2021,5891
Colorado,5763976,Daily COVID-19 PCR Test Data From Clinical Laboratories,03/04/2021,People Tested at Non-CDPHE (Commerical) Labs,24498,04/11/2021,5892
Colorado,5763976,Daily COVID-19 PCR Test Data From Clinical Laboratories,03/04/2021,Cumulative People Tested at CDPHE State Lab,1315006,04/11/2021,5893
Colorado,5763976,Daily COVID-19 PCR Test Data From Clinical Laboratories,03/04/2021,Cumulative People Tested at Non-CDPHE (Commerical) Labs,5048292,04/11/2021,5894
Colorado,5763976,Daily COVID-19 PCR Test Data From Clinical Laboratories,03/04/2021,7-Day Average Percent Positivity,0.034,04/11/2021,5895
Colorado,5763976,Daily COVID-19 PCR Test Data From Clinical Laboratories,03/04/2021,3-Day Average Percent Positivity,0.032,04/11/2021,5896
Colorado,5763976,Daily COVID-19 Antibody Test Data From Clinical Laboratories,03/04/2021,Antibody Tests Performed,2794,04/11/2021,5897
Colorado,5763976,Daily COVID-19 Antibody Test Data From Clinical Laboratories,03/04/2021,Number of negative tests,2132,04/11/2021,5898
Colorado,5763976,Daily COVID-19 Antibody Test Data From Clinical Laboratories,03/04/2021,Number of positive tests,662,04/11/2021,5899
Colorado,5763976,Daily COVID-19 Antibody Test Data From Clinical Laboratories,03/04/2021,Total Tests per 100K People,48.474,04/11/2021,5900
Colorado,5763976,Daily COVID-19 Antibody Test Data From Clinical Laboratories,03/04/2021,Percent Positivity,0.237,04/11/2021,5901
Colorado,5763976,Daily COVID-19 Antibody Test Data From Clinical Laboratories,03/04/2021,7-Day Average Percent Positivity,0.218,04/11/2021,5902
Colorado,5763976,Daily COVID-19 Antibody Test Data From Clinical Laboratories,03/04/2021,3-Day Average Percent Positivity,0.232,04/11/2021,5903
Colorado,5763976,Daily COVID-19 Antibody Test Data From Clinical Laboratories,03/04/2021,Cumulative Antibody Tests Performed,434637,04/11/2021,5904
Colorado,5763976,Daily COVID-19 PCR Test Data From Clinical Laboratories,03/05/2021,Percent Positivity,0.03,04/11/2021,5905
Colorado,5763976,Daily COVID-19 PCR Test Data From Clinical Laboratories,03/05/2021,People Tested at CDPHE State Lab,8169,04/11/2021,5906
Colorado,5763976,Daily COVID-19 PCR Test Data From Clinical Laboratories,03/05/2021,People Tested at Non-CDPHE (Commerical) Labs,21907,04/11/2021,5907
Colorado,5763976,Daily COVID-19 PCR Test Data From Clinical Laboratories,03/05/2021,Cumulative People Tested at CDPHE State Lab,1323175,04/11/2021,5908
Colorado,5763976,Daily COVID-19 PCR Test Data From Clinical Laboratories,03/05/2021,Cumulative People Tested at Non-CDPHE (Commerical) Labs,5070199,04/11/2021,5909
Colorado,5763976,Daily COVID-19 PCR Test Data From Clinical Laboratories,03/05/2021,7-Day Average Percent Positivity,0.034,04/11/2021,5910
Colorado,5763976,Daily COVID-19 PCR Test Data From Clinical Laboratories,03/05/2021,3-Day Average Percent Positivity,0.031,04/11/2021,5911
Colorado,5763976,Daily COVID-19 PCR Test Data From Clinical Laboratories,02/28/2021,People Tested at CDPHE State Lab,1295,04/11/2021,5912
Colorado,5763976,Daily COVID-19 Antibody Test Data From Clinical Laboratories,03/17/2021,Antibody Tests Performed,2274,04/11/2021,5913
Colorado,5763976,Daily COVID-19 Antibody Test Data From Clinical Laboratories,03/17/2021,Number of negative tests,1923,04/11/2021,5914
Colorado,5763976,Daily COVID-19 Antibody Test Data From Clinical Laboratories,03/17/2021,Number of positive tests,351,04/11/2021,5915
Colorado,5763976,Daily COVID-19 Antibody Test Data From Clinical Laboratories,03/17/2021,Total Tests per 100K People,39.452,04/11/2021,5916
Colorado,5763976,Daily COVID-19 Antibody Test Data From Clinical Laboratories,03/17/2021,Percent Positivity,0.154,04/11/2021,5917
Colorado,5763976,Daily COVID-19 Antibody Test Data From Clinical Laboratories,03/17/2021,7-Day Average Percent Positivity,0.212,04/11/2021,5918
Colorado,5763976,Daily COVID-19 Antibody Test Data From Clinical Laboratories,03/17/2021,3-Day Average Percent Positivity,0.19,04/11/2021,5919
Colorado,5763976,Daily COVID-19 Antibody Test Data From Clinical Laboratories,03/17/2021,Cumulative Antibody Tests Performed,466998,04/11/2021,5920
Colorado,5763976,Daily COVID-19 PCR Test Data From Clinical Laboratories,03/18/2021,Percent Positivity,0.043,04/11/2021,5921
Colorado,5763976,Daily COVID-19 PCR Test Data From Clinical Laboratories,03/18/2021,People Tested at CDPHE State Lab,12377,04/11/2021,5922
Colorado,5763976,Daily COVID-19 PCR Test Data From Clinical Laboratories,03/18/2021,People Tested at Non-CDPHE (Commerical) Labs,30123,04/11/2021,5923
Colorado,5763976,Daily COVID-19 PCR Test Data From Clinical Laboratories,03/18/2021,Cumulative People Tested at CDPHE State Lab,1404024,04/11/2021,5924
Colorado,5763976,Daily COVID-19 PCR Test Data From Clinical Laboratories,03/18/2021,Cumulative People Tested at Non-CDPHE (Commerical) Labs,5296545,04/11/2021,5925
Colorado,5763976,Daily COVID-19 PCR Test Data From Clinical Laboratories,03/18/2021,7-Day Average Percent Positivity,0.039,04/11/2021,5926
Colorado,5763976,Daily COVID-19 PCR Test Data From Clinical Laboratories,03/18/2021,3-Day Average Percent Positivity,0.039,04/11/2021,5927
Colorado,5763976,Daily COVID-19 Antibody Test Data From Clinical Laboratories,03/18/2021,Antibody Tests Performed,2424,04/11/2021,5928
Colorado,5763976,Daily COVID-19 Antibody Test Data From Clinical Laboratories,03/18/2021,Number of negative tests,1984,04/11/2021,5929
Colorado,5763976,Daily COVID-19 Antibody Test Data From Clinical Laboratories,03/18/2021,Number of positive tests,440,04/11/2021,5930
Colorado,5763976,Daily COVID-19 Antibody Test Data From Clinical Laboratories,03/18/2021,Total Tests per 100K People,42.054,04/11/2021,5931
Colorado,5763976,Daily COVID-19 Antibody Test Data From Clinical Laboratories,03/18/2021,Percent Positivity,0.181,04/11/2021,5932
Colorado,5763976,Daily COVID-19 Antibody Test Data From Clinical Laboratories,03/18/2021,7-Day Average Percent Positivity,0.221,04/11/2021,5933
Colorado,5763976,Daily COVID-19 Antibody Test Data From Clinical Laboratories,03/18/2021,3-Day Average Percent Positivity,0.162,04/11/2021,5934
Colorado,5763976,Daily COVID-19 Antibody Test Data From Clinical Laboratories,03/18/2021,Cumulative Antibody Tests Performed,469422,04/11/2021,5935
Colorado,5763976,Daily COVID-19 PCR Test Data From Clinical Laboratories,03/19/2021,Percent Positivity,0.042,04/11/2021,5936
Colorado,5763976,Daily COVID-19 PCR Test Data From Clinical Laboratories,03/19/2021,People Tested at CDPHE State Lab,7766,04/11/2021,5937
Colorado,5763976,Daily COVID-19 PCR Test Data From Clinical Laboratories,03/19/2021,People Tested at Non-CDPHE (Commerical) Labs,21902,04/11/2021,5938
Colorado,5763976,Daily COVID-19 PCR Test Data From Clinical Laboratories,03/19/2021,Cumulative People Tested at CDPHE State Lab,1411790,04/11/2021,5939
Colorado,5763976,Daily COVID-19 PCR Test Data From Clinical Laboratories,03/19/2021,Cumulative People Tested at Non-CDPHE (Commerical) Labs,5318447,04/11/2021,5940
Colorado,5763976,Daily COVID-19 PCR Test Data From Clinical Laboratories,03/19/2021,7-Day Average Percent Positivity,0.04,04/11/2021,5941
Colorado,5763976,Daily COVID-19 PCR Test Data From Clinical Laboratories,03/19/2021,3-Day Average Percent Positivity,0.04,04/11/2021,5942
Colorado,5763976,Daily COVID-19 Antibody Test Data From Clinical Laboratories,03/19/2021,Antibody Tests Performed,3048,04/11/2021,5943
Colorado,5763976,Daily COVID-19 Antibody Test Data From Clinical Laboratories,03/19/2021,Number of negative tests,2389,04/11/2021,5944
Colorado,5763976,Daily COVID-19 Antibody Test Data From Clinical Laboratories,03/19/2021,Number of positive tests,659,04/11/2021,5945
Colorado,5763976,Daily COVID-19 Antibody Test Data From Clinical Laboratories,03/19/2021,Total Tests per 100K People,52.88,04/11/2021,5946
Colorado,5763976,Daily COVID-19 Antibody Test Data From Clinical Laboratories,03/19/2021,Percent Positivity,0.216,04/11/2021,5947
Colorado,5763976,Daily COVID-19 Antibody Test Data From Clinical Laboratories,03/19/2021,7-Day Average Percent Positivity,0.205,04/11/2021,5948
Colorado,5763976,Daily COVID-19 Antibody Test Data From Clinical Laboratories,03/19/2021,3-Day Average Percent Positivity,0.187,04/11/2021,5949
Colorado,5763976,Daily COVID-19 Antibody Test Data From Clinical Laboratories,03/19/2021,Cumulative Antibody Tests Performed,472470,04/11/2021,5950
Colorado,5763976,Daily COVID-19 PCR Test Data From Clinical Laboratories,03/20/2021,Percent Positivity,0.038,04/11/2021,5951
Colorado,5763976,Daily COVID-19 PCR Test Data From Clinical Laboratories,03/20/2021,People Tested at CDPHE State Lab,6950,04/11/2021,5952
Colorado,5763976,Daily COVID-19 PCR Test Data From Clinical Laboratories,03/20/2021,People Tested at Non-CDPHE (Commerical) Labs,15964,04/11/2021,5953
Colorado,5763976,Daily COVID-19 PCR Test Data From Clinical Laboratories,03/20/2021,Cumulative People Tested at CDPHE State Lab,1418740,04/11/2021,5954
Colorado,5763976,Daily COVID-19 PCR Test Data From Clinical Laboratories,03/20/2021,Cumulative People Tested at Non-CDPHE (Commerical) Labs,5334411,04/11/2021,5955
Colorado,5763976,Daily COVID-19 PCR Test Data From Clinical Laboratories,03/20/2021,7-Day Average Percent Positivity,0.04,04/11/2021,5956
Colorado,5763976,Daily COVID-19 PCR Test Data From Clinical Laboratories,03/20/2021,3-Day Average Percent Positivity,0.041,04/11/2021,5957
Colorado,5763976,Daily COVID-19 Antibody Test Data From Clinical Laboratories,03/20/2021,Antibody Tests Performed,2098,04/11/2021,5958
Colorado,5763976,Daily COVID-19 PCR Test Data From Clinical Laboratories,02/28/2021,People Tested at Non-CDPHE (Commerical) Labs,10982,04/11/2021,5959
Colorado,5763976,Daily COVID-19 PCR Test Data From Clinical Laboratories,02/28/2021,Cumulative People Tested at CDPHE State Lab,1285626,04/11/2021,5960
Colorado,5763976,Daily COVID-19 PCR Test Data From Clinical Laboratories,02/28/2021,Cumulative People Tested at Non-CDPHE (Commerical) Labs,4958444,04/11/2021,5961
Colorado,5763976,Daily COVID-19 PCR Test Data From Clinical Laboratories,02/28/2021,7-Day Average Percent Positivity,0.035,04/11/2021,5962
Colorado,5763976,Daily COVID-19 PCR Test Data From Clinical Laboratories,02/28/2021,3-Day Average Percent Positivity,0.036,04/11/2021,5963
Colorado,5763976,Daily COVID-19 Antibody Test Data From Clinical Laboratories,02/28/2021,Antibody Tests Performed,2092,04/11/2021,5964
Colorado,5763976,Daily COVID-19 Antibody Test Data From Clinical Laboratories,02/28/2021,Number of negative tests,1612,04/11/2021,5965
Colorado,5763976,Daily COVID-19 Antibody Test Data From Clinical Laboratories,02/28/2021,Number of positive tests,480,04/11/2021,5966
Colorado,5763976,Daily COVID-19 Antibody Test Data From Clinical Laboratories,02/28/2021,Total Tests per 100K People,36.294,04/11/2021,5967
Colorado,5763976,Daily COVID-19 Antibody Test Data From Clinical Laboratories,02/28/2021,Percent Positivity,0.229,04/11/2021,5968
Colorado,5763976,Daily COVID-19 Antibody Test Data From Clinical Laboratories,02/28/2021,7-Day Average Percent Positivity,0.201,04/11/2021,5969
Colorado,5763976,Daily COVID-19 Antibody Test Data From Clinical Laboratories,02/28/2021,3-Day Average Percent Positivity,0.206,04/11/2021,5970
Colorado,5763976,Daily COVID-19 Antibody Test Data From Clinical Laboratories,02/28/2021,Cumulative Antibody Tests Performed,423027,04/11/2021,5971
Colorado,5763976,Weekly COVID-19 PCR Test Data From Clinical Laboratories,02/28/2021,People Tested at CDPHE State Lab,47379,04/11/2021,5972
Colorado,5763976,Weekly COVID-19 PCR Test Data From Clinical Laboratories,02/28/2021,People Tested at Non-CDPHE (Commerical) Labs,140458,04/11/2021,5973
Colorado,5763976,Weekly COVID-19 PCR Test Data From Clinical Laboratories,02/28/2021,Weekly Percent Positivity,0.033,04/11/2021,5974
Colorado,5763976,Weekly COVID-19 PCR Test Data From Clinical Laboratories,02/28/2021,Cumulative People Tested at CDPHE State Lab,1331710,04/11/2021,5975
Colorado,5763976,Weekly COVID-19 PCR Test Data From Clinical Laboratories,02/28/2021,Cumulative People Tested at Non-CDPHE (Commerical) Labs,5087920,04/11/2021,5976
Colorado,5763976,Weekly COVID-19 PCR Test Data From Clinical Laboratories,02/28/2021,Percent Change in Weekly Positivity,-0.02,04/11/2021,5977
Colorado,5763976,Weekly COVID-19 Antibody Test Data From Clinical Laboratories,02/28/2021,Antibody Tests Performed,18479,04/11/2021,5978
Colorado,5763976,Weekly COVID-19 Antibody Test Data From Clinical Laboratories,02/28/2021,Number of positive tests,4133,04/11/2021,5979
Colorado,5763976,Weekly COVID-19 Antibody Test Data From Clinical Laboratories,02/28/2021,Number of negative tests,14346,04/11/2021,5980
Colorado,5763976,Weekly COVID-19 Antibody Test Data From Clinical Laboratories,02/28/2021,Weekly Percent Positivity,0.224,04/11/2021,5981
Colorado,5763976,Weekly COVID-19 Antibody Test Data From Clinical Laboratories,02/28/2021,Cumulative Antibody Tests Performed,439414,04/11/2021,5982
Colorado,5763976,Weekly COVID-19 Antibody Test Data From Clinical Laboratories,02/28/2021,Percent Change in Weekly Positivity,0.14,04/11/2021,5983
Colorado,5763976,Daily COVID-19 PCR Test Data From Clinical Laboratories,03/01/2021,Percent Positivity,0.041,04/11/2021,5984
Colorado,5763976,Daily COVID-19 PCR Test Data From Clinical Laboratories,03/01/2021,People Tested at CDPHE State Lab,2099,04/11/2021,5985
Colorado,5763976,Daily COVID-19 PCR Test Data From Clinical Laboratories,03/01/2021,People Tested at Non-CDPHE (Commerical) Labs,12190,04/11/2021,5986
Colorado,5763976,Daily COVID-19 PCR Test Data From Clinical Laboratories,03/01/2021,Cumulative People Tested at CDPHE State Lab,1287725,04/11/2021,5987
Colorado,5763976,Daily COVID-19 PCR Test Data From Clinical Laboratories,03/01/2021,Cumulative People Tested at Non-CDPHE (Commerical) Labs,4970634,04/11/2021,5988
Colorado,5763976,Daily COVID-19 PCR Test Data From Clinical Laboratories,03/01/2021,7-Day Average Percent Positivity,0.034,04/11/2021,5989
Colorado,5763976,Daily COVID-19 PCR Test Data From Clinical Laboratories,03/01/2021,3-Day Average Percent Positivity,0.04,04/11/2021,5990
Colorado,5763976,Daily COVID-19 Antibody Test Data From Clinical Laboratories,03/01/2021,Antibody Tests Performed,2666,04/11/2021,5991
Colorado,5763976,Daily COVID-19 Antibody Test Data From Clinical Laboratories,03/01/2021,Number of negative tests,2133,04/11/2021,5992
Colorado,5763976,Daily COVID-19 Antibody Test Data From Clinical Laboratories,03/01/2021,Number of positive tests,533,04/11/2021,5993
Colorado,5763976,Daily COVID-19 Antibody Test Data From Clinical Laboratories,03/01/2021,Total Tests per 100K People,46.253,04/11/2021,5994
Colorado,5763976,Daily COVID-19 Antibody Test Data From Clinical Laboratories,03/01/2021,Percent Positivity,0.2,04/11/2021,5995
Colorado,5763976,Daily COVID-19 Antibody Test Data From Clinical Laboratories,03/01/2021,7-Day Average Percent Positivity,0.2,04/11/2021,5996
Colorado,5763976,Daily COVID-19 Antibody Test Data From Clinical Laboratories,03/01/2021,3-Day Average Percent Positivity,0.204,04/11/2021,5997
Colorado,5763976,Daily COVID-19 Antibody Test Data From Clinical Laboratories,03/01/2021,Cumulative Antibody Tests Performed,425693,04/11/2021,5998
Colorado,5763976,Daily COVID-19 PCR Test Data From Clinical Laboratories,03/02/2021,Percent Positivity,0.031,04/11/2021,5999
Colorado,5763976,Daily COVID-19 PCR Test Data From Clinical Laboratories,03/02/2021,People Tested at CDPHE State Lab,8297,04/11/2021,6000
Colorado,5763976,Daily COVID-19 Antibody Test Data From Clinical Laboratories,03/26/2021,Total Tests per 100K People,28.418,04/11/2021,6001
Colorado,5763976,Daily COVID-19 Antibody Test Data From Clinical Laboratories,03/26/2021,Percent Positivity,0.197,04/11/2021,6002
Colorado,5763976,Daily COVID-19 Antibody Test Data From Clinical Laboratories,03/26/2021,7-Day Average Percent Positivity,0.228,04/11/2021,6003
Colorado,5763976,Daily COVID-19 Antibody Test Data From Clinical Laboratories,03/26/2021,3-Day Average Percent Positivity,0.221,04/11/2021,6004
Colorado,5763976,Daily COVID-19 Antibody Test Data From Clinical Laboratories,03/20/2021,Number of negative tests,1647,04/11/2021,6005
Colorado,5763976,Weekly COVID-19 PCR Test Data From Clinical Laboratories,04/04/2021,Cumulative People Tested at Non-CDPHE (Commerical) Labs,5728117,04/11/2021,6006
Colorado,5763976,Daily COVID-19 Antibody Test Data From Clinical Laboratories,03/26/2021,Cumulative Antibody Tests Performed,487616,04/11/2021,6007
Colorado,5763976,Daily COVID-19 PCR Test Data From Clinical Laboratories,03/27/2021,Percent Positivity,0.045,04/11/2021,6008
Colorado,5763976,Daily COVID-19 PCR Test Data From Clinical Laboratories,03/27/2021,People Tested at CDPHE State Lab,7021,04/11/2021,6009
Colorado,5763976,Daily COVID-19 PCR Test Data From Clinical Laboratories,03/27/2021,People Tested at Non-CDPHE (Commerical) Labs,16299,04/11/2021,6010
Colorado,5763976,Daily COVID-19 PCR Test Data From Clinical Laboratories,03/27/2021,Cumulative People Tested at CDPHE State Lab,1468810,04/11/2021,6011
Colorado,5763976,Daily COVID-19 PCR Test Data From Clinical Laboratories,03/27/2021,Cumulative People Tested at Non-CDPHE (Commerical) Labs,5456128,04/11/2021,6012
Colorado,5763976,Daily COVID-19 PCR Test Data From Clinical Laboratories,03/27/2021,7-Day Average Percent Positivity,0.041,04/11/2021,6013
Colorado,5763976,Daily COVID-19 PCR Test Data From Clinical Laboratories,03/27/2021,3-Day Average Percent Positivity,0.041,04/11/2021,6014
Colorado,5763976,Daily COVID-19 Antibody Test Data From Clinical Laboratories,03/27/2021,Antibody Tests Performed,1487,04/11/2021,6015
Colorado,5763976,Daily COVID-19 Antibody Test Data From Clinical Laboratories,03/27/2021,Number of negative tests,1179,04/11/2021,6016
Colorado,5763976,Daily COVID-19 Antibody Test Data From Clinical Laboratories,03/27/2021,Number of positive tests,308,04/11/2021,6017
Colorado,5763976,Daily COVID-19 Antibody Test Data From Clinical Laboratories,03/27/2021,Total Tests per 100K People,25.798,04/11/2021,6018
Colorado,5763976,Daily COVID-19 Antibody Test Data From Clinical Laboratories,03/27/2021,Percent Positivity,0.207,04/11/2021,6019
Colorado,5763976,Daily COVID-19 Antibody Test Data From Clinical Laboratories,03/27/2021,7-Day Average Percent Positivity,0.228,04/11/2021,6020
Colorado,5763976,Daily COVID-19 Antibody Test Data From Clinical Laboratories,03/27/2021,3-Day Average Percent Positivity,0.228,04/11/2021,6021
Colorado,5763976,Daily COVID-19 Antibody Test Data From Clinical Laboratories,03/27/2021,Cumulative Antibody Tests Performed,489103,04/11/2021,6022
Colorado,5763976,Daily COVID-19 PCR Test Data From Clinical Laboratories,03/28/2021,Percent Positivity,0.069,04/11/2021,6023
Colorado,5763976,Daily COVID-19 PCR Test Data From Clinical Laboratories,03/28/2021,People Tested at CDPHE State Lab,949,04/11/2021,6024
Colorado,5763976,Daily COVID-19 PCR Test Data From Clinical Laboratories,03/28/2021,People Tested at Non-CDPHE (Commerical) Labs,10107,04/11/2021,6025
Colorado,5763976,Daily COVID-19 PCR Test Data From Clinical Laboratories,03/28/2021,Cumulative People Tested at CDPHE State Lab,1469759,04/11/2021,6026
Colorado,5763976,Daily COVID-19 PCR Test Data From Clinical Laboratories,03/28/2021,Cumulative People Tested at Non-CDPHE (Commerical) Labs,5466235,04/11/2021,6027
Colorado,5763976,Daily COVID-19 PCR Test Data From Clinical Laboratories,03/28/2021,7-Day Average Percent Positivity,0.042,04/11/2021,6028
Colorado,5763976,Daily COVID-19 PCR Test Data From Clinical Laboratories,03/28/2021,3-Day Average Percent Positivity,0.049,04/11/2021,6029
Colorado,5763976,Daily COVID-19 Antibody Test Data From Clinical Laboratories,03/28/2021,Antibody Tests Performed,1021,04/11/2021,6030
Colorado,5763976,Daily COVID-19 Antibody Test Data From Clinical Laboratories,03/28/2021,Number of negative tests,842,04/11/2021,6031
Colorado,5763976,Daily COVID-19 Antibody Test Data From Clinical Laboratories,03/28/2021,Number of positive tests,179,04/11/2021,6032
Colorado,5763976,Daily COVID-19 Antibody Test Data From Clinical Laboratories,03/28/2021,Total Tests per 100K People,17.713,04/11/2021,6033
Colorado,5763976,Daily COVID-19 Antibody Test Data From Clinical Laboratories,03/28/2021,Percent Positivity,0.175,04/11/2021,6034
Colorado,5763976,Daily COVID-19 Antibody Test Data From Clinical Laboratories,03/28/2021,7-Day Average Percent Positivity,0.225,04/11/2021,6035
Colorado,5763976,Daily COVID-19 Antibody Test Data From Clinical Laboratories,03/28/2021,3-Day Average Percent Positivity,0.195,04/11/2021,6036
Colorado,5763976,Daily COVID-19 Antibody Test Data From Clinical Laboratories,03/28/2021,Cumulative Antibody Tests Performed,490124,04/11/2021,6037
Colorado,5763976,Weekly COVID-19 PCR Test Data From Clinical Laboratories,03/28/2021,People Tested at CDPHE State Lab,45693,04/11/2021,6038
Colorado,5763976,Weekly COVID-19 PCR Test Data From Clinical Laboratories,03/28/2021,People Tested at Non-CDPHE (Commerical) Labs,138023,04/11/2021,6039
Colorado,5763976,Weekly COVID-19 PCR Test Data From Clinical Laboratories,03/28/2021,Weekly Percent Positivity,0.052,04/11/2021,6040
Colorado,5763976,Weekly COVID-19 PCR Test Data From Clinical Laboratories,03/28/2021,Cumulative People Tested at CDPHE State Lab,1514503,04/11/2021,6041
Colorado,5763976,Weekly COVID-19 PCR Test Data From Clinical Laboratories,03/28/2021,Cumulative People Tested at Non-CDPHE (Commerical) Labs,5594151,04/11/2021,6042
Colorado,5763976,Weekly COVID-19 PCR Test Data From Clinical Laboratories,03/28/2021,Percent Change in Weekly Positivity,0.28,04/11/2021,6043
Colorado,5763976,Weekly COVID-19 Antibody Test Data From Clinical Laboratories,03/28/2021,Antibody Tests Performed,10327,04/11/2021,6044
Colorado,5763976,Weekly COVID-19 Antibody Test Data From Clinical Laboratories,03/28/2021,Number of positive tests,4238,04/11/2021,6045
Colorado,5763976,Weekly COVID-19 Antibody Test Data From Clinical Laboratories,03/28/2021,Number of negative tests,6089,04/11/2021,6046
Colorado,5763976,Weekly COVID-19 Antibody Test Data From Clinical Laboratories,03/28/2021,Weekly Percent Positivity,0.41,04/11/2021,6047
Colorado,5763976,Weekly COVID-19 Antibody Test Data From Clinical Laboratories,03/28/2021,Cumulative Antibody Tests Performed,499430,04/11/2021,6048
Colorado,5763976,Weekly COVID-19 Antibody Test Data From Clinical Laboratories,03/28/2021,Percent Change in Weekly Positivity,0.8,04/11/2021,6049
Colorado,5763976,Daily COVID-19 PCR Test Data From Clinical Laboratories,03/29/2021,Percent Positivity,0.073,04/11/2021,6050
Colorado,5763976,Daily COVID-19 PCR Test Data From Clinical Laboratories,03/29/2021,People Tested at CDPHE State Lab,1917,04/11/2021,6051
Colorado,5763976,Daily COVID-19 PCR Test Data From Clinical Laboratories,03/29/2021,People Tested at Non-CDPHE (Commerical) Labs,10675,04/11/2021,6052
Colorado,5763976,Daily COVID-19 PCR Test Data From Clinical Laboratories,03/29/2021,Cumulative People Tested at CDPHE State Lab,1471676,04/11/2021,6053
Colorado,5763976,Daily COVID-19 PCR Test Data From Clinical Laboratories,03/29/2021,Cumulative People Tested at Non-CDPHE (Commerical) Labs,5476910,04/11/2021,6054
Colorado,5763976,Daily COVID-19 Antibody Test Data From Clinical Laboratories,04/01/2021,7-Day Average Percent Positivity,0.298,04/11/2021,6055
Colorado,5763976,Daily COVID-19 PCR Test Data From Clinical Laboratories,03/29/2021,7-Day Average Percent Positivity,0.043,04/11/2021,6056
Colorado,5763976,Daily COVID-19 PCR Test Data From Clinical Laboratories,03/23/2021,Cumulative People Tested at CDPHE State Lab,1431741,04/11/2021,6057
Colorado,5763976,Daily COVID-19 Antibody Test Data From Clinical Laboratories,04/07/2021,Cumulative Antibody Tests Performed,502881,04/11/2021,6058
Colorado,5763976,Daily COVID-19 Antibody Test Data From Clinical Laboratories,03/20/2021,Number of positive tests,451,04/11/2021,6059
Colorado,5763976,Daily COVID-19 Antibody Test Data From Clinical Laboratories,03/20/2021,Total Tests per 100K People,36.398,04/11/2021,6060
Colorado,5763976,Daily COVID-19 Antibody Test Data From Clinical Laboratories,03/20/2021,Percent Positivity,0.215,04/11/2021,6061
Colorado,5763976,Daily COVID-19 Antibody Test Data From Clinical Laboratories,03/20/2021,7-Day Average Percent Positivity,0.21,04/11/2021,6062
Colorado,5763976,Daily COVID-19 Antibody Test Data From Clinical Laboratories,03/20/2021,3-Day Average Percent Positivity,0.205,04/11/2021,6063
Colorado,5763976,Daily COVID-19 Antibody Test Data From Clinical Laboratories,03/20/2021,Cumulative Antibody Tests Performed,474568,04/11/2021,6064
Colorado,5763976,Daily COVID-19 PCR Test Data From Clinical Laboratories,03/21/2021,Percent Positivity,0.068,04/11/2021,6065
Colorado,5763976,Daily COVID-19 PCR Test Data From Clinical Laboratories,03/21/2021,People Tested at CDPHE State Lab,0,04/11/2021,6066
Colorado,5763976,Daily COVID-19 PCR Test Data From Clinical Laboratories,03/21/2021,People Tested at Non-CDPHE (Commerical) Labs,2487,04/11/2021,6067
Colorado,5763976,Daily COVID-19 PCR Test Data From Clinical Laboratories,03/21/2021,Cumulative People Tested at CDPHE State Lab,1418740,04/11/2021,6068
Colorado,5763976,Daily COVID-19 PCR Test Data From Clinical Laboratories,03/21/2021,Cumulative People Tested at Non-CDPHE (Commerical) Labs,5336898,04/11/2021,6069
Colorado,5763976,Daily COVID-19 PCR Test Data From Clinical Laboratories,03/21/2021,7-Day Average Percent Positivity,0.04,04/11/2021,6070
Colorado,5763976,Daily COVID-19 PCR Test Data From Clinical Laboratories,03/21/2021,3-Day Average Percent Positivity,0.041,04/11/2021,6071
Colorado,5763976,Daily COVID-19 Antibody Test Data From Clinical Laboratories,03/21/2021,Antibody Tests Performed,1317,04/11/2021,6072
Colorado,5763976,Daily COVID-19 Antibody Test Data From Clinical Laboratories,03/21/2021,Number of negative tests,1019,04/11/2021,6073
Colorado,5763976,Daily COVID-19 Antibody Test Data From Clinical Laboratories,03/21/2021,Number of positive tests,298,04/11/2021,6074
Colorado,5763976,Daily COVID-19 Antibody Test Data From Clinical Laboratories,03/21/2021,Total Tests per 100K People,22.849,04/11/2021,6075
Colorado,5763976,Daily COVID-19 Antibody Test Data From Clinical Laboratories,03/21/2021,Percent Positivity,0.226,04/11/2021,6076
Colorado,5763976,Daily COVID-19 Antibody Test Data From Clinical Laboratories,03/21/2021,7-Day Average Percent Positivity,0.2,04/11/2021,6077
Colorado,5763976,Daily COVID-19 Antibody Test Data From Clinical Laboratories,03/21/2021,3-Day Average Percent Positivity,0.218,04/11/2021,6078
Colorado,5763976,Daily COVID-19 Antibody Test Data From Clinical Laboratories,03/21/2021,Cumulative Antibody Tests Performed,475885,04/11/2021,6079
Colorado,5763976,Weekly COVID-19 PCR Test Data From Clinical Laboratories,03/21/2021,People Tested at CDPHE State Lab,50070,04/11/2021,6080
Colorado,5763976,Weekly COVID-19 PCR Test Data From Clinical Laboratories,03/21/2021,People Tested at Non-CDPHE (Commerical) Labs,121717,04/11/2021,6081
Colorado,5763976,Weekly COVID-19 PCR Test Data From Clinical Laboratories,03/21/2021,Weekly Percent Positivity,0.041,04/11/2021,6082
Colorado,5763976,Weekly COVID-19 PCR Test Data From Clinical Laboratories,03/21/2021,Cumulative People Tested at CDPHE State Lab,1468810,04/11/2021,6083
Colorado,5763976,Weekly COVID-19 PCR Test Data From Clinical Laboratories,03/21/2021,Cumulative People Tested at Non-CDPHE (Commerical) Labs,5456128,04/11/2021,6084
Colorado,5763976,Weekly COVID-19 PCR Test Data From Clinical Laboratories,03/21/2021,Percent Change in Weekly Positivity,0.01,04/11/2021,6085
Colorado,5763976,Weekly COVID-19 Antibody Test Data From Clinical Laboratories,03/21/2021,Antibody Tests Performed,14535,04/11/2021,6086
Colorado,5763976,Weekly COVID-19 Antibody Test Data From Clinical Laboratories,03/21/2021,Number of positive tests,3317,04/11/2021,6087
Colorado,5763976,Weekly COVID-19 Antibody Test Data From Clinical Laboratories,03/21/2021,Number of negative tests,11218,04/11/2021,6088
Colorado,5763976,Weekly COVID-19 Antibody Test Data From Clinical Laboratories,03/21/2021,Weekly Percent Positivity,0.228,04/11/2021,6089
Colorado,5763976,Weekly COVID-19 Antibody Test Data From Clinical Laboratories,03/21/2021,Cumulative Antibody Tests Performed,489103,04/11/2021,6090
Colorado,5763976,Weekly COVID-19 Antibody Test Data From Clinical Laboratories,03/21/2021,Percent Change in Weekly Positivity,0.09,04/11/2021,6091
Colorado,5763976,Daily COVID-19 PCR Test Data From Clinical Laboratories,03/22/2021,Percent Positivity,0.057,04/11/2021,6092
Colorado,5763976,Daily COVID-19 PCR Test Data From Clinical Laboratories,03/22/2021,People Tested at CDPHE State Lab,4129,04/11/2021,6093
Colorado,5763976,Daily COVID-19 PCR Test Data From Clinical Laboratories,03/22/2021,People Tested at Non-CDPHE (Commerical) Labs,15180,04/11/2021,6094
Colorado,5763976,Weekly COVID-19 PCR Test Data From Clinical Laboratories,04/04/2021,Percent Change in Weekly Positivity,0.09,04/11/2021,6095
Colorado,5763976,Daily COVID-19 PCR Test Data From Clinical Laboratories,03/22/2021,Cumulative People Tested at CDPHE State Lab,1422869,04/11/2021,6096
Colorado,5763976,Daily COVID-19 PCR Test Data From Clinical Laboratories,03/22/2021,Cumulative People Tested at Non-CDPHE (Commerical) Labs,5352078,04/11/2021,6097
Colorado,5763976,Daily COVID-19 PCR Test Data From Clinical Laboratories,03/22/2021,7-Day Average Percent Positivity,0.042,04/11/2021,6098
Colorado,5763976,Daily COVID-19 PCR Test Data From Clinical Laboratories,03/22/2021,3-Day Average Percent Positivity,0.048,04/11/2021,6099
Colorado,5763976,Daily COVID-19 Antibody Test Data From Clinical Laboratories,03/22/2021,Antibody Tests Performed,2439,04/11/2021,6100
Colorado,5763976,Daily COVID-19 Antibody Test Data From Clinical Laboratories,03/22/2021,Number of negative tests,2045,04/11/2021,6101
Colorado,5763976,Daily COVID-19 Antibody Test Data From Clinical Laboratories,03/22/2021,Number of positive tests,394,04/11/2021,6102
Colorado,5763976,Daily COVID-19 Antibody Test Data From Clinical Laboratories,03/22/2021,Total Tests per 100K People,42.315,04/11/2021,6103
Colorado,5763976,Daily COVID-19 Antibody Test Data From Clinical Laboratories,03/22/2021,Percent Positivity,0.162,04/11/2021,6104
Colorado,5763976,Daily COVID-19 Antibody Test Data From Clinical Laboratories,03/22/2021,7-Day Average Percent Positivity,0.184,04/11/2021,6105
Colorado,5763976,Daily COVID-19 Antibody Test Data From Clinical Laboratories,03/22/2021,3-Day Average Percent Positivity,0.195,04/11/2021,6106
Colorado,5763976,Daily COVID-19 Antibody Test Data From Clinical Laboratories,03/22/2021,Cumulative Antibody Tests Performed,478324,04/11/2021,6107
Colorado,5763976,Daily COVID-19 PCR Test Data From Clinical Laboratories,03/23/2021,Percent Positivity,0.035,04/11/2021,6108
Colorado,5763976,Daily COVID-19 PCR Test Data From Clinical Laboratories,03/23/2021,People Tested at CDPHE State Lab,8872,04/11/2021,6109
Colorado,5763976,Daily COVID-19 PCR Test Data From Clinical Laboratories,03/23/2021,People Tested at Non-CDPHE (Commerical) Labs,20243,04/11/2021,6110
Colorado,5763976,Daily COVID-19 Antibody Test Data From Clinical Laboratories,04/01/2021,3-Day Average Percent Positivity,0.472,04/11/2021,6111
Colorado,5763976,Daily COVID-19 PCR Test Data From Clinical Laboratories,03/29/2021,3-Day Average Percent Positivity,0.058,04/11/2021,6112
Colorado,5763976,Daily COVID-19 PCR Test Data From Clinical Laboratories,03/23/2021,Cumulative People Tested at Non-CDPHE (Commerical) Labs,5372321,04/11/2021,6113
Colorado,5763976,Daily COVID-19 PCR Test Data From Clinical Laboratories,04/08/2021,Percent Positivity,0.052,04/11/2021,6114
Colorado,5763976,Weekly COVID-19 Antibody Test Data From Clinical Laboratories,04/04/2021,Antibody Tests Performed,6639,04/11/2021,6115
Colorado,5763976,Weekly COVID-19 Antibody Test Data From Clinical Laboratories,04/04/2021,Number of positive tests,3297,04/11/2021,6116
Colorado,5763976,Weekly COVID-19 Antibody Test Data From Clinical Laboratories,04/04/2021,Number of negative tests,3342,04/11/2021,6117
Colorado,5763976,Weekly COVID-19 Antibody Test Data From Clinical Laboratories,04/04/2021,Weekly Percent Positivity,0.497,04/11/2021,6118
Colorado,5763976,Weekly COVID-19 Antibody Test Data From Clinical Laboratories,04/04/2021,Cumulative Antibody Tests Performed,506069,04/11/2021,6119
Colorado,5763976,Weekly COVID-19 Antibody Test Data From Clinical Laboratories,04/04/2021,Percent Change in Weekly Positivity,0.21,04/11/2021,6120
Colorado,5763976,Daily COVID-19 PCR Test Data From Clinical Laboratories,04/05/2021,Percent Positivity,0.071,04/11/2021,6121
Colorado,5763976,Daily COVID-19 PCR Test Data From Clinical Laboratories,04/05/2021,People Tested at CDPHE State Lab,2471,04/11/2021,6122
Colorado,5763976,Daily COVID-19 PCR Test Data From Clinical Laboratories,04/05/2021,People Tested at Non-CDPHE (Commerical) Labs,9878,04/11/2021,6123
Colorado,5763976,Daily COVID-19 PCR Test Data From Clinical Laboratories,04/05/2021,Cumulative People Tested at CDPHE State Lab,1519768,04/11/2021,6124
Colorado,5763976,Daily COVID-19 PCR Test Data From Clinical Laboratories,04/05/2021,Cumulative People Tested at Non-CDPHE (Commerical) Labs,5614637,04/11/2021,6125
Colorado,5763976,Daily COVID-19 PCR Test Data From Clinical Laboratories,04/05/2021,7-Day Average Percent Positivity,0.053,04/11/2021,6126
Colorado,5763976,Daily COVID-19 PCR Test Data From Clinical Laboratories,04/05/2021,3-Day Average Percent Positivity,0.07,04/11/2021,6127
Colorado,5763976,Daily COVID-19 Antibody Test Data From Clinical Laboratories,04/05/2021,Antibody Tests Performed,1267,04/11/2021,6128
Colorado,5763976,Daily COVID-19 Antibody Test Data From Clinical Laboratories,04/05/2021,Number of negative tests,630,04/11/2021,6129
Colorado,5763976,Daily COVID-19 Antibody Test Data From Clinical Laboratories,04/05/2021,Number of positive tests,637,04/11/2021,6130
Colorado,5763976,Daily COVID-19 Antibody Test Data From Clinical Laboratories,04/05/2021,Total Tests per 100K People,21.981,04/11/2021,6131
Colorado,5763976,Daily COVID-19 Antibody Test Data From Clinical Laboratories,04/05/2021,Percent Positivity,0.503,04/11/2021,6132
Colorado,5763976,Daily COVID-19 Antibody Test Data From Clinical Laboratories,04/05/2021,7-Day Average Percent Positivity,0.494,04/11/2021,6133
Colorado,5763976,Daily COVID-19 Antibody Test Data From Clinical Laboratories,04/05/2021,3-Day Average Percent Positivity,0.439,04/11/2021,6134
Colorado,5763976,Daily COVID-19 Antibody Test Data From Clinical Laboratories,04/05/2021,Cumulative Antibody Tests Performed,500921,04/11/2021,6135
Colorado,5763976,Daily COVID-19 PCR Test Data From Clinical Laboratories,04/06/2021,Percent Positivity,0.053,04/11/2021,6136
Colorado,5763976,Daily COVID-19 PCR Test Data From Clinical Laboratories,04/06/2021,People Tested at CDPHE State Lab,8715,04/11/2021,6137
Colorado,5763976,Daily COVID-19 PCR Test Data From Clinical Laboratories,04/06/2021,People Tested at Non-CDPHE (Commerical) Labs,27695,04/11/2021,6138
Colorado,5763976,Daily COVID-19 PCR Test Data From Clinical Laboratories,04/06/2021,Cumulative People Tested at CDPHE State Lab,1528483,04/11/2021,6139
Colorado,5763976,Daily COVID-19 PCR Test Data From Clinical Laboratories,04/06/2021,Cumulative People Tested at Non-CDPHE (Commerical) Labs,5642332,04/11/2021,6140
Colorado,5763976,Daily COVID-19 PCR Test Data From Clinical Laboratories,04/06/2021,7-Day Average Percent Positivity,0.054,04/11/2021,6141
Colorado,5763976,Daily COVID-19 PCR Test Data From Clinical Laboratories,04/06/2021,3-Day Average Percent Positivity,0.062,04/11/2021,6142
Colorado,5763976,Daily COVID-19 Antibody Test Data From Clinical Laboratories,04/06/2021,Antibody Tests Performed,868,04/11/2021,6143
Colorado,5763976,Daily COVID-19 Antibody Test Data From Clinical Laboratories,04/06/2021,Number of negative tests,399,04/11/2021,6144
Colorado,5763976,Daily COVID-19 Antibody Test Data From Clinical Laboratories,04/06/2021,Number of positive tests,469,04/11/2021,6145
Colorado,5763976,Daily COVID-19 Antibody Test Data From Clinical Laboratories,04/06/2021,Total Tests per 100K People,15.059,04/11/2021,6146
Colorado,5763976,Daily COVID-19 Antibody Test Data From Clinical Laboratories,04/06/2021,Percent Positivity,0.54,04/11/2021,6147
Colorado,5763976,Daily COVID-19 Antibody Test Data From Clinical Laboratories,04/06/2021,7-Day Average Percent Positivity,0.506,04/11/2021,6148
Colorado,5763976,Daily COVID-19 Antibody Test Data From Clinical Laboratories,04/06/2021,3-Day Average Percent Positivity,0.512,04/11/2021,6149
Colorado,5763976,Daily COVID-19 Antibody Test Data From Clinical Laboratories,04/06/2021,Cumulative Antibody Tests Performed,501789,04/11/2021,6150
Colorado,5763976,Daily COVID-19 PCR Test Data From Clinical Laboratories,04/07/2021,Percent Positivity,0.051,04/11/2021,6151
Colorado,5763976,Daily COVID-19 PCR Test Data From Clinical Laboratories,04/07/2021,People Tested at CDPHE State Lab,8545,04/11/2021,6152
Colorado,5763976,Daily COVID-19 PCR Test Data From Clinical Laboratories,04/07/2021,People Tested at Non-CDPHE (Commerical) Labs,26681,04/11/2021,6153
Colorado,5763976,Daily COVID-19 PCR Test Data From Clinical Laboratories,04/07/2021,Cumulative People Tested at CDPHE State Lab,1537028,04/11/2021,6154
Colorado,5763976,Daily COVID-19 PCR Test Data From Clinical Laboratories,04/08/2021,People Tested at CDPHE State Lab,9503,04/11/2021,6155
Colorado,5763976,Daily COVID-19 PCR Test Data From Clinical Laboratories,03/23/2021,7-Day Average Percent Positivity,0.041,04/11/2021,6156
Colorado,5763976,Daily COVID-19 Antibody Test Data From Clinical Laboratories,03/29/2021,Antibody Tests Performed,2150,04/11/2021,6157
Colorado,5763976,Daily COVID-19 Antibody Test Data From Clinical Laboratories,04/01/2021,Cumulative Antibody Tests Performed,495384,04/11/2021,6158
Colorado,5763976,Daily COVID-19 PCR Test Data From Clinical Laboratories,04/07/2021,Cumulative People Tested at Non-CDPHE (Commerical) Labs,5669013,04/11/2021,6159
Colorado,5763976,Daily COVID-19 PCR Test Data From Clinical Laboratories,04/07/2021,7-Day Average Percent Positivity,0.056,04/11/2021,6160
Colorado,5763976,Daily COVID-19 PCR Test Data From Clinical Laboratories,04/07/2021,3-Day Average Percent Positivity,0.054,04/11/2021,6161
Colorado,5763976,Daily COVID-19 Antibody Test Data From Clinical Laboratories,04/07/2021,Antibody Tests Performed,1092,04/11/2021,6162
Colorado,5763976,Daily COVID-19 Antibody Test Data From Clinical Laboratories,04/07/2021,Number of negative tests,415,04/11/2021,6163
Colorado,5763976,Daily COVID-19 Antibody Test Data From Clinical Laboratories,04/07/2021,Number of positive tests,677,04/11/2021,6164
Colorado,5763976,Daily COVID-19 Antibody Test Data From Clinical Laboratories,04/07/2021,Total Tests per 100K People,18.945,04/11/2021,6165
Colorado,5763976,Daily COVID-19 Antibody Test Data From Clinical Laboratories,04/07/2021,Percent Positivity,0.62,04/11/2021,6166
Colorado,5763976,Daily COVID-19 Antibody Test Data From Clinical Laboratories,04/07/2021,7-Day Average Percent Positivity,0.522,04/11/2021,6167
Colorado,5763976,Daily COVID-19 Antibody Test Data From Clinical Laboratories,04/07/2021,3-Day Average Percent Positivity,0.552,04/11/2021,6168
Colorado,5763976,Daily COVID-19 PCR Test Data From Clinical Laboratories,04/08/2021,People Tested at Non-CDPHE (Commerical) Labs,26035,04/11/2021,6169
Colorado,5763976,Daily COVID-19 PCR Test Data From Clinical Laboratories,04/08/2021,Cumulative People Tested at CDPHE State Lab,1546531,04/11/2021,6170
Colorado,5763976,Daily COVID-19 PCR Test Data From Clinical Laboratories,04/08/2021,Cumulative People Tested at Non-CDPHE (Commerical) Labs,5695048,04/11/2021,6171
Colorado,5763976,Daily COVID-19 PCR Test Data From Clinical Laboratories,04/08/2021,7-Day Average Percent Positivity,0.057,04/11/2021,6172
Colorado,5763976,Daily COVID-19 PCR Test Data From Clinical Laboratories,04/08/2021,3-Day Average Percent Positivity,0.052,04/11/2021,6173
Colorado,5763976,Daily COVID-19 Antibody Test Data From Clinical Laboratories,04/08/2021,Antibody Tests Performed,840,04/11/2021,6174
Colorado,5763976,Daily COVID-19 Antibody Test Data From Clinical Laboratories,04/08/2021,Number of negative tests,492,04/11/2021,6175
Colorado,5763976,Daily COVID-19 Antibody Test Data From Clinical Laboratories,04/08/2021,Number of positive tests,348,04/11/2021,6176
Colorado,5763976,Daily COVID-19 Antibody Test Data From Clinical Laboratories,04/08/2021,Total Tests per 100K People,14.573,04/11/2021,6177
Colorado,5763976,Daily COVID-19 Antibody Test Data From Clinical Laboratories,04/08/2021,Percent Positivity,0.414,04/11/2021,6178
Colorado,5763976,Daily COVID-19 Antibody Test Data From Clinical Laboratories,04/08/2021,7-Day Average Percent Positivity,0.516,04/11/2021,6179
Colorado,5763976,Daily COVID-19 Antibody Test Data From Clinical Laboratories,04/08/2021,3-Day Average Percent Positivity,0.534,04/11/2021,6180
Colorado,5763976,Daily COVID-19 Antibody Test Data From Clinical Laboratories,04/08/2021,Cumulative Antibody Tests Performed,503721,04/11/2021,6181
Colorado,5763976,Daily COVID-19 PCR Test Data From Clinical Laboratories,04/09/2021,Percent Positivity,0.05,04/11/2021,6182
Colorado,5763976,Daily COVID-19 PCR Test Data From Clinical Laboratories,04/09/2021,People Tested at CDPHE State Lab,9294,04/11/2021,6183
Colorado,5763976,Daily COVID-19 PCR Test Data From Clinical Laboratories,04/09/2021,People Tested at Non-CDPHE (Commerical) Labs,18351,04/11/2021,6184
Colorado,5763976,Daily COVID-19 PCR Test Data From Clinical Laboratories,04/09/2021,Cumulative People Tested at CDPHE State Lab,1555825,04/11/2021,6185
Colorado,5763976,Daily COVID-19 PCR Test Data From Clinical Laboratories,04/09/2021,Cumulative People Tested at Non-CDPHE (Commerical) Labs,5713399,04/11/2021,6186
Colorado,5763976,Daily COVID-19 PCR Test Data From Clinical Laboratories,04/09/2021,7-Day Average Percent Positivity,0.056,04/11/2021,6187
Colorado,5763976,Daily COVID-19 PCR Test Data From Clinical Laboratories,04/09/2021,3-Day Average Percent Positivity,0.051,04/11/2021,6188
Colorado,5763976,Daily COVID-19 Antibody Test Data From Clinical Laboratories,04/09/2021,Antibody Tests Performed,909,04/11/2021,6189
Colorado,5763976,Daily COVID-19 Antibody Test Data From Clinical Laboratories,04/09/2021,Number of negative tests,392,04/11/2021,6190
Colorado,5763976,Daily COVID-19 Antibody Test Data From Clinical Laboratories,04/09/2021,Number of positive tests,517,04/11/2021,6191
Colorado,5763976,Daily COVID-19 Antibody Test Data From Clinical Laboratories,04/09/2021,Total Tests per 100K People,15.77,04/11/2021,6192
Colorado,5763976,Daily COVID-19 Antibody Test Data From Clinical Laboratories,04/09/2021,Percent Positivity,0.569,04/11/2021,6193
Colorado,5763976,Daily COVID-19 Antibody Test Data From Clinical Laboratories,04/09/2021,7-Day Average Percent Positivity,0.489,04/11/2021,6194
Colorado,5763976,Daily COVID-19 Antibody Test Data From Clinical Laboratories,04/09/2021,3-Day Average Percent Positivity,0.543,04/11/2021,6195
Colorado,5763976,Daily COVID-19 Antibody Test Data From Clinical Laboratories,04/09/2021,Cumulative Antibody Tests Performed,504630,04/11/2021,6196
Colorado,5763976,Daily COVID-19 PCR Test Data From Clinical Laboratories,04/10/2021,Percent Positivity,0.066,04/11/2021,6197
Colorado,5763976,Daily COVID-19 PCR Test Data From Clinical Laboratories,04/10/2021,People Tested at CDPHE State Lab,4462,04/11/2021,6198
Colorado,5763976,Daily COVID-19 PCR Test Data From Clinical Laboratories,04/10/2021,People Tested at Non-CDPHE (Commerical) Labs,14718,04/11/2021,6199
Colorado,5763976,Daily COVID-19 PCR Test Data From Clinical Laboratories,04/10/2021,Cumulative People Tested at CDPHE State Lab,1560287,04/11/2021,6200
Colorado,5763976,Daily COVID-19 PCR Test Data From Clinical Laboratories,04/10/2021,Cumulative People Tested at Non-CDPHE (Commerical) Labs,5728117,04/11/2021,6201
Colorado,5763976,Daily COVID-19 PCR Test Data From Clinical Laboratories,04/10/2021,7-Day Average Percent Positivity,0.057,04/11/2021,6202
Colorado,5763976,Daily COVID-19 PCR Test Data From Clinical Laboratories,04/10/2021,3-Day Average Percent Positivity,0.055,04/11/2021,6203
Colorado,5763976,Daily COVID-19 Antibody Test Data From Clinical Laboratories,04/10/2021,Antibody Tests Performed,1439,04/11/2021,6204
Colorado,5763976,Daily COVID-19 Antibody Test Data From Clinical Laboratories,04/10/2021,Number of negative tests,893,04/11/2021,6205
Colorado,5763976,Daily COVID-19 Antibody Test Data From Clinical Laboratories,04/10/2021,Number of positive tests,546,04/11/2021,6206
Colorado,5763976,Daily COVID-19 Antibody Test Data From Clinical Laboratories,04/10/2021,Total Tests per 100K People,24.965,04/11/2021,6207
Colorado,5763976,Daily COVID-19 Antibody Test Data From Clinical Laboratories,04/10/2021,Percent Positivity,0.379,04/11/2021,6208
Colorado,5763976,Daily COVID-19 Antibody Test Data From Clinical Laboratories,04/10/2021,7-Day Average Percent Positivity,0.497,04/11/2021,6209
Colorado,5763976,Daily COVID-19 Antibody Test Data From Clinical Laboratories,04/10/2021,3-Day Average Percent Positivity,0.443,04/11/2021,6210
Colorado,5763976,Daily COVID-19 Antibody Test Data From Clinical Laboratories,04/10/2021,Cumulative Antibody Tests Performed,506069,04/11/2021,6211
Colorado,5763976,Daily COVID-19 PCR Test Data From Clinical Laboratories,04/02/2021,Percent Positivity,0.051,04/11/2021,6212
Colorado,5763976,Daily COVID-19 Antibody Test Data From Clinical Laboratories,03/29/2021,Number of negative tests,1625,04/11/2021,6213
Colorado,5763976,Daily COVID-19 PCR Test Data From Clinical Laboratories,03/23/2021,3-Day Average Percent Positivity,0.045,04/11/2021,6214
Colorado,5763976,Daily COVID-19 Antibody Test Data From Clinical Laboratories,03/23/2021,Antibody Tests Performed,3167,04/11/2021,6215
Colorado,5763976,Daily COVID-19 Antibody Test Data From Clinical Laboratories,03/23/2021,Number of negative tests,2204,04/11/2021,6216
Colorado,5763976,Daily COVID-19 Antibody Test Data From Clinical Laboratories,03/23/2021,Number of positive tests,963,04/11/2021,6217
Colorado,5763976,Daily COVID-19 Antibody Test Data From Clinical Laboratories,03/23/2021,Total Tests per 100K People,54.945,04/11/2021,6218
Colorado,5763976,Daily COVID-19 Antibody Test Data From Clinical Laboratories,03/23/2021,Percent Positivity,0.304,04/11/2021,6219
Colorado,5763976,Daily COVID-19 Antibody Test Data From Clinical Laboratories,03/23/2021,7-Day Average Percent Positivity,0.212,04/11/2021,6220
Colorado,5763976,Daily COVID-19 Antibody Test Data From Clinical Laboratories,03/23/2021,3-Day Average Percent Positivity,0.239,04/11/2021,6221
Colorado,5763976,Daily COVID-19 Antibody Test Data From Clinical Laboratories,03/23/2021,Cumulative Antibody Tests Performed,481491,04/11/2021,6222
Colorado,5763976,Daily COVID-19 PCR Test Data From Clinical Laboratories,03/24/2021,Percent Positivity,0.033,04/11/2021,6223
Colorado,5763976,Daily COVID-19 PCR Test Data From Clinical Laboratories,03/24/2021,People Tested at CDPHE State Lab,9684,04/11/2021,6224
Colorado,5763976,Daily COVID-19 PCR Test Data From Clinical Laboratories,03/24/2021,People Tested at Non-CDPHE (Commerical) Labs,25226,04/11/2021,6225
Colorado,5763976,Daily COVID-19 PCR Test Data From Clinical Laboratories,03/24/2021,Cumulative People Tested at CDPHE State Lab,1441425,04/11/2021,6226
Colorado,5763976,Daily COVID-19 PCR Test Data From Clinical Laboratories,03/24/2021,Cumulative People Tested at Non-CDPHE (Commerical) Labs,5397547,04/11/2021,6227
Colorado,5763976,Daily COVID-19 PCR Test Data From Clinical Laboratories,03/24/2021,7-Day Average Percent Positivity,0.041,04/11/2021,6228
Colorado,5763976,Daily COVID-19 PCR Test Data From Clinical Laboratories,03/24/2021,3-Day Average Percent Positivity,0.039,04/11/2021,6229
Colorado,5763976,Daily COVID-19 Antibody Test Data From Clinical Laboratories,03/24/2021,Antibody Tests Performed,2167,04/11/2021,6230
Colorado,5763976,Daily COVID-19 Antibody Test Data From Clinical Laboratories,03/24/2021,Number of negative tests,1745,04/11/2021,6231
Colorado,5763976,Daily COVID-19 Antibody Test Data From Clinical Laboratories,03/24/2021,Number of positive tests,422,04/11/2021,6232
Colorado,5763976,Daily COVID-19 Antibody Test Data From Clinical Laboratories,03/24/2021,Total Tests per 100K People,37.596,04/11/2021,6233
Colorado,5763976,Daily COVID-19 Antibody Test Data From Clinical Laboratories,03/24/2021,Percent Positivity,0.195,04/11/2021,6234
Colorado,5763976,Daily COVID-19 Antibody Test Data From Clinical Laboratories,03/24/2021,7-Day Average Percent Positivity,0.218,04/11/2021,6235
Colorado,5763976,Daily COVID-19 Antibody Test Data From Clinical Laboratories,03/24/2021,3-Day Average Percent Positivity,0.229,04/11/2021,6236
Colorado,5763976,Daily COVID-19 Antibody Test Data From Clinical Laboratories,03/24/2021,Cumulative Antibody Tests Performed,483658,04/11/2021,6237
Colorado,5763976,Daily COVID-19 PCR Test Data From Clinical Laboratories,03/25/2021,Percent Positivity,0.037,04/11/2021,6238
Colorado,5763976,Daily COVID-19 PCR Test Data From Clinical Laboratories,03/25/2021,People Tested at CDPHE State Lab,12927,04/11/2021,6239
Colorado,5763976,Daily COVID-19 PCR Test Data From Clinical Laboratories,03/25/2021,People Tested at Non-CDPHE (Commerical) Labs,22014,04/11/2021,6240
Colorado,5763976,Daily COVID-19 PCR Test Data From Clinical Laboratories,03/25/2021,Cumulative People Tested at CDPHE State Lab,1454352,04/11/2021,6241
Colorado,5763976,Daily COVID-19 PCR Test Data From Clinical Laboratories,03/25/2021,Cumulative People Tested at Non-CDPHE (Commerical) Labs,5419561,04/11/2021,6242
Colorado,5763976,Daily COVID-19 PCR Test Data From Clinical Laboratories,03/25/2021,7-Day Average Percent Positivity,0.039,04/11/2021,6243
Colorado,5763976,Daily COVID-19 PCR Test Data From Clinical Laboratories,03/25/2021,3-Day Average Percent Positivity,0.035,04/11/2021,6244
Colorado,5763976,Daily COVID-19 Antibody Test Data From Clinical Laboratories,03/25/2021,Antibody Tests Performed,2320,04/11/2021,6245
Colorado,5763976,Daily COVID-19 Antibody Test Data From Clinical Laboratories,03/25/2021,Number of negative tests,1711,04/11/2021,6246
Colorado,5763976,Daily COVID-19 Antibody Test Data From Clinical Laboratories,03/25/2021,Number of positive tests,609,04/11/2021,6247
Colorado,5763976,Daily COVID-19 Antibody Test Data From Clinical Laboratories,03/25/2021,Total Tests per 100K People,40.25,04/11/2021,6248
Colorado,5763976,Daily COVID-19 Antibody Test Data From Clinical Laboratories,03/25/2021,Percent Positivity,0.263,04/11/2021,6249
Colorado,5763976,Daily COVID-19 Antibody Test Data From Clinical Laboratories,03/25/2021,7-Day Average Percent Positivity,0.229,04/11/2021,6250
Colorado,5763976,Daily COVID-19 Antibody Test Data From Clinical Laboratories,03/25/2021,3-Day Average Percent Positivity,0.261,04/11/2021,6251
Colorado,5763976,Daily COVID-19 Antibody Test Data From Clinical Laboratories,03/25/2021,Cumulative Antibody Tests Performed,485978,04/11/2021,6252
Colorado,5763976,Daily COVID-19 PCR Test Data From Clinical Laboratories,03/26/2021,Percent Positivity,0.043,04/11/2021,6253
Colorado,5763976,Daily COVID-19 PCR Test Data From Clinical Laboratories,03/26/2021,People Tested at CDPHE State Lab,7437,04/11/2021,6254
Colorado,5763976,Daily COVID-19 PCR Test Data From Clinical Laboratories,03/26/2021,People Tested at Non-CDPHE (Commerical) Labs,20268,04/11/2021,6255
Colorado,5763976,Daily COVID-19 PCR Test Data From Clinical Laboratories,03/26/2021,Cumulative People Tested at CDPHE State Lab,1461789,04/11/2021,6256
Colorado,5763976,Daily COVID-19 PCR Test Data From Clinical Laboratories,03/26/2021,Cumulative People Tested at Non-CDPHE (Commerical) Labs,5439829,04/11/2021,6257
Colorado,5763976,Daily COVID-19 PCR Test Data From Clinical Laboratories,03/26/2021,7-Day Average Percent Positivity,0.04,04/11/2021,6258
Colorado,5763976,Daily COVID-19 PCR Test Data From Clinical Laboratories,03/26/2021,3-Day Average Percent Positivity,0.037,04/11/2021,6259
Colorado,5763976,Daily COVID-19 Antibody Test Data From Clinical Laboratories,03/26/2021,Antibody Tests Performed,1638,04/11/2021,6260
Colorado,5763976,Daily COVID-19 Antibody Test Data From Clinical Laboratories,03/26/2021,Number of negative tests,1315,04/11/2021,6261
Colorado,5763976,Daily COVID-19 Antibody Test Data From Clinical Laboratories,03/26/2021,Number of positive tests,323,04/11/2021,6262
Colorado,5763976,Daily COVID-19 Antibody Test Data From Clinical Laboratories,03/29/2021,Number of positive tests,525,04/11/2021,6263
Colorado,5763976,Daily COVID-19 PCR Test Data From Clinical Laboratories,04/02/2021,People Tested at CDPHE State Lab,7562,04/11/2021,6264
Colorado,5763976,Daily COVID-19 PCR Test Data From Clinical Laboratories,04/02/2021,People Tested at Non-CDPHE (Commerical) Labs,24872,04/11/2021,6265
Colorado,5763976,Daily COVID-19 PCR Test Data From Clinical Laboratories,04/02/2021,Cumulative People Tested at CDPHE State Lab,1509663,04/11/2021,6266
Colorado,5763976,Daily COVID-19 PCR Test Data From Clinical Laboratories,04/02/2021,Cumulative People Tested at Non-CDPHE (Commerical) Labs,5575348,04/11/2021,6267
Colorado,5763976,Daily COVID-19 PCR Test Data From Clinical Laboratories,04/02/2021,7-Day Average Percent Positivity,0.05,04/11/2021,6268
Colorado,5763976,Daily COVID-19 PCR Test Data From Clinical Laboratories,04/02/2021,3-Day Average Percent Positivity,0.048,04/11/2021,6269
Colorado,5763976,Daily COVID-19 Antibody Test Data From Clinical Laboratories,04/02/2021,Antibody Tests Performed,1673,04/11/2021,6270
Colorado,5763976,Daily COVID-19 Antibody Test Data From Clinical Laboratories,04/02/2021,Number of negative tests,563,04/11/2021,6271
Colorado,5763976,Daily COVID-19 Antibody Test Data From Clinical Laboratories,04/02/2021,Number of positive tests,1110,04/11/2021,6272
Colorado,5763976,Daily COVID-19 Antibody Test Data From Clinical Laboratories,04/02/2021,Total Tests per 100K People,29.025,04/11/2021,6273
Colorado,5763976,Daily COVID-19 Antibody Test Data From Clinical Laboratories,04/02/2021,Percent Positivity,0.663,04/11/2021,6274
Colorado,5763976,Daily COVID-19 Antibody Test Data From Clinical Laboratories,04/02/2021,7-Day Average Percent Positivity,0.38,04/11/2021,6275
Colorado,5763976,Daily COVID-19 Antibody Test Data From Clinical Laboratories,04/02/2021,3-Day Average Percent Positivity,0.575,04/11/2021,6276
Colorado,5763976,Daily COVID-19 Antibody Test Data From Clinical Laboratories,04/02/2021,Cumulative Antibody Tests Performed,497057,04/11/2021,6277
Colorado,5763976,Daily COVID-19 PCR Test Data From Clinical Laboratories,04/03/2021,Percent Positivity,0.064,04/11/2021,6278
Colorado,5763976,Daily COVID-19 PCR Test Data From Clinical Laboratories,04/03/2021,People Tested at CDPHE State Lab,4840,04/11/2021,6279
Colorado,5763976,Daily COVID-19 PCR Test Data From Clinical Laboratories,04/03/2021,People Tested at Non-CDPHE (Commerical) Labs,18803,04/11/2021,6280
Colorado,5763976,Daily COVID-19 PCR Test Data From Clinical Laboratories,04/03/2021,Cumulative People Tested at CDPHE State Lab,1514503,04/11/2021,6281
Colorado,5763976,Daily COVID-19 PCR Test Data From Clinical Laboratories,04/03/2021,Cumulative People Tested at Non-CDPHE (Commerical) Labs,5594151,04/11/2021,6282
Colorado,5763976,Daily COVID-19 PCR Test Data From Clinical Laboratories,04/03/2021,7-Day Average Percent Positivity,0.052,04/11/2021,6283
Colorado,5763976,Daily COVID-19 PCR Test Data From Clinical Laboratories,04/03/2021,3-Day Average Percent Positivity,0.054,04/11/2021,6284
Colorado,5763976,Daily COVID-19 Antibody Test Data From Clinical Laboratories,04/03/2021,Antibody Tests Performed,2373,04/11/2021,6285
Colorado,5763976,Daily COVID-19 Antibody Test Data From Clinical Laboratories,04/03/2021,Number of negative tests,1417,04/11/2021,6286
Colorado,5763976,Daily COVID-19 Antibody Test Data From Clinical Laboratories,04/03/2021,Number of positive tests,956,04/11/2021,6287
Colorado,5763976,Daily COVID-19 Antibody Test Data From Clinical Laboratories,04/03/2021,Total Tests per 100K People,41.169,04/11/2021,6288
Colorado,5763976,Daily COVID-19 Antibody Test Data From Clinical Laboratories,04/03/2021,Percent Positivity,0.403,04/11/2021,6289
Colorado,5763976,Daily COVID-19 Antibody Test Data From Clinical Laboratories,04/03/2021,7-Day Average Percent Positivity,0.41,04/11/2021,6290
Colorado,5763976,Daily COVID-19 Antibody Test Data From Clinical Laboratories,04/03/2021,3-Day Average Percent Positivity,0.505,04/11/2021,6291
Colorado,5763976,Daily COVID-19 Antibody Test Data From Clinical Laboratories,04/03/2021,Cumulative Antibody Tests Performed,499430,04/11/2021,6292
Colorado,5763976,Daily COVID-19 PCR Test Data From Clinical Laboratories,04/04/2021,Percent Positivity,0.079,04/11/2021,6293
Colorado,5763976,Daily COVID-19 PCR Test Data From Clinical Laboratories,04/04/2021,People Tested at CDPHE State Lab,2794,04/11/2021,6294
Colorado,5763976,Daily COVID-19 PCR Test Data From Clinical Laboratories,04/04/2021,People Tested at Non-CDPHE (Commerical) Labs,10608,04/11/2021,6295
Colorado,5763976,Daily COVID-19 PCR Test Data From Clinical Laboratories,04/04/2021,Cumulative People Tested at CDPHE State Lab,1517297,04/11/2021,6296
Colorado,5763976,Daily COVID-19 PCR Test Data From Clinical Laboratories,04/04/2021,Cumulative People Tested at Non-CDPHE (Commerical) Labs,5604759,04/11/2021,6297
Colorado,5763976,Daily COVID-19 PCR Test Data From Clinical Laboratories,04/04/2021,7-Day Average Percent Positivity,0.053,04/11/2021,6298
Colorado,5763976,Daily COVID-19 PCR Test Data From Clinical Laboratories,04/04/2021,3-Day Average Percent Positivity,0.061,04/11/2021,6299
Colorado,5763976,Daily COVID-19 Antibody Test Data From Clinical Laboratories,04/04/2021,Antibody Tests Performed,224,04/11/2021,6300
Colorado,5763976,Daily COVID-19 Antibody Test Data From Clinical Laboratories,04/04/2021,Number of negative tests,121,04/11/2021,6301
Colorado,5763976,Daily COVID-19 Antibody Test Data From Clinical Laboratories,04/04/2021,Number of positive tests,103,04/11/2021,6302
Colorado,5763976,Daily COVID-19 Antibody Test Data From Clinical Laboratories,04/04/2021,Total Tests per 100K People,3.886,04/11/2021,6303
Colorado,5763976,Daily COVID-19 Antibody Test Data From Clinical Laboratories,04/04/2021,Percent Positivity,0.46,04/11/2021,6304
Colorado,5763976,Daily COVID-19 Antibody Test Data From Clinical Laboratories,04/04/2021,7-Day Average Percent Positivity,0.437,04/11/2021,6305
Colorado,5763976,Daily COVID-19 Antibody Test Data From Clinical Laboratories,04/04/2021,3-Day Average Percent Positivity,0.508,04/11/2021,6306
Colorado,5763976,Daily COVID-19 Antibody Test Data From Clinical Laboratories,04/04/2021,Cumulative Antibody Tests Performed,499654,04/11/2021,6307
Colorado,5763976,Weekly COVID-19 PCR Test Data From Clinical Laboratories,04/04/2021,People Tested at CDPHE State Lab,45784,04/11/2021,6308
Colorado,5763976,Weekly COVID-19 PCR Test Data From Clinical Laboratories,04/04/2021,People Tested at Non-CDPHE (Commerical) Labs,133966,04/11/2021,6309
Colorado,5763976,Weekly COVID-19 PCR Test Data From Clinical Laboratories,04/04/2021,Weekly Percent Positivity,0.057,04/11/2021,6310
Colorado,5763976,Weekly COVID-19 PCR Test Data From Clinical Laboratories,04/04/2021,Cumulative People Tested at CDPHE State Lab,1560287,04/11/2021,6311
Colorado,5763976,Daily COVID-19 Antibody Test Data From Clinical Laboratories,03/29/2021,Total Tests per 100K People,37.301,04/11/2021,6312
Colorado,5763976,Daily COVID-19 Antibody Test Data From Clinical Laboratories,03/29/2021,Percent Positivity,0.244,04/11/2021,6313
Colorado,5763976,Daily COVID-19 Antibody Test Data From Clinical Laboratories,03/29/2021,7-Day Average Percent Positivity,0.239,04/11/2021,6314
Colorado,5763976,Daily COVID-19 Antibody Test Data From Clinical Laboratories,03/29/2021,3-Day Average Percent Positivity,0.217,04/11/2021,6315
Colorado,5763976,Daily COVID-19 Antibody Test Data From Clinical Laboratories,03/29/2021,Cumulative Antibody Tests Performed,492274,04/11/2021,6316
Colorado,5763976,Daily COVID-19 PCR Test Data From Clinical Laboratories,03/30/2021,Percent Positivity,0.044,04/11/2021,6317
Colorado,5763976,Daily COVID-19 PCR Test Data From Clinical Laboratories,03/30/2021,People Tested at CDPHE State Lab,9345,04/11/2021,6318
Colorado,5763976,Daily COVID-19 PCR Test Data From Clinical Laboratories,03/30/2021,People Tested at Non-CDPHE (Commerical) Labs,22417,04/11/2021,6319
Colorado,5763976,Daily COVID-19 PCR Test Data From Clinical Laboratories,03/30/2021,Cumulative People Tested at CDPHE State Lab,1481021,04/11/2021,6320
Colorado,5763976,Daily COVID-19 PCR Test Data From Clinical Laboratories,03/30/2021,Cumulative People Tested at Non-CDPHE (Commerical) Labs,5499327,04/11/2021,6321
Colorado,5763976,Daily COVID-19 PCR Test Data From Clinical Laboratories,03/30/2021,7-Day Average Percent Positivity,0.044,04/11/2021,6322
Colorado,5763976,Daily COVID-19 PCR Test Data From Clinical Laboratories,03/30/2021,3-Day Average Percent Positivity,0.055,04/11/2021,6323
Colorado,5763976,Daily COVID-19 Antibody Test Data From Clinical Laboratories,03/30/2021,Antibody Tests Performed,1432,04/11/2021,6324
Colorado,5763976,Daily COVID-19 Antibody Test Data From Clinical Laboratories,03/30/2021,Number of negative tests,779,04/11/2021,6325
Colorado,5763976,Daily COVID-19 Antibody Test Data From Clinical Laboratories,03/30/2021,Number of positive tests,653,04/11/2021,6326
Colorado,5763976,Daily COVID-19 Antibody Test Data From Clinical Laboratories,03/30/2021,Total Tests per 100K People,24.844,04/11/2021,6327
Colorado,5763976,Daily COVID-19 Antibody Test Data From Clinical Laboratories,03/30/2021,Percent Positivity,0.456,04/11/2021,6328
Colorado,5763976,Daily COVID-19 Antibody Test Data From Clinical Laboratories,03/30/2021,7-Day Average Percent Positivity,0.247,04/11/2021,6329
Colorado,5763976,Daily COVID-19 Antibody Test Data From Clinical Laboratories,03/30/2021,3-Day Average Percent Positivity,0.295,04/11/2021,6330
Colorado,5763976,Daily COVID-19 Antibody Test Data From Clinical Laboratories,03/30/2021,Cumulative Antibody Tests Performed,493706,04/11/2021,6331
Colorado,5763976,Daily COVID-19 PCR Test Data From Clinical Laboratories,03/31/2021,Percent Positivity,0.043,04/11/2021,6332
Colorado,5763976,Daily COVID-19 PCR Test Data From Clinical Laboratories,03/31/2021,People Tested at CDPHE State Lab,10792,04/11/2021,6333
Colorado,5763976,Daily COVID-19 PCR Test Data From Clinical Laboratories,03/31/2021,People Tested at Non-CDPHE (Commerical) Labs,27355,04/11/2021,6334
Colorado,5763976,Daily COVID-19 PCR Test Data From Clinical Laboratories,03/31/2021,Cumulative People Tested at CDPHE State Lab,1491813,04/11/2021,6335
Colorado,5763976,Daily COVID-19 PCR Test Data From Clinical Laboratories,03/31/2021,Cumulative People Tested at Non-CDPHE (Commerical) Labs,5526682,04/11/2021,6336
Colorado,5763976,Daily COVID-19 PCR Test Data From Clinical Laboratories,03/31/2021,7-Day Average Percent Positivity,0.046,04/11/2021,6337
Colorado,5763976,Daily COVID-19 PCR Test Data From Clinical Laboratories,03/31/2021,3-Day Average Percent Positivity,0.048,04/11/2021,6338
Colorado,5763976,Daily COVID-19 Antibody Test Data From Clinical Laboratories,03/31/2021,Antibody Tests Performed,788,04/11/2021,6339
Colorado,5763976,Daily COVID-19 Antibody Test Data From Clinical Laboratories,03/31/2021,Number of negative tests,401,04/11/2021,6340
Colorado,5763976,Daily COVID-19 Antibody Test Data From Clinical Laboratories,03/31/2021,Number of positive tests,387,04/11/2021,6341
Colorado,5763976,Daily COVID-19 Antibody Test Data From Clinical Laboratories,03/31/2021,Total Tests per 100K People,13.671,04/11/2021,6342
Colorado,5763976,Daily COVID-19 Antibody Test Data From Clinical Laboratories,03/31/2021,Percent Positivity,0.491,04/11/2021,6343
Colorado,5763976,Daily COVID-19 Antibody Test Data From Clinical Laboratories,03/31/2021,7-Day Average Percent Positivity,0.275,04/11/2021,6344
Colorado,5763976,Daily COVID-19 Antibody Test Data From Clinical Laboratories,03/31/2021,3-Day Average Percent Positivity,0.358,04/11/2021,6345
Colorado,5763976,Daily COVID-19 Antibody Test Data From Clinical Laboratories,03/31/2021,Cumulative Antibody Tests Performed,494494,04/11/2021,6346
Colorado,5763976,Daily COVID-19 PCR Test Data From Clinical Laboratories,04/01/2021,Percent Positivity,0.049,04/11/2021,6347
Colorado,5763976,Daily COVID-19 PCR Test Data From Clinical Laboratories,04/01/2021,People Tested at CDPHE State Lab,10288,04/11/2021,6348
Colorado,5763976,Daily COVID-19 PCR Test Data From Clinical Laboratories,04/01/2021,People Tested at Non-CDPHE (Commerical) Labs,23794,04/11/2021,6349
Colorado,5763976,Daily COVID-19 PCR Test Data From Clinical Laboratories,04/01/2021,Cumulative People Tested at CDPHE State Lab,1502101,04/11/2021,6350
Colorado,5763976,Daily COVID-19 PCR Test Data From Clinical Laboratories,04/01/2021,Cumulative People Tested at Non-CDPHE (Commerical) Labs,5550476,04/11/2021,6351
Colorado,5763976,Daily COVID-19 PCR Test Data From Clinical Laboratories,04/01/2021,7-Day Average Percent Positivity,0.048,04/11/2021,6352
Colorado,5763976,Daily COVID-19 PCR Test Data From Clinical Laboratories,04/01/2021,3-Day Average Percent Positivity,0.045,04/11/2021,6353
Colorado,5763976,Daily COVID-19 Antibody Test Data From Clinical Laboratories,04/01/2021,Antibody Tests Performed,890,04/11/2021,6354
Colorado,5763976,Daily COVID-19 Antibody Test Data From Clinical Laboratories,04/01/2021,Number of negative tests,462,04/11/2021,6355
Colorado,5763976,Daily COVID-19 Antibody Test Data From Clinical Laboratories,04/01/2021,Number of positive tests,428,04/11/2021,6356
Colorado,5763976,Daily COVID-19 Antibody Test Data From Clinical Laboratories,04/01/2021,Total Tests per 100K People,15.441,04/11/2021,6357
Colorado,5763976,Daily COVID-19 Antibody Test Data From Clinical Laboratories,04/01/2021,Percent Positivity,0.481,04/11/2021,6358
