Name,Desc_,Date,Cases,Tested,Test_Encounters,Deaths,DthCOVID19,Population,Rate,Hosp,Counties,Outbreaks,ObjectId
Colorado,State Data,11/27/2020,220953,1707374,3091838,2977,2521,5763976,3833.34,13287,64,2131,1
Colorado,State Data,11/28/2020,225283,1725452,3143227,2983,2521,5763976,3908.47,13369,64,2135,2
Colorado,State Data,11/29/2020,228772,1737952,3175126,3003,2521,5763976,3969,13428,64,2136,3
Colorado,State Data,11/30/2020,232905,1754047,3218851,3037,2656,5763976,4040.7,13488,64,2143,4
Colorado,State Data,12/01/2020,237310,1768098,3255541,3109,2695,5763976,4117.12,14116,64,2207,5
Colorado,State Data,12/02/2020,241172,1779383,3288900,3193,2708,5763976,4184.13,14363,64,2310,6
Colorado,State Data,12/03/2020,247209,1797377,3343095,3320,2716,5763976,4288.86,14579,64,2336,7
Colorado,State Data,12/04/2020,252222,1815644,3397074,3338,2724,5763976,4375.83,14762,64,2357,8
Colorado,State Data,12/05/2020,257347,1815644,3442114,3357,2724,5763976,4464.75,14844,64,2383,9
Colorado,State Data,12/06/2020,260581,1858341,3478160,3356,2724,5763976,4520.86,14868,64,2386,10
Colorado,State Data,12/07/2020,264618,1873788,3516003,3358,2776,5763976,4590.89,14904,64,2403,11
Colorado,State Data,12/08/2020,268589,1888010,3551451,3372,2784,5763976,4659.79,14957,64,2403,12
Colorado,State Data,12/09/2020,272346,1899570,3591797,3639,2933,5763976,4724.97,15520,64,2526,13
Colorado,State Data,12/10/2020,276995,1914803,3642518,3759,3005,5763976,4805.62,15656,64,2558,14
Colorado,State Data,12/11/2020,281673,1928989,3691463,3846,3012,5763976,4886.78,15949,64,2583,15
Colorado,State Data,12/12/2020,285634,1943859,3738103,3871,3012,5763976,4955.5,16092,64,2609,16
Colorado,State Data,12/13/2020,288193,1955606,3773301,3958,3012,5763976,4999.9,16126,64,2614,17
Colorado,State Data,12/14/2020,291104,1968881,3809889,3969,3086,5763976,5050.4,16174,64,2631,18
Colorado,State Data,12/15/2020,293382,1975685,3841825,4085,3218,5763976,5089.92,16487,64,2670,19
Colorado,State Data,12/16/2020,296716,1985750,3877267,4156,3230,5763976,5147.77,16614,64,2736,20
Colorado,State Data,12/17/2020,300414,1998476,3924072,4226,3321,5763976,5211.92,16704,64,2767,21
Colorado,State Data,12/18/2020,304107,2012614,3971864,4259,3427,5763976,5275.99,17020,64,2804,22
Colorado,State Data,12/19/2020,306598,2022465,4004868,4339,3427,5763976,5319.21,17130,64,2816,23
Colorado,State Data,12/20/2020,308890,2034633,4044560,4368,3427,5763976,5358.97,17171,64,2820,24
Colorado,State Data,12/21/2020,311036,2047121,4076421,4378,3511,5763976,5396.21,17228,64,2828,25
Colorado,State Data,12/22/2020,313552,2056794,4110742,4369,3601,5763976,5439.86,17481,64,2877,26
Colorado,State Data,12/23/2020,316500,2070197,4153784,4462,3605,5763976,5491,17642,64,2942,27
Colorado,State Data,12/24/2020,319530,2083547,4197950,4550,3605,5763976,5543.57,17793,64,2953,28
Colorado,State Data,12/25/2020,322189,2096501,4251042,4586,3605,5763976,5589.7,17839,64,2955,29
Colorado,State Data,12/26/2020,323619,2102272,4274788,4592,3605,5763976,5614.51,17860,64,2959,30
Colorado,State Data,12/27/2020,325018,2107776,4306571,4610,3605,5763976,5638.78,17912,64,2959,31
Colorado,State Data,12/28/2020,326668,2114256,4328896,4631,3717,5763976,5667.41,17962,64,2965,32
Colorado,State Data,12/29/2020,328408,2118974,4343409,4687,3803,5763976,5697.59,18230,64,2986,33
Colorado,State Data,12/30/2020,330859,2126572,4368131,4750,3901,5763976,5740.12,18502,64,3022,34
Colorado,State Data,12/31/2020,334097,2135590,4406667,4814,3907,5763976,5796.29,18598,64,3039,35
Colorado,State Data,01/01/2021,337161,2145411,4444206,4873,3907,5763976,5849.45,18651,64,3052,36
Colorado,State Data,01/02/2021,339172,2151952,4474747,4912,3907,5763976,5884.34,18678,64,3052,37
Colorado,State Data,01/03/2021,341250,2158828,4502496,4934,3907,5763976,5920.39,18713,64,3053,38
Colorado,State Data,01/04/2021,343435,2166012,4529774,4944,3907,5763976,5958.3,18747,64,3065,39
Colorado,State Data,01/05/2021,346893,2183221,4562056,4991,3921,5763976,6018.29,18818,64,3091,40
Colorado,State Data,01/06/2021,349450,2195311,4597755,5050,3986,5763976,6062.66,19703,64,3145,41
Colorado,State Data,01/07/2021,352923,2207688,4649434,5102,4107,5763976,6122.91,19734,64,3156,42
Colorado,State Data,01/08/2021,356110,2218507,4692994,5138,4107,5763976,6178.2,19855,64,3174,43
Colorado,State Data,01/09/2021,358947,2229924,4736803,5190,4107,5763976,6227.42,19962,64,3179,44
Colorado,State Data,01/10/2021,361148,2239917,4770751,5208,4107,5763976,6265.61,19985,64,3179,45
Colorado,State Data,01/11/2021,362825,2247455,4798163,5213,4183,5763976,6294.7,20015,64,3187,46
Colorado,State Data,01/12/2021,364336,2253022,4821636,5242,4281,5763976,6320.91,20280,64,3209,47
Colorado,State Data,01/13/2021,366774,2262372,4856955,5285,4386,5763976,6363.21,20432,64,3262,48
Colorado,State Data,01/14/2021,369177,2270762,4895837,5316,4410,5763976,6404.9,20526,64,3273,49
Colorado,State Data,01/15/2021,371458,2279614,4937103,5343,4502,5763976,6444.48,20627,64,3281,50
Colorado,State Data,01/16/2021,373483,2288202,4973741,5363,4502,5763976,6479.61,20664,64,3286,51
Colorado,State Data,06/27/2020,32022,310883,,1674,1482,5694287,562.35,5399,61,350,52
Colorado,State Data,06/28/2020,32307,316734,,1676,1482,5694287,567.36,5401,61,350,53
Colorado,State Data,06/29/2020,32511,320997,,1682,1508,5694287,570.94,5442,61,353,54
Colorado,State Data,06/30/2020,32715,324632,,1690,1520,5694287,574.52,5489,61,353,55
Colorado,State Data,07/01/2020,33029,330359,,1697,1520,5694287,580.04,5513,61,362,56
Colorado,State Data,07/02/2020,33352,337391,,1701,1521,5694287,585.71,5527,61,362,57
Colorado,State Data,07/03/2020,33619,342857,,1701,1521,5694287,590.4,5537,61,364,58
Colorado,State Data,07/04/2020,33866,347821,,1701,1521,5694287,594.74,5550,61,366,59
Colorado,State Data,07/05/2020,34065,352758,,1701,1521,5694287,598.23,5565,61,366,60
Colorado,State Data,07/06/2020,34257,357751,,1691,1542,5694287,601.6,5591,61,367,61
Colorado,State Data,07/07/2020,34664,362145,,1696,1542,5694287,608.75,5741,61,371,62
Colorado,State Data,07/08/2020,35116,367724,,1704,1544,5694287,616.69,5820,61,384,63
Colorado,State Data,07/09/2020,35525,374161,,1706,1581,5694287,623.87,5831,61,387,64
Colorado,State Data,07/10/2020,36191,382859,,1724,1586,5694287,635.57,5864,61,391,65
Colorado,State Data,07/11/2020,36591,389099,,1725,1586,5694287,642.59,5885,61,398,66
Colorado,State Data,07/12/2020,36913,396363,,1725,1586,5694287,648.25,5895,61,398,67
Colorado,State Data,07/13/2020,37242,401942,,1727,1589,5694287,654.02,5941,61,401,68
Colorado,State Data,07/14/2020,37686,406967,,1738,1594,5694287,661.82,5963,62,403,69
Colorado,State Data,07/15/2020,38155,413187,,1744,1601,5694287,670.06,5950,62,414,70
Colorado,State Data,07/16/2020,38726,421313,,1745,1615,5694287,680.09,5966,62,420,71
Colorado,State Data,07/17/2020,39344,427699,,1751,1615,5694287,690.94,5994,63,424,72
Colorado,State Data,07/18/2020,39788,432848,,1752,1615,5694287,698.74,6019,63,427,73
Colorado,State Data,07/19/2020,40142,439068,,1752,1615,5694287,704.95,6032,63,427,74
Colorado,State Data,07/20/2020,40566,448204,,1758,1615,5694287,712.4,6057,63,428,75
Colorado,State Data,07/21/2020,41059,454290,,1763,1643,5694287,721.06,6110,63,435,76
Colorado,State Data,07/22/2020,41698,462275,,1771,1643,5694287,732.28,6133,63,446,77
Colorado,State Data,07/23/2020,42314,467726,594731,1786,1645,5694287,734.78,6149,63,452,78
Colorado,State Data,07/24/2020,42980,476586,608070,1790,1661,5694287,746.34,6227,63,455,79
Colorado,State Data,07/25/2020,43789,487235,624351,1794,1661,5694287,760.39,6261,63,457,80
Colorado,State Data,07/26/2020,44336,494626,635575,1794,1661,5694287,769.89,6268,63,457,81
Colorado,State Data,07/27/2020,44565,497265,638968,1799,1668,5694287,773.87,6271,63,457,82
Colorado,State Data,07/28/2020,45314,509012,656305,1807,1679,5694287,795.78,6319,63,463,83
Colorado,State Data,07/29/2020,45796,516502,668245,1822,1688,5694287,804.6,6398,63,473,84
Colorado,State Data,07/30/2020,46204,523174,678823,1822,1691,5694287,811.41,6413,63,477,85
Colorado,State Data,07/31/2020,46809,530220,691365,1838,1691,5694287,822.03,6441,63,479,86
Colorado,State Data,08/01/2020,47267,537382,703954,1844,1691,5694287,830.08,6465,63,481,87
Colorado,State Data,08/02/2020,47716,544023,714560,1844,1691,5694287,837.96,6474,63,481,88
Colorado,State Data,08/03/2020,47968,548808,721921,1844,1710,5694287,842.39,6487,63,483,89
Colorado,State Data,08/04/2020,48394,552205,727026,1849,1710,5694287,849.87,6516,63,488,90
Colorado,State Data,08/05/2020,48988,562086,754644,1851,1717,5694287,860.3,6536,63,502,91
Colorado,State Data,08/06/2020,49436,568127,766473,1852,1729,5694287,868.17,6572,63,509,92
Colorado,State Data,08/07/2020,49893,575894,779670,1857,1736,5694287,876.19,6582,63,514,93
Colorado,State Data,08/08/2020,50324,582639,791022,1857,1736,5694287,883.76,6602,63,513,94
Colorado,State Data,08/09/2020,50660,588547,801739,1858,1736,5694287,889.66,6616,63,513,95
Colorado,State Data,08/10/2020,51039,593794,810276,1863,1746,5694287,896.32,6627,63,514,96
Colorado,State Data,08/11/2020,51441,597867,817422,1875,1751,5694287,903.38,6679,63,519,97
Colorado,State Data,08/12/2020,51756,602296,825062,1875,1756,5694287,908.91,6685,63,532,98
Colorado,State Data,08/13/2020,52219,609824,837290,1882,1763,5694287,917.04,6700,63,536,99
Colorado,State Data,08/14/2020,52538,616772,848795,1888,1768,5694287,922.64,6718,63,540,100
Colorado,State Data,08/15/2020,52838,622745,859734,1896,1768,5694287,927.91,6727,63,541,101
Colorado,State Data,08/16/2020,53176,631008,873051,1896,1768,5694287,933.85,6735,63,542,102
Colorado,State Data,03/17/2020,183,1790,,2,,5694287,3.21,20,19,,103
Colorado,State Data,03/18/2020,216,2328,,2,,5694287,3.79,26,20,,104
Colorado,State Data,03/19/2020,277,2952,,2,,5694287,4.86,42,22,,105
Colorado,State Data,03/20/2020,363,3680,,4,,5694287,6.37,44,24,,106
Colorado,State Data,03/21/2020,475,4550,,5,,5694287,8.34,49,29,,107
Colorado,State Data,03/22/2020,591,5436,,6,,5694287,10.38,58,29,5,108
Colorado,State Data,03/23/2020,720,6224,,7,,5694287,12.64,72,31,5,109
Colorado,State Data,03/24/2020,912,7701,,11,,5694287,16.02,84,35,7,110
Colorado,State Data,03/25/2020,1086,8064,,19,,5694287,19.07,148,36,9,111
Colorado,State Data,03/26/2020,1430,10122,,24,,5694287,25.11,184,39,9,112
Colorado,State Data,03/27/2020,1734,11676,,31,,5694287,30.45,239,42,9,113
Colorado,State Data,03/28/2020,2061,13276,,44,,5694287,36.19,274,44,10,114
Colorado,State Data,03/29/2020,2307,14470,,47,,5694287,40.51,326,46,10,115
Colorado,State Data,03/30/2020,2627,15364,,51,,5694287,46.13,414,47,14,116
Colorado,State Data,03/31/2020,2966,16849,,69,,5694287,52.09,509,50,16,117
Colorado,State Data,04/01/2020,3342,18645,,80,,5694287,58.69,620,50,17,118
Colorado,State Data,04/02/2020,3728,20411,,97,,5694287,65.47,710,51,21,119
Colorado,State Data,08/17/2020,53370,636081,881252,1896,1778,5694287,937.26,6739,63,545,120
Colorado,State Data,04/03/2020,4173,22071,,111,,5694287,73.28,823,53,27,121
Colorado,State Data,04/04/2020,4565,23900,,126,,5694287,80.17,875,54,30,122
Colorado,State Data,04/05/2020,4950,25773,,140,,5694287,86.93,924,54,37,123
Colorado,State Data,04/06/2020,5172,26875,,150,,5694287,90.83,994,54,41,124
Colorado,State Data,04/07/2020,5429,28094,,179,,5694287,95.34,1079,54,44,125
Colorado,State Data,04/08/2020,5655,29199,,193,,5694287,99.31,1162,54,48,126
Colorado,State Data,04/09/2020,6202,31180,,226,,5694287,108.92,1221,56,54,127
Colorado,State Data,04/10/2020,6510,32653,,250,,5694287,114.33,1312,56,59,128
Colorado,State Data,04/11/2020,6893,34873,,274,,5694287,121.05,1376,56,67,129
Colorado,State Data,04/12/2020,7303,37153,,290,,5694287,128.25,1417,56,68,130
Colorado,State Data,04/13/2020,7691,38742,,308,,5694287,135.07,1493,56,72,131
Colorado,State Data,04/14/2020,7941,39580,,329,,5694287,139.46,1556,56,78,132
Colorado,State Data,04/15/2020,8280,40533,,357,,5694287,145.41,1636,56,83,133
Colorado,State Data,04/16/2020,8675,41830,,374,,5694287,152.35,1693,56,93,134
Colorado,State Data,04/17/2020,9047,43307,,391,,5694287,158.88,1755,57,100,135
Colorado,State Data,04/18/2020,9433,44606,,411,,5694287,165.66,1797,56,107,136
Colorado,State Data,04/19/2020,9730,46195,,422,,5694287,170.87,1813,56,111,137
Colorado,State Data,04/20/2020,10106,47466,,449,,5694287,177.48,1880,56,113,138
Colorado,State Data,04/21/2020,10447,48704,,486,,5694287,183.46,2003,56,119,139
Colorado,State Data,04/22/2020,10878,50645,,508,,5694287,191.03,2123,56,123,140
Colorado,State Data,04/23/2020,11262,52324,,552,,5694287,197.78,2237,56,130,141
Colorado,State Data,04/24/2020,12255,56789,,674,,5694287,215.22,2366,56,134,142
Colorado,State Data,04/25/2020,12968,59791,,672,,5694287,227.74,2410,57,141,143
Colorado,State Data,04/26/2020,13441,63274,,680,,5694287,236.04,2438,57,143,144
Colorado,State Data,04/27/2020,13879,66341,,706,,5694287,243.74,2485,56,144,145
Colorado,State Data,04/28/2020,14316,67094,,736,,5694287,251.41,2571,56,149,146
Colorado,State Data,04/29/2020,14758,69449,,766,,5694287,259.17,2621,56,157,147
Colorado,State Data,04/30/2020,15284,72390,,777,,5694287,268.37,2697,56,159,148
Colorado,State Data,05/01/2020,15768,75259,,820,,5694287,276.91,2747,56,161,149
Colorado,State Data,05/02/2020,16225,78179,,832,,5694287,284.93,2793,56,163,150
Colorado,State Data,05/03/2020,16635,81352,,842,,5694287,292.13,2799,56,163,151
Colorado,State Data,05/04/2020,16907,83266,,851,,5694287,296.91,2838,56,163,152
Colorado,State Data,05/05/2020,17364,85976,,903,,5694287,304.94,2919,56,170,153
Colorado,State Data,10/07/2020,74922,974863,1477301,2085,1990,5763976,1299.83,7771,64,833,154
Colorado,State Data,05/06/2020,17830,89529,,921,,5694287,313.12,2986,57,174,155
Colorado,State Data,05/07/2020,18371,92267,,944,,5694287,322.62,3557,59,178,156
Colorado,State Data,01/17/2021,374981,2296100,5007126,5379,4502,5763976,6505.6,20687,64,3286,157
Colorado,State Data,05/08/2020,18827,96772,,960,,5694287,330.63,3600,59,184,158
Colorado,State Data,05/09/2020,19375,100610,,967,,5694287,340.25,3623,59,188,159
Colorado,State Data,05/10/2020,19703,104077,,971,,5694287,346.01,3631,60,190,160
Colorado,State Data,05/11/2020,19879,106761,,987,,5694287,349.1,3663,60,192,161
Colorado,State Data,05/12/2020,20157,109304,,1009,,5694287,353.99,3695,60,199,162
Colorado,State Data,05/13/2020,20475,112505,,1062,,5694287,359.57,3735,60,206,163
Colorado,State Data,05/14/2020,20838,115996,,1091,,5694287,365.95,3789,60,208,164
Colorado,State Data,05/15/2020,21232,119759,,1150,878,5694287,372.86,3842,60,213,165
Colorado,State Data,05/16/2020,21633,123422,,1192,878,5694287,379.91,3866,60,222,166
Colorado,State Data,05/17/2020,21938,126330,,1215,878,5694287,385.26,3872,60,223,167
Colorado,State Data,05/18/2020,22202,129159,,1224,921,5694287,389.9,3899,60,228,168
Colorado,State Data,05/19/2020,22482,131837,,1257,968,5694287,394.82,3955,60,240,169
Colorado,State Data,05/20/2020,22797,135611,,1299,1001,5694287,400.35,3990,60,249,170
Colorado,State Data,05/21/2020,23191,139937,,1310,1062,5694287,407.27,4037,60,256,171
Colorado,State Data,05/22/2020,23487,142667,,1324,1088,5694287,412.47,4082,60,260,172
Colorado,State Data,05/23/2020,23964,147744,,1327,1088,5694287,420.84,4105,60,263,173
Colorado,State Data,05/24/2020,24174,150308,,1332,1088,5694287,424.53,4119,60,264,174
Colorado,State Data,05/25/2020,24269,153683,,1333,1088,5694287,426.2,4128,60,266,175
Colorado,State Data,05/26/2020,24565,157036,,1352,1114,5694287,431.4,4160,60,267,176
Colorado,State Data,05/27/2020,24767,160796,,1392,1135,5694287,434.94,4196,60,271,177
Colorado,State Data,05/28/2020,25121,166596,,1421,1168,5694287,441.16,4254,60,272,178
Colorado,State Data,05/29/2020,25613,173300,,1436,1181,5694287,449.8,4307,60,277,179
Colorado,State Data,05/30/2020,26098,178196,,1443,1181,5694287,458.32,4333,60,280,180
Colorado,State Data,05/31/2020,26378,183947,,1445,1181,5694287,463.24,4347,60,281,181
Colorado,State Data,06/01/2020,26577,188069,,1458,1185,5694287,466.73,4372,60,282,182
Colorado,State Data,06/02/2020,26788,190700,,1474,1228,5694287,470.44,4419,60,284,183
Colorado,State Data,06/03/2020,27060,194697,,1494,1254,5694287,475.21,4443,60,292,184
Colorado,State Data,06/04/2020,27360,200912,,1512,1255,5694287,480.48,4460,60,294,185
Colorado,State Data,06/05/2020,27615,205761,,1524,1274,5694287,484.96,4472,60,296,186
Colorado,State Data,06/06/2020,27848,210485,,1527,1274,5694287,489.05,4480,60,299,187
Colorado,State Data,06/07/2020,28001,214940,,1527,1274,5694287,491.74,4485,60,299,188
Colorado,State Data,06/08/2020,28183,219331,,1543,1292,5694287,494.93,4859,60,299,189
Colorado,State Data,06/09/2020,28347,223534,,1553,1312,5694287,497.81,5025,60,301,190
Colorado,State Data,06/10/2020,28499,227761,,1573,1328,5694287,500.48,5035,60,306,191
Colorado,State Data,06/11/2020,28647,231763,,1583,1339,5694287,503.08,5057,60,308,192
Colorado,State Data,06/12/2020,28822,236461,,1595,1348,5694287,506.16,5234,60,308,193
Colorado,State Data,06/13/2020,29017,242034,,1598,1348,5694287,509.58,5244,60,309,194
Colorado,State Data,06/14/2020,29130,246478,,1599,1348,5694287,511.57,5244,60,312,195
Colorado,State Data,06/15/2020,29299,250523,,1605,1373,5694287,514.53,5269,60,314,196
Colorado,State Data,06/16/2020,29442,254020,,1617,1373,5694287,517.04,5272,60,318,197
Colorado,State Data,06/17/2020,29673,259546,,1631,1402,5694287,521.1,5294,60,323,198
Colorado,State Data,06/18/2020,29901,264466,,1638,1417,5694287,525.11,5308,60,324,199
Colorado,State Data,06/19/2020,30187,270335,,1643,1429,5694287,530.13,5318,60,327,200
Colorado,State Data,06/20/2020,30349,275645,,1647,1429,5694287,532.97,5323,60,327,201
Colorado,State Data,06/21/2020,30539,280033,,1647,1429,5694287,536.31,5327,60,330,202
Colorado,State Data,06/22/2020,30705,285130,,1651,1438,5694287,539.22,5343,60,330,203
Colorado,State Data,06/23/2020,30893,288079,,1665,1455,5694287,542.53,5366,60,333,204
Colorado,State Data,06/24/2020,31155,293284,,1667,1457,5694287,547.13,5375,60,337,205
Colorado,State Data,06/25/2020,31479,299772,,1669,1475,5694287,552.82,5386,61,338,206
Colorado,State Data,06/26/2020,31796,304759,,1673,1482,5694287,558.38,5392,61,349,207
Colorado,State Data,08/18/2020,53631,640250,887859,1899,1788,5694287,941.84,6781,63,552,208
Colorado,State Data,08/19/2020,53901,645170,895207,1900,1800,5694287,946.58,6784,63,561,209
Colorado,State Data,08/20/2020,54230,651250,906693,1903,1815,5694287,952.36,6797,63,566,210
Colorado,State Data,08/21/2020,54586,657852,918926,1910,1815,5763976,947.02,6808,63,567,211
Colorado,State Data,08/22/2020,54883,663781,930152,1918,1815,5763976,952.17,6831,63,570,212
Colorado,State Data,08/23/2020,55143,668994,938596,1918,1815,5763976,956.68,6841,63,571,213
Colorado,State Data,08/24/2020,55341,673913,947645,1919,1824,5763976,960.12,6845,63,572,214
Colorado,State Data,08/25/2020,55800,678335,955641,1926,1826,5763976,968.08,6894,63,581,215
Colorado,State Data,08/26/2020,55993,682339,962754,1927,1835,5763976,971.43,6902,63,590,216
Colorado,State Data,08/27/2020,56343,687530,972990,1931,1835,5763976,977.5,6928,63,594,217
Colorado,State Data,08/28/2020,56773,695569,985622,1937,1843,5763976,984.96,6945,63,600,218
Colorado,State Data,08/29/2020,57041,701377,994951,1944,1843,5763976,989.61,6993,63,602,219
Colorado,State Data,08/30/2020,57223,706067,1002802,1944,1843,5763976,992.77,7010,63,604,220
Colorado,State Data,08/31/2020,57424,710923,1009970,1945,1849,5763976,996.26,7028,63,604,221
Colorado,State Data,09/01/2020,57775,714501,1014642,1946,1853,5763976,1002.35,7053,63,607,222
Colorado,State Data,09/02/2020,58019,719148,1021497,1952,1853,5763976,1006.58,7090,63,624,223
Colorado,State Data,09/03/2020,58287,725095,1029791,1955,1861,5763976,1011.23,7104,63,625,224
Colorado,State Data,09/04/2020,58655,732022,1040752,1966,1866,5763976,1017.61,7125,63,628,225
Colorado,State Data,09/05/2020,58989,738563,1051084,1971,1866,5763976,1023.41,7134,63,631,226
Colorado,State Data,09/06/2020,59274,744443,1059557,1972,1866,5763976,1028.35,7138,63,631,227
Colorado,State Data,09/07/2020,59487,750290,1069606,1973,1866,5763976,1032.05,7142,63,631,228
Colorado,State Data,09/08/2020,59674,753209,1073979,1973,1868,5763976,1035.29,7161,63,634,229
Colorado,State Data,09/09/2020,59920,756298,1079276,1977,1882,5763976,1039.56,7173,63,646,230
Colorado,State Data,09/10/2020,60185,760610,1087199,1979,1889,5763976,1044.16,7186,63,652,231
Colorado,State Data,09/11/2020,60492,766113,1097985,1985,1889,5763976,1049.48,7208,63,655,232
Colorado,State Data,09/12/2020,60907,773285,1111572,1988,1889,5763976,1056.68,7223,63,658,233
Colorado,State Data,09/13/2020,61324,780305,1124181,1988,1889,5763976,1063.92,7227,63,660,234
Colorado,State Data,09/14/2020,61699,786511,1134666,1990,1894,5763976,1070.42,7240,63,662,235
Colorado,State Data,09/15/2020,62099,791439,1143941,1996,1905,5763976,1077.36,7262,63,670,236
Colorado,State Data,09/16/2020,62686,797493,1153853,2002,1905,5763976,1087.55,7288,63,681,237
Colorado,State Data,09/17/2020,63145,804767,1166910,2006,1911,5763976,1095.51,7327,63,684,238
Colorado,State Data,09/18/2020,63750,813355,1181829,2009,1913,5763976,1106.01,7347,63,691,239
Colorado,State Data,09/19/2020,64356,821128,1195379,2013,1913,5763976,1116.52,7357,63,698,240
Colorado,State Data,09/20/2020,64857,828108,1208425,2014,1913,5763976,1125.21,7363,63,697,241
Colorado,State Data,09/21/2020,65399,834277,1219137,2018,1914,5763976,1134.62,7373,63,701,242
Colorado,State Data,09/22/2020,66053,840452,1232288,2025,1926,5763976,1145.96,7416,63,709,243
Colorado,State Data,09/23/2020,66669,848906,1245745,2030,1926,5763976,1156.65,7444,63,717,244
Colorado,State Data,09/24/2020,67217,858108,1260861,2033,1935,5763976,1166.16,7454,64,724,245
Colorado,State Data,09/25/2020,67926,867943,1277613,2037,1940,5763976,1178.46,7479,64,728,246
Colorado,State Data,09/26/2020,68510,878021,1295655,2040,1940,5763976,1188.59,7520,64,736,247
Colorado,State Data,09/27/2020,69079,888539,1313403,2041,1940,5763976,1198.46,7523,64,736,248
Colorado,State Data,09/28/2020,69490,894996,1326642,2044,1945,5763976,1205.59,7530,64,738,249
Colorado,State Data,09/29/2020,70025,902242,1341180,2046,1952,5763976,1214.87,7558,64,748,250
Colorado,State Data,09/30/2020,70536,911426,1357159,2051,1960,5763976,1223.74,7568,64,770,251
Colorado,State Data,10/01/2020,71218,922232,1376920,2054,1962,5763976,1235.57,7579,64,778,252
Colorado,State Data,10/02/2020,71898,932914,1396346,2057,1968,5763976,1247.37,7653,64,790,253
Colorado,State Data,10/03/2020,72555,942339,1414336,2060,1968,5763976,1258.77,7666,64,797,254
Colorado,State Data,10/04/2020,73076,950759,1430540,2068,1968,5763976,1267.81,7673,64,798,255
Colorado,State Data,10/05/2020,73537,957533,1444262,2069,1983,5763976,1275.8,7693,64,802,256
Colorado,State Data,10/06/2020,74191,965449,1459332,2081,1983,5763976,1287.15,7721,64,817,257
Colorado,State Data,01/18/2021,376171,2301784,5032041,5386,4502,5763976,6526.24,20717,64,3295,258
Colorado,State Data,10/08/2020,75785,984996,1496198,2095,1997,5763976,1314.8,7834,64,846,259
Colorado,State Data,01/19/2021,377856,2309773,5057763,5388,4502,5763976,6555.47,20769,64,3310,260
Colorado,State Data,01/20/2021,379227,2315974,5098541,5422,4579,5763976,6579.26,20977,64,3334,261
Colorado,State Data,01/21/2021,381210,2325573,5140301,5440,4708,5763976,6613.66,21041,64,3350,262
Colorado,State Data,01/22/2021,383008,2334170,5185408,5462,4709,5763976,6644.86,21146,64,3374,263
Colorado,State Data,01/23/2021,384966,2343097,5221165,5482,4709,5763976,6678.83,21219,64,3400,264
Colorado,State Data,01/24/2021,386285,2350150,5246911,5505,4709,5763976,6701.71,21237,64,3402,265
Colorado,State Data,01/25/2021,387462,2356131,5263473,5512,4775,5763976,6722.13,21263,64,3416,266
Colorado,State Data,01/26/2021,388620,2361191,5279863,5517,4817,5763976,6742.22,21562,64,3428,267
Colorado,State Data,01/27/2021,390258,2368241,5310316,5552,4881,5763976,6770.64,21610,64,3474,268
Colorado,State Data,01/28/2021,391699,2375776,5342864,5569,4892,5763976,6795.64,21713,64,3483,269
Colorado,State Data,01/29/2021,393421,2385829,5393734,5594,4928,5763976,6825.51,21744,64,3496,270
Colorado,State Data,01/30/2021,395016,2393750,5426059,5616,4928,5763976,6853.19,21812,64,3499,271
Colorado,State Data,01/31/2021,396179,2400563,5452050,5637,4928,5763976,6873.36,21833,64,3502,272
Colorado,State Data,02/01/2021,397063,2405879,5467870,5641,5313,5763976,6888.7,21844,64,3519,273
Colorado,State Data,02/02/2021,397998,2410027,5482105,5650,5376,5763976,6904.92,21996,64,3546,274
Colorado,State Data,02/03/2021,399267,2417653,5514198,5664,5390,5763976,6926.94,22117,64,3577,275
Colorado,State Data,02/04/2021,400851,2427143,5551135,5677,5431,5763976,6954.42,22176,64,3599,276
Colorado,State Data,02/05/2021,402714,2437626,5594425,5704,5454,5763976,6986.74,22258,64,3614,277
Colorado,State Data,02/06/2021,404255,2445999,5628286,5721,5454,5763976,7013.47,22277,64,3626,278
Colorado,State Data,02/07/2021,405289,2452636,5653529,5731,5454,5763976,7031.41,22306,64,3627,279
Colorado,State Data,02/08/2021,406276,2458468,5672214,5733,5515,5763976,7048.54,22329,64,3633,280
Colorado,State Data,02/09/2021,407210,2462310,5684631,5746,5537,5763976,7064.74,22561,64,3659,281
Colorado,State Data,02/10/2021,407961,2462310,5684631,5770,5537,5763976,7077.77,22616,64,3701,282
Colorado,State Data,02/11/2021,409683,2478316,5756150,5781,5568,5763976,7107.65,22655,64,3716,283
Colorado,State Data,02/12/2021,411774,2488609,5799358,5790,5581,5763976,7143.92,22703,64,3727,284
Colorado,State Data,02/13/2021,412983,2494870,5829955,5814,5581,5763976,7164.9,22778,64,3735,285
Colorado,State Data,02/14/2021,413836,2499994,5851957,5824,5581,5763976,7179.7,22797,64,3735,286
Colorado,State Data,02/15/2021,414369,2503262,5861313,5826,5581,5763976,7188.94,22812,64,3738,287
Colorado,State Data,02/16/2021,415037,2505587,5869369,5828,5655,5763976,7200.53,22837,64,3748,288
Colorado,State Data,02/17/2021,416174,2510639,5896201,5838,5656,5763976,7220.26,22922,64,3774,289
Colorado,State Data,02/18/2021,417415,2516358,5926792,5864,5684,5763976,7241.79,23047,64,3786,290
Colorado,State Data,02/19/2021,418695,2522901,5960772,5878,5719,5763976,7264,23101,64,3797,291
Colorado,State Data,02/20/2021,419812,2528072,5987245,5887,5719,5763976,7283.38,23156,64,3806,292
Colorado,State Data,02/21/2021,420614,2533271,6011339,5892,5719,5763976,7297.29,23169,64,3806,293
Colorado,State Data,02/22/2021,421294,2537701,6026476,5893,5723,5763976,7309.09,23183,64,3817,294
Colorado,State Data,02/23/2021,422390,2542555,6043583,5907,5802,5763976,7328.1,23293,64,3833,295
Colorado,State Data,02/24/2021,423558,2550473,6080273,5917,5837,5763976,7348.37,23349,64,3854,296
Colorado,State Data,02/25/2021,424677,2558435,6119346,5925,5860,5763976,7367.78,23385,64,3870,297
Colorado,State Data,02/26/2021,426198,2565792,6159303,5940,5874,5763976,7394.17,23438,64,3882,298
Colorado,State Data,02/27/2021,427462,2571888,6190522,5945,5874,5763976,7416.1,23459,64,3886,299
Colorado,State Data,02/28/2021,428303,2577355,6216201,5951,5874,5763976,7430.69,23476,64,3887,300
Colorado,State Data,03/01/2021,429839,2581721,6229855,5952,5903,5763976,7457.34,23550,64,3893,301
Colorado,State Data,03/02/2021,430615,2585390,6243861,5959,5927,5763976,7470.8,23593,64,3919,302
Colorado,State Data,03/03/2021,431670,2590863,6273669,5970,5954,5763976,7489.1,23735,64,3949,303
Note,Data is updated daily by about 4 p.m. and includes cases reported through the previous day.,,,,,,,,,,,,304
Note,The number of cases includes people who have had a test that indicated they were positive for COVID-19. The number of cases also includes epidemiologically-linked cases -- or cases where public health epidemiologists have determined that infection is highly likely because a person exhibited symptoms and had close contact with someone who tested positive. The number of epidemiologically-linked cases represents a very small portion of the reported cases.,,,,,,,,,,,,305
Note,Total people tested may not include all negative results. Testing data excludes serology and only counts PCR.,,,,,,,,,,,,306
Note,A person is counted once in the number of People Tested. A person is counted once each day they are tested in the number of Test Encounters.,,,,,,,,,,,,307
Note,Deaths due to COVID-19: https://www.cdc.gov/nchs/nvss/vsrr/covid19/index.htm (Table 2),,,,,,,,,,,,308
Colorado,State Data,10/09/2020,76619,995817,1518454,2103,1998,5763976,1329.27,7855,64,859,309
Colorado,State Data,10/10/2020,77642,1006847,1541162,2112,1998,5763976,1347.02,7879,64,862,310
Colorado,State Data,10/11/2020,78461,1017219,1560179,2113,1998,5763976,1361.23,7893,64,864,311
Colorado,State Data,10/12/2020,79037,1023316,1571329,2116,1998,5763976,1371.22,7915,64,867,312
Colorado,State Data,10/13/2020,80085,1032545,1588632,2153,2009,5763976,1389.41,8003,64,886,313
Colorado,State Data,10/14/2020,80777,1039775,1602956,2160,2025,5763976,1401.41,8068,64,897,314
Colorado,State Data,10/15/2020,81918,1050566,1625527,2162,2029,5763976,1421.21,8127,64,916,315
Colorado,State Data,10/16/2020,83230,1059831,1646557,2172,2042,5763976,1443.97,8169,64,929,316
Colorado,State Data,10/17/2020,84369,1069977,1668053,2176,2042,5763976,1463.73,8217,64,943,317
Colorado,State Data,10/18/2020,85302,1080158,1689313,2176,2042,5763976,1479.92,8227,64,946,318
Colorado,State Data,10/19/2020,86374,1089442,1708450,2180,2051,5763976,1498.51,8248,64,955,319
Colorado,State Data,10/20/2020,87582,1095721,1724038,2182,2060,5763976,1519.47,8332,64,971,320
Colorado,State Data,10/21/2020,88849,1103952,1742583,2194,2066,5763976,1541.45,8380,64,1011,321
Colorado,State Data,10/22/2020,90222,1113799,1764648,2198,2070,5763976,1565.27,8478,64,1028,322
Colorado,State Data,10/23/2020,91572,1124409,1790404,2211,2076,5763976,1588.7,8557,64,1043,323
Colorado,State Data,10/24/2020,93400,1137570,1818196,2218,2076,5763976,1620.41,8598,64,1056,324
Colorado,State Data,10/25/2020,95089,1149629,1842254,2223,2076,5763976,1649.71,8622,64,1057,325
Colorado,State Data,10/26/2020,97300,1168725,1874101,2226,2082,5763976,1688.07,8658,64,1064,326
Colorado,State Data,10/27/2020,98733,1177044,1892949,2236,2082,5763976,1712.93,8778,64,1099,327
Colorado,State Data,10/28/2020,100208,1185043,1910983,2249,2094,5763976,1738.52,8854,64,1142,328
Colorado,State Data,10/29/2020,102014,1196302,1936408,2268,2095,5763976,1769.85,8943,64,1166,329
Colorado,State Data,10/30/2020,104426,1207438,1963585,2278,2105,5763976,1811.7,9031,64,1197,330
Colorado,State Data,10/31/2020,107350,1222276,2004722,2285,2105,5763976,1862.43,9064,64,1216,331
Colorado,State Data,11/01/2020,109910,1236323,2034795,2288,2105,5763976,1906.84,9089,64,1216,332
Colorado,State Data,11/02/2020,112147,1249128,2060642,2292,2126,5763976,1945.65,9114,64,1221,333
Colorado,State Data,11/03/2020,114709,1259853,2082151,2311,2134,5763976,1990.1,9180,64,1268,334
Colorado,State Data,11/04/2020,117637,1272494,2109114,2333,2147,5763976,2040.9,9618,64,1337,335
Colorado,State Data,11/05/2020,121006,1287081,2141933,2353,2158,5763976,2099.35,9714,64,1350,336
Colorado,State Data,11/06/2020,124469,1303345,2177091,2376,2168,5763976,2159.43,9911,64,1378,337
Colorado,State Data,11/07/2020,127967,1320389,2214788,2389,2168,5763976,2220.12,9997,64,1403,338
Colorado,State Data,11/08/2020,130984,1334323,2245385,2394,2168,5763976,2272.46,10017,64,1408,339
Colorado,State Data,11/09/2020,134537,1351495,2274428,2408,2179,5763976,2334.1,10050,64,1426,340
Colorado,State Data,11/10/2020,138427,1367027,2306782,2427,2201,5763976,2401.59,10263,64,1472,341
Colorado,State Data,11/11/2020,142402,1387268,2347268,2443,2201,5763976,2470.55,10538,64,1551,342
Colorado,State Data,11/12/2020,147599,1389134,2391802,2468,2234,5763976,2560.72,10597,64,1572,343
Colorado,State Data,11/13/2020,154038,1415886,2443599,2504,2234,5763976,2672.43,10861,64,1597,344
Colorado,State Data,11/14/2020,159234,1436205,2485451,2525,2234,5763976,2762.57,11056,64,1637,345
Colorado,State Data,11/15/2020,163417,1454824,2523752,2546,2234,5763976,2835.14,11124,64,1650,346
Colorado,State Data,11/16/2020,167713,1472457,2560096,2578,2276,5763976,2909.68,11203,64,1666,347
Colorado,State Data,11/17/2020,172044,1491381,2599581,2608,2299,5763976,2984.81,11608,64,1718,348
Colorado,State Data,11/18/2020,176694,1511200,2640615,2651,2324,5763976,3065.49,11802,64,1810,349
Colorado,State Data,11/19/2020,182801,1537359,2695700,2730,2350,5763976,3171.44,11980,64,1853,350
Colorado,State Data,11/20/2020,188566,1563738,2752718,2745,2355,5763976,3271.46,12166,64,1873,351
Colorado,State Data,11/21/2020,194679,1589395,2807638,2787,2355,5763976,3377.51,12424,64,1906,352
Colorado,State Data,11/22/2020,198600,1611564,2855610,2806,2355,5763976,3445.54,12484,64,1908,353
Colorado,State Data,11/23/2020,202289,1630871,2901740,2810,2456,5763976,3509.54,12526,64,1925,354
Colorado,State Data,11/24/2020,206439,1645109,2939263,2860,2466,5763976,3581.54,12836,64,1990,355
Colorado,State Data,11/25/2020,210630,1662003,2980399,2906,2521,5763976,3654.25,13044,64,2086,356
Colorado,State Data,11/26/2020,216683,1689657,3046149,2957,2521,5763976,3759.26,13248,64,2117,357
